0 0.634033 0.583496 0.013184 0.013672
0 0.416992 0.384521 0.010742 0.008301
0 0.387695 0.381104 0.007812 0.008301
0 0.507812 0.365967 0.009766 0.006348
0 0.420166 0.359863 0.011230 0.008789
0 0.575928 0.351562 0.034668 0.021484
0 0.636475 0.316162 0.012207 0.010254
0 0.737305 0.309814 0.013672 0.015137
0 0.511963 0.298828 0.016113 0.008789
0 0.542725 0.274658 0.012207 0.007324
0 0.631836 0.250000 0.012695 0.008789
0 0.818115 0.211914 0.019043 0.020508
0 0.761719 0.136230 0.037109 0.030273
0 0.576172 0.213379 0.008789 0.006836
0 0.377686 0.374268 0.011230 0.011230