0 0.617188 0.775146 0.016602 0.012207
0 0.607910 0.730469 0.014648 0.009766
0 0.650391 0.596191 0.010742 0.014648
0 0.420654 0.429443 0.010254 0.007324
0 0.383789 0.398926 0.005859 0.006836
0 0.425781 0.382324 0.007812 0.006836
0 0.601318 0.380615 0.016113 0.011230
0 0.584961 0.369141 0.015625 0.010742
0 0.291016 0.351074 0.010742 0.010742
0 0.513428 0.340332 0.008301 0.006836
0 0.654785 0.342285 0.012695 0.012695
0 0.755127 0.339844 0.011230 0.013672
0 0.548584 0.337646 0.013184 0.010254
0 0.532715 0.319824 0.012695 0.007812
0 0.562500 0.297119 0.012695 0.008301
0 0.654053 0.276611 0.010254 0.009277
0 0.576660 0.274902 0.012695 0.008789
0 0.690674 0.068848 0.019043 0.012695