0 0.605469 0.780029 0.016602 0.012207
0 0.598145 0.734619 0.014648 0.010254
0 0.645996 0.602539 0.010742 0.014648
0 0.416748 0.431152 0.011230 0.008789
0 0.345215 0.391602 0.009766 0.010742
0 0.520508 0.386230 0.005859 0.005859
0 0.597900 0.376953 0.014160 0.009766
0 0.579834 0.366455 0.016113 0.011230
0 0.540771 0.337402 0.016113 0.011719
0 0.649170 0.336426 0.012207 0.011719
0 0.749512 0.331543 0.010742 0.012695
0 0.526123 0.317871 0.014160 0.008789
0 0.570557 0.271484 0.013184 0.007812
0 0.648438 0.271729 0.012695 0.010254
0 0.678955 0.061768 0.022949 0.013184
0 0.320312 0.374756 0.011719 0.012207