0 0.510254 0.804199 0.021484 0.013672
0 0.237793 0.768799 0.005859 0.005371
0 0.496094 0.747070 0.030273 0.010742
0 0.625732 0.707520 0.016113 0.012695
0 0.541504 0.700684 0.009766 0.006836
0 0.089355 0.669922 0.047852 0.063477
0 0.270996 0.644531 0.013672 0.016602
0 0.126953 0.615234 0.033203 0.070312
0 0.215576 0.551758 0.023926 0.050781
0 0.373047 0.530762 0.009766 0.009766
0 0.086182 0.533203 0.021973 0.037109
0 0.233154 0.502197 0.020020 0.025879
0 0.603516 0.474121 0.005859 0.005859
0 0.392334 0.472168 0.006348 0.005859
0 0.166992 0.473877 0.012695 0.020996
0 0.520752 0.463867 0.006348 0.005859
0 0.763428 0.445557 0.008301 0.013184
0 0.663574 0.441406 0.007812 0.008789
0 0.931885 0.440918 0.006348 0.010742
0 0.073242 0.437744 0.026367 0.043457
0 0.190186 0.422119 0.019043 0.027832
0 0.578857 0.390625 0.008301 0.006836
0 0.672607 0.377930 0.008301 0.008789
0 0.596436 0.378418 0.010254 0.009766
0 0.135010 0.382812 0.020020 0.032227
0 0.651123 0.367676 0.015137 0.011719
0 0.046631 0.361328 0.010254 0.018555
0 0.086670 0.362305 0.016113 0.027344
0 0.976074 0.353271 0.008789 0.020020
0 0.908447 0.284912 0.010254 0.013184
0 0.932617 0.251953 0.014648 0.022461
0 0.693848 0.229248 0.019531 0.016113
0 0.703857 0.204834 0.018066 0.014160
0 0.758057 0.180908 0.015137 0.015137
0 0.621094 0.331299 0.009766 0.008301