0 0.465576 0.985352 0.027832 0.007812
0 0.585693 0.903076 0.040527 0.041504
0 0.345459 0.833496 0.017090 0.011719
0 0.325195 0.758789 0.046875 0.057617
0 0.078125 0.701660 0.036133 0.039062
0 0.117432 0.682861 0.017090 0.029785
0 0.181641 0.662842 0.031250 0.037598
0 0.355225 0.611084 0.012207 0.010254
0 0.032471 0.620117 0.035645 0.046875
0 0.210205 0.603027 0.031738 0.030273
0 0.293457 0.524658 0.022461 0.020020
0 0.063477 0.520508 0.025391 0.030273
0 0.155762 0.515137 0.034180 0.044922
0 0.303955 0.474854 0.025879 0.020020
0 0.403564 0.445312 0.006348 0.005859
0 0.239014 0.447021 0.012207 0.020996
0 0.342041 0.441162 0.013184 0.014160
0 0.602295 0.420410 0.009277 0.009766
0 0.676270 0.412842 0.013672 0.013184
0 0.300537 0.407471 0.011230 0.012207
0 0.137451 0.418701 0.032715 0.040527
0 0.401855 0.399902 0.008789 0.006836
0 0.660645 0.401855 0.016602 0.015625
0 0.252197 0.404053 0.017090 0.021973
0 0.368408 0.376953 0.010254 0.008789
0 0.052246 0.393066 0.030273 0.045898
0 0.729004 0.375000 0.010742 0.012695
0 0.591553 0.372803 0.009277 0.009277
0 0.282959 0.365234 0.016113 0.017578
0 0.198486 0.370361 0.022949 0.027832
0 0.610352 0.352539 0.011719 0.010742
0 0.330322 0.354492 0.013184 0.013672
0 0.102051 0.351562 0.019531 0.026367
0 0.141846 0.350098 0.024902 0.033203
0 0.639893 0.329102 0.014160 0.012695
0 0.296631 0.326172 0.011230 0.011719
0 0.184814 0.318359 0.013184 0.015625
0 0.730713 0.309082 0.009277 0.011719
0 0.073486 0.321289 0.020996 0.037109
0 0.677979 0.286133 0.014160 0.012695
0 0.135010 0.296631 0.038574 0.065918
0 0.086426 0.263184 0.017578 0.018555
0 0.181152 0.262207 0.036133 0.038086
0 0.677246 0.268311 0.012695 0.010254
0 0.653076 0.304443 0.006348 0.007324