0 0.367920 0.979248 0.043457 0.016113
0 0.365234 0.853516 0.021484 0.013672
0 0.321533 0.762451 0.026855 0.046387
0 0.077881 0.711670 0.036621 0.044434
0 0.123535 0.697998 0.016602 0.030762
0 0.186523 0.674316 0.034180 0.038086
0 0.358643 0.626953 0.012207 0.010742
0 0.216797 0.615723 0.027344 0.030273
0 0.038574 0.622559 0.038086 0.052734
0 0.301025 0.536865 0.021973 0.019043
0 0.161377 0.530029 0.030762 0.028809
0 0.657715 0.517822 0.008789 0.011230
0 0.313721 0.484619 0.022949 0.026855
0 0.245117 0.461670 0.012695 0.018066
0 0.924072 0.453369 0.010254 0.020020
0 0.611572 0.443848 0.008301 0.008789
0 0.244385 0.438477 0.009277 0.011719
0 0.687500 0.440430 0.015625 0.016602
0 0.895020 0.446533 0.021484 0.031738
0 0.671387 0.427734 0.013672 0.011719
0 0.151123 0.431641 0.021973 0.041992
0 0.068115 0.413330 0.008301 0.012207
0 0.191895 0.412354 0.009766 0.013184
0 0.264648 0.409180 0.018555 0.019531
0 0.740234 0.403076 0.008789 0.012207
0 0.378906 0.389404 0.007812 0.007324
0 0.057373 0.397217 0.023926 0.037598
0 0.622803 0.377441 0.012207 0.009766
0 0.342041 0.365234 0.010254 0.009766
0 0.213379 0.365479 0.026367 0.025879
0 0.654297 0.354736 0.011719 0.012207
0 0.152832 0.357910 0.023438 0.027344
0 0.252930 0.347900 0.015625 0.019043
0 0.111816 0.351074 0.017578 0.025391
0 0.745117 0.338867 0.011719 0.012695
0 0.671631 0.335449 0.007324 0.006836
0 0.199463 0.327393 0.019043 0.024902
0 0.273438 0.303955 0.011719 0.012207
0 0.236328 0.302979 0.013672 0.015137
0 0.082764 0.316650 0.032715 0.058105
0 0.233887 0.281006 0.011719 0.012207
0 0.104736 0.270752 0.030762 0.032715
0 0.202148 0.277832 0.017578 0.020508
0 0.627197 0.495117 0.007324 0.008789
0 0.147461 0.302979 0.036133 0.061035
0 0.040039 0.416748 0.010742 0.019043
0 0.841553 0.405273 0.009277 0.015625