0 0.336426 0.794189 0.014648 0.009277
0 0.294922 0.703369 0.021484 0.041504
0 0.040039 0.647217 0.029297 0.039551
0 0.093018 0.623291 0.021973 0.046387
0 0.610107 0.598633 0.010254 0.008789
0 0.155762 0.610107 0.033203 0.043457
0 0.331055 0.562988 0.009766 0.011719
0 0.010986 0.562500 0.016113 0.050781
0 0.186523 0.549316 0.029297 0.034180
0 0.273438 0.471436 0.019531 0.018066
0 0.034668 0.452637 0.016602 0.016602
0 0.133057 0.461914 0.029785 0.038086
0 0.284424 0.419189 0.020996 0.025879
0 0.219482 0.397461 0.006348 0.008789
0 0.445557 0.380615 0.010254 0.007324
0 0.312744 0.377686 0.010254 0.012207
0 0.418701 0.373047 0.006348 0.005859
0 0.388184 0.350098 0.012695 0.010742
0 0.123779 0.364258 0.025879 0.044922
0 0.235840 0.345215 0.025391 0.025391
0 0.162598 0.341309 0.013672 0.023438
0 0.357178 0.322754 0.007324 0.005859
0 0.319092 0.302002 0.013184 0.012207
0 0.244873 0.295166 0.018066 0.019043
0 0.190918 0.294922 0.023438 0.034180
0 0.125000 0.290527 0.029297 0.025391
0 0.287109 0.269531 0.005859 0.005859
0 0.087646 0.281494 0.034668 0.033691
0 0.171631 0.260498 0.018066 0.024902
0 0.064453 0.258789 0.018555 0.032227
0 0.198242 0.218994 0.014648 0.014160
0 0.172119 0.216553 0.025879 0.028809
0 0.147217 0.200684 0.063965 0.070312