0 0.462891 0.996826 0.006836 0.004395
0 0.607422 0.914795 0.040039 0.017090
0 0.348145 0.847412 0.017578 0.013184
0 0.327881 0.769531 0.043457 0.055664
0 0.077637 0.707031 0.033203 0.034180
0 0.122070 0.695312 0.014648 0.019531
0 0.185303 0.674561 0.029785 0.034668
0 0.357666 0.625244 0.009277 0.010254
0 0.035645 0.628662 0.040039 0.049316
0 0.218750 0.612061 0.033203 0.030762
0 0.299561 0.536621 0.022949 0.020508
0 0.070557 0.533691 0.025879 0.031250
0 0.163086 0.526611 0.028320 0.038574
0 0.177246 0.510498 0.010742 0.015137
0 0.310791 0.488770 0.024902 0.019531
0 0.245361 0.459961 0.012207 0.019531
0 0.391846 0.450684 0.005371 0.006836
0 0.344238 0.445068 0.011719 0.014160
0 0.684814 0.433594 0.015137 0.016602
0 0.668457 0.420898 0.012695 0.011719
0 0.145508 0.432129 0.030273 0.036133
0 0.308350 0.416992 0.008301 0.009766
0 0.035889 0.416992 0.013184 0.015625
0 0.260742 0.409180 0.015625 0.023438
0 0.838623 0.397705 0.009277 0.015137
0 0.737549 0.396484 0.009277 0.012695
0 0.378906 0.386475 0.009766 0.007324
0 0.057373 0.396240 0.025879 0.047363
0 0.619385 0.371582 0.011230 0.010742
0 0.341309 0.362549 0.008789 0.009277
0 0.208496 0.372559 0.020508 0.032227
0 0.276855 0.357422 0.016602 0.019531
0 0.154785 0.358398 0.016602 0.024414
0 0.651367 0.349365 0.010742 0.011230
0 0.307373 0.334473 0.008301 0.008789
0 0.111084 0.346191 0.025879 0.036133
0 0.741211 0.330811 0.007812 0.009277
0 0.676270 0.324707 0.013672 0.013672
0 0.198486 0.321289 0.018066 0.024414
0 0.138672 0.317871 0.021484 0.031250
0 0.080078 0.317871 0.026367 0.046875
0 0.231201 0.279541 0.013184 0.014160
0 0.157959 0.279785 0.032715 0.041992
0 0.193848 0.267334 0.036133 0.031738
0 0.100098 0.259766 0.026367 0.030273
0 0.080078 0.424072 0.004883 0.005371
0 0.688721 0.288330 0.010254 0.010254