0 0.576904 0.794678 0.021973 0.014160
0 0.556885 0.741943 0.018066 0.009277
0 0.569824 0.657471 0.012695 0.008301
0 0.656250 0.657471 0.014648 0.016113
0 0.235107 0.530029 0.018066 0.028809
0 0.102295 0.519531 0.025879 0.045898
0 0.369873 0.499512 0.008301 0.011719
0 0.247314 0.486084 0.022949 0.028809
0 0.416016 0.463135 0.006836 0.006348
0 0.178955 0.458008 0.013184 0.020508
0 0.494141 0.448975 0.006836 0.006348
0 0.620117 0.432861 0.012695 0.010254
0 0.603760 0.420898 0.014160 0.010742
0 0.082520 0.428467 0.029297 0.042480
0 0.345215 0.409180 0.008789 0.008789
0 0.198486 0.404541 0.018066 0.026855
0 0.673584 0.394531 0.009277 0.010742
0 0.774414 0.396240 0.009766 0.015137
0 0.941650 0.389160 0.009277 0.017578
0 0.552979 0.369629 0.011230 0.007812
0 0.141113 0.371094 0.020508 0.029297
0 0.585205 0.346924 0.011230 0.010254
0 0.091064 0.355957 0.014160 0.029297
0 0.614746 0.348145 0.012695 0.014648
0 0.049072 0.348145 0.024902 0.039062
0 0.678223 0.329346 0.011719 0.011230
0 0.599365 0.325928 0.009277 0.007324
0 0.133301 0.321045 0.016602 0.021973
0 0.626953 0.298828 0.014648 0.012695
0 0.082520 0.295410 0.046875 0.063477
0 0.125488 0.271729 0.015625 0.019043
0 0.911621 0.228760 0.007812 0.010254
0 0.705566 0.155029 0.012695 0.010254
0 0.771729 0.111816 0.019043 0.015625
0 0.624756 0.285645 0.008301 0.006836