0 0.328857 0.909668 0.012207 0.007812
0 0.274658 0.777588 0.014160 0.012207
0 0.242188 0.693359 0.029297 0.042969
0 0.630859 0.578125 0.011719 0.015625
0 0.510986 0.356689 0.008301 0.007324
0 0.415283 0.350830 0.009277 0.007324
0 0.591064 0.348389 0.031738 0.024902
0 0.752197 0.320557 0.006348 0.005371
0 0.653076 0.318604 0.012207 0.011230
0 0.498779 0.309570 0.012207 0.009766
0 0.567383 0.269287 0.010742 0.008301
0 0.657715 0.253418 0.006836 0.005859
0 0.583252 0.250488 0.007324 0.006836
0 0.841064 0.242188 0.014160 0.015625
0 0.805176 0.160645 0.031250 0.028320