0 0.184082 0.844971 0.029297 0.048340
0 0.590820 0.777344 0.012695 0.008789
0 0.236328 0.715088 0.010742 0.012207
0 0.095215 0.693115 0.029297 0.039551
0 0.793945 0.665771 0.011719 0.015137
0 0.138672 0.640869 0.016602 0.025879
0 0.184326 0.620850 0.020020 0.033691
0 0.388916 0.595459 0.007324 0.008301
0 0.924072 0.574707 0.014160 0.045898
0 0.899414 0.543457 0.006836 0.016602
0 0.732910 0.534668 0.006836 0.009766
0 0.631104 0.523193 0.008301 0.009277
0 0.698730 0.476562 0.014648 0.016602
0 0.958008 0.458740 0.023438 0.025879
0 0.640869 0.446777 0.005371 0.005859
0 0.979492 0.401855 0.028320 0.093750
0 0.877686 0.350830 0.012207 0.022949
0 0.906494 0.322266 0.014160 0.021484
0 0.881104 0.271729 0.012207 0.016113