0 0.557617 0.797607 0.020508 0.014160
0 0.540283 0.743408 0.018066 0.011230
0 0.563965 0.666504 0.013672 0.009766
0 0.649170 0.667725 0.013184 0.014160
0 0.136963 0.597900 0.014160 0.020020
0 0.230225 0.525879 0.020020 0.027344
0 0.368652 0.502930 0.009766 0.011719
0 0.098633 0.509521 0.024414 0.051270
0 0.243896 0.479248 0.020020 0.019043
0 0.425293 0.463623 0.007812 0.007324
0 0.177002 0.452393 0.013184 0.018066
0 0.617920 0.442871 0.011230 0.008789
0 0.773438 0.408691 0.008789 0.013672
0 0.673584 0.407227 0.010254 0.013672
0 0.939941 0.405518 0.007812 0.011230
0 0.081543 0.419922 0.029297 0.040039
0 0.197266 0.400635 0.018555 0.028809
0 0.553467 0.377686 0.011230 0.008301
0 0.278809 0.361084 0.007812 0.008301
0 0.585693 0.356201 0.012207 0.010254
0 0.622314 0.353271 0.014160 0.010254
0 0.144287 0.361572 0.023926 0.031738
0 0.679443 0.341553 0.009277 0.009277
0 0.091553 0.343750 0.014160 0.031250
0 0.046631 0.333984 0.032715 0.047852
0 0.624512 0.315186 0.015625 0.014160
0 0.136719 0.309570 0.016602 0.028320
0 0.133301 0.270264 0.012695 0.016113
0 0.090332 0.286621 0.042969 0.069336
0 0.915039 0.246094 0.010742 0.013672
0 0.710205 0.174316 0.017090 0.013672
0 0.775635 0.129395 0.022949 0.019531
0 0.628174 0.297363 0.009277 0.007812