0 0.522949 0.803223 0.021484 0.013672
0 0.249268 0.779541 0.006348 0.006348
0 0.506348 0.747314 0.030273 0.010254
0 0.634277 0.701660 0.015625 0.013672
0 0.549561 0.698730 0.010254 0.006836
0 0.096924 0.687256 0.050293 0.062012
0 0.277100 0.654053 0.014160 0.016113
0 0.132324 0.630371 0.035156 0.069336
0 0.218262 0.563477 0.024414 0.049805
0 0.087402 0.550293 0.022461 0.037109
0 0.375000 0.535889 0.010742 0.010254
0 0.233887 0.513428 0.020508 0.025879
0 0.166260 0.488037 0.013184 0.020996
0 0.391113 0.476807 0.006836 0.006348
0 0.764893 0.446777 0.008301 0.012695
0 0.665039 0.440186 0.006836 0.006348
0 0.071045 0.455566 0.027832 0.042969
0 0.187256 0.435059 0.019043 0.028320
0 0.579102 0.389160 0.008789 0.007812
0 0.130615 0.398193 0.020020 0.031738
0 0.672119 0.375977 0.007324 0.007812
0 0.041504 0.380127 0.009766 0.019043
0 0.081299 0.379883 0.016113 0.027344
0 0.598389 0.373291 0.011230 0.014160
0 0.652832 0.368896 0.012695 0.013184
0 0.977539 0.357666 0.007812 0.019043
0 0.911133 0.289062 0.013672 0.019531
0 0.936035 0.257812 0.007812 0.011719
0 0.696289 0.227783 0.017578 0.014160
0 0.705566 0.204346 0.014648 0.011230
0 0.762939 0.180176 0.016113 0.014648
0 0.621582 0.330566 0.006836 0.005859