0 0.465576 0.971924 0.022949 0.009277
0 0.567139 0.885254 0.038574 0.018555
0 0.343018 0.821045 0.013184 0.009277
0 0.336426 0.728027 0.034180 0.041992
0 0.068115 0.697510 0.048340 0.035645
0 0.114990 0.674316 0.015137 0.027344
0 0.179932 0.654785 0.030762 0.036133
0 0.630615 0.624268 0.006348 0.006348
0 0.350586 0.599121 0.009766 0.009766
0 0.027100 0.616943 0.033691 0.047363
0 0.208252 0.592041 0.027832 0.028809
0 0.288330 0.515381 0.023926 0.020020
0 0.056152 0.521973 0.018555 0.043945
0 0.155762 0.510986 0.025391 0.033691
0 0.135498 0.498047 0.008301 0.015625
0 0.293945 0.465088 0.035156 0.018066
0 0.414307 0.439941 0.012207 0.008789
0 0.232910 0.439209 0.012695 0.019043
0 0.341309 0.433838 0.011719 0.012207
0 0.298340 0.397705 0.012695 0.015137
0 0.132324 0.409424 0.030273 0.045410
0 0.246582 0.390137 0.013672 0.020508
0 0.045410 0.387695 0.033203 0.046875
0 0.361816 0.361328 0.008789 0.008789
0 0.588867 0.358398 0.008789 0.007812
0 0.294434 0.360352 0.016602 0.019531
0 0.192383 0.356934 0.024414 0.030273
0 0.134277 0.338379 0.019531 0.026367
0 0.093750 0.334229 0.024414 0.036621
0 0.058350 0.305664 0.023926 0.026367
0 0.181152 0.299561 0.020508 0.031738
0 0.252441 0.281982 0.006836 0.007324
0 0.158447 0.261475 0.007324 0.006348
0 0.210693 0.260498 0.011230 0.012207
0 0.170410 0.237549 0.010742 0.012207
0 0.081299 0.243652 0.024902 0.033203