0 0.377930 0.947754 0.042969 0.016602
0 0.358154 0.821533 0.018066 0.011230
0 0.313965 0.734131 0.024414 0.045410
0 0.060303 0.696289 0.033691 0.037109
0 0.112305 0.671631 0.018555 0.032715
0 0.171631 0.648682 0.033691 0.038574
0 0.621826 0.621582 0.011230 0.010742
0 0.346680 0.593506 0.012695 0.012207
0 0.025879 0.613281 0.034180 0.072266
0 0.204102 0.589600 0.029297 0.028809
0 0.286133 0.507568 0.020508 0.019043
0 0.144775 0.504883 0.027832 0.032227
0 0.295654 0.455811 0.023926 0.022949
0 0.225342 0.436768 0.010254 0.015137
0 0.281982 0.411377 0.008301 0.011230
0 0.128418 0.408447 0.025391 0.045410
0 0.167236 0.387695 0.011230 0.020508
0 0.241211 0.386963 0.015625 0.024902
0 0.397949 0.375488 0.007812 0.007812
0 0.356201 0.357178 0.009277 0.010254
0 0.316895 0.335938 0.007812 0.007812
0 0.129395 0.335938 0.016602 0.026367
0 0.237793 0.328857 0.013672 0.015137
0 0.195557 0.337891 0.032715 0.042969
0 0.084229 0.332764 0.035645 0.038574
0 0.169678 0.306396 0.013184 0.018066
0 0.054443 0.305420 0.027832 0.040527
0 0.193359 0.266357 0.013672 0.014160
0 0.118896 0.284424 0.035645 0.057129
0 0.170410 0.258057 0.012695 0.015137
0 0.153320 0.242188 0.005859 0.006836
0 0.068848 0.252930 0.022461 0.035156