0 0.597656 0.919678 0.039062 0.024902
0 0.361328 0.858398 0.020508 0.012695
0 0.337646 0.781250 0.045410 0.059570
0 0.082520 0.722412 0.029297 0.034668
0 0.130127 0.711182 0.017090 0.020996
0 0.190430 0.684326 0.037109 0.044434
0 0.363525 0.634277 0.011230 0.010742
0 0.041016 0.644775 0.037109 0.052246
0 0.219971 0.623535 0.034668 0.030273
0 0.300537 0.545898 0.020996 0.020508
0 0.074219 0.544678 0.023438 0.030762
0 0.166992 0.538818 0.029297 0.035645
0 0.186279 0.519775 0.007324 0.021973
0 0.627686 0.496338 0.007324 0.008301
0 0.311523 0.496094 0.025391 0.021484
0 0.247314 0.468506 0.011230 0.019043
0 0.382568 0.454834 0.010254 0.008301
0 0.343262 0.449707 0.011719 0.013672
0 0.688721 0.443604 0.015137 0.014160
0 0.672852 0.431396 0.014648 0.011230
0 0.148438 0.442383 0.029297 0.038086
0 0.037109 0.428467 0.014648 0.021973
0 0.308838 0.422852 0.009277 0.012695
0 0.261963 0.417725 0.014160 0.020020
0 0.741455 0.406006 0.008301 0.010254
0 0.056396 0.408691 0.027832 0.043945
0 0.622314 0.378418 0.006348 0.005859
0 0.207764 0.381592 0.019043 0.026855
0 0.342285 0.370117 0.007812 0.006836
0 0.154297 0.367920 0.024414 0.019043
0 0.270996 0.360840 0.016602 0.017578
0 0.109131 0.359863 0.031738 0.034180
0 0.746338 0.340820 0.011230 0.013672
0 0.676025 0.338867 0.009277 0.009766
0 0.198486 0.332031 0.014160 0.023438
0 0.076660 0.326660 0.020508 0.034180
0 0.138916 0.324707 0.019043 0.031250
0 0.233398 0.286621 0.008789 0.008789
0 0.155762 0.291016 0.026367 0.044922
0 0.193604 0.275391 0.033691 0.033203
0 0.099854 0.270508 0.025879 0.033203
0 0.692871 0.296631 0.010742 0.010254
0 0.192871 0.263428 0.010742 0.010254