0 0.560303 0.629639 0.006348 0.006348
0 0.642578 0.629639 0.008789 0.010254
0 0.392822 0.411377 0.011230 0.011230
0 0.608398 0.403320 0.013672 0.010742
0 0.360596 0.401855 0.017090 0.012695
0 0.493896 0.393311 0.008301 0.006348
0 0.590820 0.389893 0.010742 0.008301
0 0.333984 0.381348 0.008789 0.008789
0 0.663086 0.365967 0.010742 0.012207
0 0.763672 0.365723 0.010742 0.015625
0 0.522461 0.359375 0.010742 0.009766
0 0.931152 0.359131 0.008789 0.014160
0 0.542236 0.340332 0.014160 0.009766
0 0.265625 0.334961 0.009766 0.011719
0 0.203857 0.333252 0.014160 0.014160
0 0.573975 0.318359 0.011230 0.007812
0 0.230957 0.305664 0.010742 0.009766
0 0.588867 0.297119 0.010742 0.008301
0 0.121582 0.293213 0.019531 0.029785
0 0.195801 0.273682 0.011719 0.013184
0 0.155029 0.249512 0.013184 0.014648
0 0.849365 0.231689 0.011230 0.012207
0 0.115479 0.229004 0.012207 0.014648
0 0.123535 0.240234 0.029297 0.040039
0 0.085449 0.250732 0.066406 0.103027
0 0.761719 0.166016 0.034180 0.028320