0 0.537109 0.799561 0.030273 0.013184
0 0.510986 0.745850 0.018066 0.009277
0 0.636475 0.693359 0.017090 0.013672
0 0.551514 0.689697 0.012207 0.008301
0 0.278076 0.647949 0.011230 0.013672
0 0.097412 0.677002 0.050293 0.072754
0 0.135254 0.628418 0.028320 0.036133
0 0.220947 0.557373 0.020996 0.039551
0 0.370605 0.529541 0.008789 0.009277
0 0.088135 0.531250 0.023926 0.051758
0 0.234863 0.499756 0.021484 0.026855
0 0.447266 0.476807 0.006836 0.005371
0 0.610596 0.468506 0.007324 0.007324
0 0.166748 0.472168 0.013184 0.019531
0 0.513428 0.459229 0.006348 0.005371
0 0.357666 0.450195 0.007324 0.006836
0 0.933350 0.434082 0.006348 0.005859
0 0.764404 0.435059 0.007324 0.014648
0 0.664062 0.431641 0.010742 0.012695
0 0.073486 0.437012 0.026855 0.041992
0 0.188965 0.419434 0.018555 0.025391
0 0.544678 0.401367 0.007324 0.006836
0 0.134033 0.380859 0.020020 0.031250
0 0.669678 0.364990 0.006348 0.006348
0 0.640137 0.363037 0.013672 0.012207
0 0.602295 0.360352 0.011230 0.010742
0 0.084229 0.362305 0.015137 0.029297
0 0.040771 0.360596 0.023926 0.025879
0 0.070312 0.323486 0.010742 0.012207
0 0.618652 0.319824 0.006836 0.005859
0 0.909668 0.277344 0.011719 0.015625
0 0.695557 0.213379 0.014160 0.011719
0 0.693359 0.189209 0.014648 0.011230
0 0.761475 0.165039 0.020996 0.017578
0 0.593262 0.360107 0.006836 0.006348