0 0.224609 0.818848 0.013672 0.011719
0 0.076904 0.727539 0.046387 0.068359
0 0.250732 0.686523 0.012207 0.014648
0 0.107910 0.656738 0.028320 0.038086
0 0.195312 0.594238 0.025391 0.035156
0 0.388916 0.562012 0.009277 0.010742
0 0.038574 0.567871 0.018555 0.025391
0 0.065186 0.570557 0.018066 0.045410
0 0.210693 0.541016 0.020020 0.030273
0 0.145508 0.509521 0.012695 0.020996
0 0.746338 0.478027 0.006348 0.007812
0 0.643555 0.476074 0.007812 0.010742
0 0.912354 0.468750 0.007324 0.018555
0 0.567871 0.447754 0.009766 0.009766
0 0.719238 0.431152 0.017578 0.015625
0 0.647705 0.408447 0.008301 0.009277
0 0.962646 0.375000 0.029785 0.031250
0 0.881348 0.303955 0.008789 0.015137
0 0.719727 0.275635 0.015625 0.016113
0 0.907471 0.272461 0.019043 0.030273
0 0.371094 0.510498 0.008789 0.011230