0 0.495361 0.960449 0.032715 0.015625
0 0.448730 0.943848 0.036133 0.010742
0 0.622559 0.779541 0.029297 0.018066
0 0.633057 0.587402 0.011230 0.012695
0 0.383545 0.384277 0.007324 0.007812
0 0.515381 0.366699 0.008301 0.005859
0 0.416260 0.360596 0.010254 0.008301
0 0.591064 0.360352 0.018066 0.012695
0 0.574463 0.349609 0.018066 0.012695
0 0.508545 0.343018 0.016113 0.012207
0 0.644775 0.321777 0.013184 0.011719
0 0.744873 0.319580 0.009277 0.009277
0 0.503174 0.319580 0.010254 0.008301
0 0.914307 0.312012 0.006348 0.005859
0 0.522217 0.299561 0.014160 0.009277
0 0.552979 0.276611 0.012207 0.007324
0 0.644531 0.257324 0.009766 0.007812
0 0.590088 0.216797 0.010254 0.006836
0 0.375000 0.376709 0.011719 0.011230