0 0.230713 0.810303 0.017090 0.012207
0 0.471680 0.797852 0.030273 0.011719
0 0.252686 0.675049 0.012207 0.014160
0 0.073975 0.698975 0.047363 0.065918
0 0.112793 0.652832 0.028320 0.032227
0 0.200195 0.581787 0.021484 0.020996
0 0.375732 0.559082 0.011230 0.010742
0 0.069092 0.567139 0.020020 0.037598
0 0.010010 0.554932 0.007324 0.021973
0 0.215332 0.537598 0.019531 0.033203
0 0.374023 0.501953 0.007812 0.009766
0 0.149170 0.503662 0.013184 0.019043
0 0.748535 0.477539 0.006836 0.009766
0 0.916504 0.476074 0.006836 0.014648
0 0.647217 0.471191 0.008301 0.010742
0 0.539062 0.468018 0.007812 0.007324
0 0.062256 0.471436 0.012207 0.029785
0 0.685547 0.407227 0.009766 0.014648
0 0.653564 0.404297 0.008301 0.009766
0 0.969238 0.387451 0.025391 0.039551
0 0.601807 0.357910 0.007324 0.006836
0 0.892822 0.313477 0.011230 0.017578
0 0.920166 0.283447 0.018066 0.025879
0 0.690918 0.271973 0.014648 0.014648
0 0.721191 0.227051 0.018555 0.017578
0 0.791748 0.156982 0.018066 0.017090
0 0.547119 0.441895 0.008301 0.007812
0 0.587158 0.505859 0.007324 0.005859