0 0.484863 0.943848 0.034180 0.014648
0 0.399170 0.902588 0.042480 0.017090
0 0.355225 0.812744 0.020996 0.012207
0 0.663574 0.793945 0.023438 0.018555
0 0.248291 0.733154 0.018066 0.020020
0 0.245117 0.650391 0.036133 0.043945
0 0.638916 0.556396 0.010254 0.012207
0 0.099609 0.556885 0.029297 0.045410
0 0.274902 0.512451 0.009766 0.017090
0 0.029541 0.498047 0.006348 0.014648
0 0.130127 0.485596 0.031738 0.058105
0 0.948975 0.464355 0.010254 0.018555
0 0.220215 0.425049 0.016602 0.017090
0 0.086182 0.412109 0.026855 0.041016
0 0.299561 0.376709 0.013184 0.012207
0 0.225098 0.372070 0.040039 0.029297
0 0.333496 0.356934 0.013672 0.011719
0 0.522949 0.333008 0.010742 0.012695
0 0.598633 0.326660 0.012695 0.008789
0 0.252441 0.331055 0.013672 0.017578
0 0.585205 0.317139 0.015137 0.012207
0 0.339355 0.301025 0.008789 0.008301
0 0.073486 0.309082 0.037598 0.041016
0 0.652100 0.290527 0.013184 0.011719
0 0.755615 0.290039 0.011230 0.011719
0 0.188232 0.291504 0.020020 0.026367
0 0.306885 0.275879 0.007324 0.007812
0 0.137451 0.256104 0.023926 0.027832
0 0.560303 0.244629 0.008301 0.006836
0 0.808838 0.221924 0.014160 0.016113
0 0.085693 0.230957 0.021973 0.034180
0 0.130371 0.202881 0.021484 0.025879
0 0.167725 0.159668 0.008301 0.007812
0 0.802979 0.155762 0.019043 0.017578
0 0.703857 0.081543 0.021973 0.014648
0 0.677734 0.070312 0.021484 0.012695
0 0.514648 0.286377 0.014648 0.010254
0 0.034912 0.564941 0.017090 0.042969