0 0.321777 0.895264 0.018555 0.011230
0 0.272949 0.760010 0.014648 0.013184
0 0.238525 0.668945 0.033691 0.046875
0 0.035156 0.592529 0.018555 0.046387
0 0.634766 0.560059 0.011719 0.011719
0 0.096680 0.578369 0.039062 0.054199
0 0.270264 0.528076 0.010254 0.019043
0 0.030029 0.522217 0.022949 0.022949
0 0.125000 0.523193 0.032227 0.055176
0 0.947510 0.499512 0.012207 0.029297
0 0.214111 0.439453 0.018066 0.024414
0 0.951904 0.434814 0.008301 0.018066
0 0.073486 0.436279 0.026855 0.037598
0 0.521729 0.344482 0.011230 0.008301
0 0.598145 0.340820 0.016602 0.011719
0 0.424805 0.334229 0.012695 0.009277
0 0.580322 0.329834 0.016113 0.010254
0 0.753418 0.307373 0.010742 0.012207
0 0.653076 0.303955 0.014160 0.012207
0 0.512695 0.296631 0.014648 0.008301
0 0.841797 0.245117 0.012695 0.016602
0 0.579102 0.236816 0.006836 0.005859
0 0.819824 0.156494 0.030273 0.029785
0 0.532959 0.277588 0.013184 0.009277
0 0.470215 0.336426 0.007812 0.006836