0 0.344727 0.922607 0.017578 0.010254
0 0.629883 0.583008 0.011719 0.011719
0 0.403320 0.384766 0.011719 0.007812
0 0.382568 0.380371 0.008301 0.007812
0 0.512939 0.364258 0.010254 0.006836
0 0.414795 0.358398 0.010254 0.008789
0 0.588623 0.356445 0.015137 0.009766
0 0.572998 0.346436 0.016113 0.011230
0 0.642578 0.318359 0.012695 0.010742
0 0.502441 0.315674 0.008789 0.007324
0 0.742920 0.316406 0.011230 0.011719
0 0.551758 0.273438 0.011719 0.007812
0 0.642578 0.253906 0.011719 0.009766
0 0.564209 0.253174 0.012207 0.008301
0 0.828613 0.225342 0.015625 0.015137
0 0.777344 0.146240 0.035156 0.030762
0 0.372803 0.373047 0.010254 0.009766