0 0.542480 0.798828 0.024414 0.015625
0 0.513916 0.742920 0.035645 0.013184
0 0.558838 0.681396 0.010254 0.008301
0 0.643066 0.681152 0.016602 0.014648
0 0.106934 0.686523 0.037109 0.044922
0 0.137939 0.628906 0.030762 0.048828
0 0.223145 0.555664 0.019531 0.025391
0 0.369385 0.522705 0.010254 0.010254
0 0.092529 0.545166 0.031738 0.060059
0 0.235840 0.499023 0.021484 0.030273
0 0.442383 0.473145 0.006836 0.006836
0 0.167236 0.475098 0.014160 0.024414
0 0.393066 0.461426 0.006836 0.005859
0 0.508301 0.457275 0.006836 0.006348
0 0.606689 0.454590 0.010254 0.007812
0 0.358154 0.447266 0.007324 0.008789
0 0.072266 0.438965 0.026367 0.050781
0 0.662842 0.417969 0.009277 0.009766
0 0.762695 0.416748 0.008789 0.012207
0 0.187500 0.421143 0.018555 0.028809
0 0.545654 0.395508 0.008301 0.007812
0 0.132568 0.385986 0.018066 0.029785
0 0.572021 0.368652 0.008301 0.007812
0 0.079346 0.365479 0.015137 0.025879
0 0.626709 0.353027 0.014160 0.013672
0 0.666260 0.350830 0.011230 0.012207
0 0.040527 0.362061 0.024414 0.035645
0 0.601562 0.342041 0.013672 0.011230
0 0.068848 0.323486 0.020508 0.038574
0 0.898926 0.249756 0.012695 0.016113
0 0.685547 0.192139 0.020508 0.014160
0 0.746582 0.140625 0.022461 0.017578