0 0.471191 0.970703 0.027344 0.008789
0 0.568115 0.884033 0.038574 0.018066
0 0.345703 0.820312 0.017578 0.011719
0 0.338379 0.727295 0.025391 0.023926
0 0.068848 0.699219 0.044922 0.034180
0 0.116211 0.677490 0.015625 0.026855
0 0.178955 0.654785 0.032715 0.041016
0 0.630615 0.621826 0.008301 0.007324
0 0.350342 0.598877 0.010254 0.011230
0 0.030273 0.617920 0.037109 0.051270
0 0.208740 0.593750 0.027832 0.029297
0 0.287354 0.516357 0.025879 0.020996
0 0.054199 0.516602 0.011719 0.024414
0 0.154785 0.513184 0.027344 0.037109
0 0.134033 0.501709 0.008301 0.017090
0 0.297363 0.465088 0.024414 0.019043
0 0.414795 0.439941 0.008301 0.006836
0 0.232178 0.440186 0.012207 0.021973
0 0.341064 0.435547 0.013184 0.013672
0 0.131104 0.416504 0.031738 0.040039
0 0.297852 0.398193 0.010742 0.014160
0 0.244873 0.391113 0.015137 0.022461
0 0.045654 0.385498 0.033691 0.049316
0 0.359375 0.361816 0.008789 0.007812
0 0.293213 0.364258 0.014160 0.015625
0 0.190674 0.359863 0.023926 0.026367
0 0.132812 0.338135 0.016602 0.028809
0 0.088623 0.337158 0.029785 0.032715
0 0.178467 0.301758 0.020020 0.024414
0 0.055664 0.305664 0.023438 0.037109
0 0.248291 0.282715 0.005371 0.005859
0 0.208496 0.260986 0.010742 0.011230
0 0.156250 0.260986 0.013672 0.018066
0 0.166260 0.241943 0.009277 0.012207
0 0.080566 0.241211 0.038086 0.049805
0 0.117432 0.303467 0.023926 0.031738