0 0.312256 0.771484 0.018066 0.014648
0 0.272949 0.681641 0.022461 0.045898
0 0.029297 0.619873 0.039062 0.055176
0 0.076172 0.601562 0.029297 0.047852
0 0.674316 0.578613 0.010742 0.012695
0 0.137451 0.585938 0.037598 0.051758
0 0.311035 0.540039 0.011719 0.015625
0 0.075195 0.533936 0.015625 0.019043
0 0.168457 0.524658 0.028320 0.039551
0 0.255615 0.448975 0.020996 0.021973
0 0.112793 0.443359 0.032227 0.036133
0 0.010254 0.425781 0.009766 0.027344
0 0.389648 0.403564 0.008789 0.009277
0 0.266113 0.397705 0.021484 0.031738
0 0.335449 0.362061 0.007812 0.007324
0 0.104492 0.346680 0.026367 0.045898
0 0.209473 0.336670 0.024414 0.037598
0 0.137695 0.321045 0.014648 0.023926
0 0.296387 0.282959 0.011719 0.011230
0 0.229980 0.280518 0.014648 0.015137
0 0.164795 0.289551 0.025879 0.046875
0 0.105713 0.276855 0.020996 0.025391
0 0.149658 0.241455 0.007324 0.010254
0 0.073975 0.262939 0.042480 0.075684
0 0.222412 0.222900 0.026855 0.020996
0 0.109863 0.209229 0.032227 0.043457
0 0.158447 0.184814 0.023926 0.034668
0 0.364746 0.330811 0.015625 0.014160