0 0.221436 0.827637 0.028809 0.046875
0 0.541016 0.744141 0.007812 0.006836
0 0.094482 0.728760 0.036621 0.046387
0 0.272217 0.693115 0.011230 0.013184
0 0.128174 0.674316 0.028809 0.038086
0 0.833252 0.599365 0.013184 0.019043
0 0.216064 0.599365 0.020020 0.028809
0 0.080566 0.587646 0.025391 0.034668
0 0.724609 0.565186 0.005859 0.006348
0 0.051514 0.560791 0.006348 0.018066
0 0.232422 0.548584 0.022461 0.029785
0 0.165771 0.522217 0.012207 0.023926
0 0.761963 0.489746 0.006348 0.012695
0 0.930664 0.489014 0.005859 0.013184
0 0.661621 0.485107 0.007812 0.010254
0 0.950439 0.492676 0.014160 0.038086
0 0.753174 0.456299 0.013184 0.021973
0 0.669678 0.421387 0.007324 0.009766
0 0.981201 0.402832 0.022949 0.040039
0 0.908447 0.331055 0.008301 0.012695
0 0.937988 0.303955 0.019531 0.033691
0 0.906006 0.245361 0.010254 0.012207