0 0.067871 0.690674 0.015625 0.021973
0 0.583984 0.666504 0.005859 0.005859
0 0.670654 0.665771 0.012207 0.009277
0 0.132812 0.672363 0.041992 0.043945
0 0.164307 0.610107 0.027832 0.029785
0 0.207275 0.540771 0.012207 0.020020
0 0.247803 0.534424 0.020020 0.020996
0 0.025146 0.528076 0.020020 0.023926
0 0.113525 0.525635 0.026855 0.035645
0 0.192139 0.511719 0.011230 0.014648
0 0.261475 0.488281 0.025879 0.024414
0 0.172119 0.479004 0.013184 0.017578
0 0.196533 0.458252 0.011230 0.018066
0 0.418457 0.446777 0.006836 0.006836
0 0.635986 0.439453 0.013184 0.011719
0 0.619873 0.427734 0.015137 0.013672
0 0.269287 0.426270 0.013184 0.016602
0 0.359131 0.416992 0.008301 0.008789
0 0.098389 0.427734 0.029785 0.043945
0 0.207520 0.413574 0.016602 0.018555
0 0.267334 0.406006 0.015137 0.016113
0 0.689453 0.401855 0.008789 0.010742
0 0.958252 0.398926 0.006348 0.006836
0 0.789795 0.402100 0.010254 0.016113
0 0.230713 0.398682 0.011230 0.017090
0 0.326904 0.393066 0.008301 0.011719
0 0.017578 0.396973 0.017578 0.043945
0 0.568359 0.375732 0.010742 0.009277
0 0.289062 0.369873 0.010742 0.011230
0 0.155762 0.378418 0.021484 0.033203
0 0.600342 0.352783 0.011230 0.009277
0 0.062256 0.354492 0.020020 0.035156
0 0.615479 0.332275 0.007324 0.007324
0 0.032715 0.332764 0.012695 0.024902
0 0.152588 0.322754 0.027832 0.033203
0 0.179932 0.287109 0.011230 0.014648
0 0.137451 0.284912 0.012207 0.018066
0 0.098877 0.304688 0.038574 0.063477
0 0.139648 0.265137 0.011719 0.016602
0 0.876709 0.235107 0.013184 0.016113
0 0.759033 0.180664 0.028809 0.024414
0 0.099121 0.365479 0.020508 0.022949
0 0.028564 0.420654 0.016113 0.023926