0 0.341309 0.886475 0.013672 0.009277
0 0.291016 0.797607 0.025391 0.043457
0 0.098145 0.732910 0.016602 0.023438
0 0.606689 0.696533 0.010254 0.008301
0 0.158447 0.708252 0.037598 0.037598
0 0.694092 0.694092 0.015137 0.016113
0 0.331787 0.660889 0.012207 0.012207
0 0.190918 0.649414 0.028320 0.032227
0 0.041748 0.581055 0.031738 0.025391
0 0.274414 0.571289 0.019531 0.022461
0 0.135498 0.565186 0.025879 0.041504
0 0.696533 0.529785 0.008301 0.013672
0 0.285156 0.519043 0.022461 0.025391
0 0.893066 0.506592 0.009766 0.021973
0 0.219238 0.495117 0.012695 0.020508
0 0.165527 0.489258 0.006836 0.014648
0 0.657959 0.470215 0.014160 0.013672
0 0.645508 0.461182 0.007812 0.010254
0 0.385010 0.447754 0.005371 0.005859
0 0.169189 0.449463 0.011230 0.016113
0 0.122070 0.464111 0.024414 0.045410
0 0.233154 0.442383 0.020020 0.023438
0 0.839600 0.439453 0.012207 0.021484
0 0.712646 0.433594 0.008301 0.011719
0 0.812744 0.432129 0.008301 0.016602
0 0.032959 0.443115 0.028809 0.071777
0 0.593506 0.406982 0.006348 0.006348
0 0.186523 0.398193 0.027344 0.024902
0 0.982666 0.395752 0.015137 0.041504
0 0.127197 0.388672 0.021973 0.034180
0 0.086670 0.384277 0.025879 0.031250
0 0.218994 0.374756 0.012207 0.020020
0 0.172607 0.357666 0.010254 0.017090
0 0.053711 0.353516 0.024414 0.041016
0 0.122803 0.332764 0.035645 0.062012
0 0.071777 0.296387 0.022461 0.028320
0 0.011719 0.455322 0.013672 0.036621