0 0.303223 0.903809 0.017578 0.011719
0 0.253174 0.815186 0.042480 0.055176
0 0.574463 0.720215 0.012207 0.007812
0 0.661377 0.718262 0.018066 0.015625
0 0.118896 0.714844 0.033691 0.041992
0 0.151123 0.656006 0.028809 0.033691
0 0.239014 0.584473 0.020020 0.021484
0 0.102051 0.572021 0.024414 0.037598
0 0.714600 0.545166 0.008301 0.012207
0 0.860107 0.554932 0.013184 0.033691
0 0.254150 0.534424 0.020996 0.022949
0 0.096680 0.526367 0.004883 0.014648
0 0.186768 0.507080 0.013184 0.022949
0 0.629150 0.496582 0.011230 0.008789
0 0.206055 0.461670 0.009766 0.014160
0 0.783203 0.460205 0.006836 0.013184
0 0.140381 0.463135 0.009277 0.019043
0 0.683594 0.458740 0.008789 0.013184
0 0.950684 0.451660 0.005859 0.010742
0 0.089355 0.470459 0.025391 0.053223
0 0.794189 0.444092 0.020020 0.021973
0 0.009277 0.457031 0.014648 0.062500
0 0.965576 0.440674 0.016113 0.037598
0 0.687744 0.392822 0.005371 0.005371
0 0.924316 0.298096 0.011719 0.019043
0 0.077881 0.746338 0.009277 0.010254