0 0.626709 0.926758 0.037598 0.027344
0 0.346436 0.868164 0.016113 0.011719
0 0.325439 0.790283 0.040527 0.050293
0 0.071045 0.727051 0.031738 0.041016
0 0.119385 0.717529 0.015137 0.020996
0 0.180664 0.694580 0.035156 0.040527
0 0.716553 0.672607 0.016113 0.017090
0 0.351807 0.645996 0.008301 0.009766
0 0.030762 0.649170 0.026367 0.046387
0 0.209961 0.632080 0.029297 0.028809
0 0.247314 0.568359 0.011230 0.018555
0 0.290771 0.555420 0.019043 0.022949
0 0.068359 0.551514 0.015625 0.024902
0 0.156982 0.546387 0.028809 0.036133
0 0.192627 0.531982 0.007324 0.013184
0 0.302979 0.506592 0.020020 0.020996
0 0.211426 0.507568 0.015625 0.023926
0 0.239014 0.477051 0.011230 0.019531
0 0.357422 0.455811 0.008789 0.013184
0 0.331055 0.453125 0.009766 0.013672
0 0.677246 0.448975 0.011719 0.012207
0 0.068359 0.442871 0.011719 0.025391
0 0.141113 0.448975 0.029297 0.042480
0 0.255859 0.429199 0.017578 0.018555
0 0.294434 0.426025 0.009766 0.015137
0 0.729004 0.409424 0.008789 0.014160
0 0.828857 0.405518 0.007324 0.009277
0 0.043213 0.421631 0.043457 0.062012
0 0.617188 0.394775 0.008789 0.009277
0 0.201660 0.390625 0.020508 0.027344
0 0.145508 0.371826 0.006836 0.009277
0 0.652588 0.372803 0.017090 0.014160
0 0.105713 0.366211 0.022949 0.033203
0 0.738281 0.352783 0.006836 0.007324
0 0.247559 0.356689 0.012695 0.019043
0 0.302979 0.348633 0.007324 0.007812
0 0.193359 0.340332 0.015625 0.022461
0 0.267822 0.318848 0.008301 0.008789
0 0.072998 0.335205 0.025879 0.042480
0 0.134033 0.328369 0.021973 0.033691
0 0.229004 0.294189 0.010742 0.013184
0 0.151123 0.299805 0.022949 0.044922
0 0.187012 0.286377 0.020508 0.021973
0 0.095703 0.272949 0.028320 0.032227
0 0.648438 0.381104 0.007812 0.010254
0 0.189941 0.270752 0.013672 0.016113