0 0.512207 0.943604 0.036133 0.016113
0 0.417480 0.906006 0.059570 0.020020
0 0.367676 0.815430 0.017578 0.010742
0 0.654053 0.798828 0.023926 0.018555
0 0.255371 0.736816 0.023438 0.024414
0 0.256104 0.657959 0.037598 0.052246
0 0.636963 0.560791 0.010254 0.012207
0 0.103027 0.577393 0.028320 0.045410
0 0.277344 0.522705 0.009766 0.014160
0 0.030518 0.521729 0.004395 0.020020
0 0.131836 0.513428 0.030273 0.034668
0 0.950195 0.479004 0.010742 0.018555
0 0.217041 0.435547 0.019043 0.025391
0 0.082520 0.430176 0.028320 0.035156
0 0.294678 0.384766 0.012207 0.017578
0 0.219971 0.385010 0.042480 0.024902
0 0.325684 0.363525 0.013672 0.012207
0 0.247314 0.341797 0.013184 0.015625
0 0.528564 0.333740 0.010254 0.012207
0 0.604004 0.330078 0.012695 0.008789
0 0.591064 0.319824 0.015137 0.012695
0 0.329834 0.309326 0.008301 0.011230
0 0.064941 0.323486 0.031250 0.059082
0 0.761963 0.298584 0.010254 0.012207
0 0.658936 0.295410 0.013184 0.011719
0 0.181152 0.305176 0.025391 0.034180
0 0.128418 0.271484 0.024414 0.031250
0 0.259033 0.261230 0.011230 0.012695
0 0.569092 0.246582 0.007324 0.006836
0 0.225342 0.231445 0.012207 0.012695
0 0.817627 0.231689 0.012207 0.016113
0 0.074951 0.246582 0.026855 0.049805
0 0.116211 0.220703 0.017578 0.023438
0 0.191895 0.197266 0.012695 0.011719
0 0.149414 0.177734 0.008789 0.008789
0 0.813965 0.165527 0.018555 0.017578
0 0.716797 0.088623 0.022461 0.015137
0 0.691650 0.076172 0.020996 0.013672
0 0.041016 0.592285 0.019531 0.046875