0 0.466064 0.971924 0.022949 0.009277
0 0.567383 0.885254 0.039062 0.019531
0 0.343018 0.821045 0.013184 0.009277
0 0.335938 0.728027 0.035156 0.041992
0 0.068604 0.697998 0.048340 0.035645
0 0.114990 0.674316 0.015137 0.027344
0 0.179688 0.655273 0.030273 0.035156
0 0.631592 0.620605 0.008301 0.007812
0 0.350586 0.599121 0.009766 0.009766
0 0.027100 0.616943 0.033691 0.048340
0 0.208252 0.592041 0.027832 0.027832
0 0.288330 0.515381 0.023926 0.020020
0 0.056152 0.521973 0.018555 0.043945
0 0.155518 0.510986 0.024902 0.033691
0 0.135498 0.498291 0.008301 0.016113
0 0.293945 0.465332 0.035156 0.018555
0 0.414062 0.439941 0.011719 0.007812
0 0.232666 0.439209 0.013184 0.019043
0 0.341309 0.433838 0.011719 0.012207
0 0.298096 0.397217 0.012207 0.015137
0 0.132080 0.409424 0.029785 0.045410
0 0.246338 0.389893 0.013184 0.020020
0 0.045410 0.387695 0.033203 0.046875
0 0.361572 0.361328 0.008301 0.007812
0 0.294434 0.360352 0.016602 0.019531
0 0.192383 0.357178 0.024414 0.029785
0 0.134277 0.338623 0.019531 0.025879
0 0.093750 0.334229 0.024414 0.036621
0 0.058105 0.305908 0.023438 0.026855
0 0.180908 0.300049 0.020996 0.031738
0 0.251953 0.282227 0.005859 0.005859
0 0.157959 0.261719 0.006348 0.004883
0 0.210205 0.260742 0.009277 0.011719
0 0.170654 0.237793 0.008301 0.010742
0 0.081299 0.243896 0.024902 0.032715