0 0.635010 0.593750 0.011230 0.011719
0 0.391602 0.388672 0.007812 0.008789
0 0.431885 0.385498 0.011230 0.008301
0 0.521484 0.374512 0.010742 0.006836
0 0.468750 0.367676 0.008789 0.005859
0 0.598389 0.369141 0.015137 0.011719
0 0.423828 0.365723 0.007812 0.007812
0 0.581787 0.357666 0.017090 0.012207
0 0.652344 0.331055 0.011719 0.010742
0 0.752441 0.330566 0.010742 0.011719
0 0.511475 0.326660 0.008301 0.007812
0 0.919189 0.320312 0.009277 0.013672
0 0.531250 0.307129 0.014648 0.009766
0 0.562256 0.284912 0.012207 0.008301
0 0.655029 0.267334 0.010254 0.009277
0 0.579590 0.264893 0.007812 0.006348
0 0.601807 0.225830 0.006348 0.006348
0 0.838135 0.228760 0.015137 0.017090
0 0.777588 0.152832 0.030762 0.026367
0 0.381836 0.380371 0.009766 0.009766