0 0.348877 0.876709 0.020996 0.012207
0 0.304932 0.787109 0.025879 0.045898
0 0.108398 0.722656 0.017578 0.025391
0 0.061035 0.730225 0.030273 0.045410
0 0.615723 0.689697 0.011719 0.010254
0 0.168213 0.698486 0.029785 0.036621
0 0.703857 0.687012 0.014160 0.017578
0 0.342529 0.653076 0.009277 0.010254
0 0.028076 0.647705 0.015137 0.037598
0 0.199707 0.639648 0.031250 0.029297
0 0.047852 0.568604 0.029297 0.021973
0 0.279785 0.561768 0.022461 0.021973
0 0.143066 0.550049 0.025391 0.038574
0 0.689697 0.522705 0.007324 0.010254
0 0.294189 0.509033 0.020020 0.024902
0 0.905029 0.494873 0.008301 0.020020
0 0.227783 0.485596 0.013184 0.020020
0 0.186279 0.472412 0.008301 0.017090
0 0.671143 0.465820 0.011230 0.012695
0 0.654785 0.454590 0.013672 0.011719
0 0.860596 0.445312 0.019043 0.026367
0 0.131348 0.454346 0.027344 0.045410
0 0.177490 0.438232 0.010254 0.021973
0 0.725098 0.428711 0.006836 0.009766
0 0.824463 0.428223 0.006348 0.012695
0 0.021973 0.437744 0.009766 0.031738
0 0.246582 0.433594 0.015625 0.024414
0 0.041748 0.428955 0.026855 0.056152
0 0.604248 0.400635 0.008301 0.008301
0 0.636719 0.379639 0.006836 0.007324
0 0.983398 0.379150 0.003906 0.007324
0 0.199219 0.389893 0.021484 0.028809
0 0.139160 0.378662 0.015625 0.025879
0 0.231445 0.364990 0.011719 0.017090
0 0.100830 0.371826 0.027832 0.039551
0 0.183105 0.348389 0.012695 0.020996
0 0.237305 0.340332 0.010742 0.013672
0 0.065186 0.342773 0.023926 0.041016
0 0.133301 0.322510 0.035156 0.061035
0 0.188477 0.297363 0.013672 0.020508
0 0.083740 0.285156 0.020996 0.030273