0 0.180420 0.859375 0.034668 0.049805
0 0.592041 0.790527 0.012207 0.007812
0 0.502686 0.785400 0.011230 0.007324
0 0.234131 0.730225 0.014160 0.013184
0 0.095947 0.712158 0.022949 0.024902
0 0.791016 0.687012 0.011719 0.014648
0 0.385254 0.610107 0.009766 0.009277
0 0.465088 0.596680 0.006348 0.005859
0 0.754150 0.580566 0.009277 0.012695
0 0.923584 0.588135 0.016113 0.030762
0 0.897217 0.552246 0.006348 0.011719
0 0.730469 0.544922 0.006836 0.008789
0 0.628418 0.536621 0.006836 0.007812
0 0.950439 0.498779 0.008301 0.022949
0 0.686035 0.478760 0.013672 0.017090
0 0.956055 0.464844 0.030273 0.033203
0 0.979736 0.426514 0.021973 0.044434
0 0.882080 0.390625 0.010254 0.018555
0 0.912598 0.361572 0.015625 0.028809
0 0.890381 0.306641 0.013184 0.019531