0 0.470459 0.979004 0.030762 0.010742
0 0.580322 0.894287 0.038574 0.032715
0 0.345215 0.827393 0.019531 0.013184
0 0.326660 0.752686 0.048828 0.055176
0 0.064941 0.690674 0.027344 0.034668
0 0.116699 0.679932 0.017578 0.024902
0 0.180420 0.659668 0.033691 0.036133
0 0.634277 0.632080 0.006836 0.008301
0 0.354004 0.605469 0.010742 0.010742
0 0.031250 0.613770 0.037109 0.052734
0 0.210938 0.596436 0.026367 0.029785
0 0.290283 0.519043 0.021973 0.019531
0 0.061035 0.517578 0.019531 0.022461
0 0.158203 0.509766 0.027344 0.040039
0 0.301758 0.468750 0.024414 0.019531
0 0.411133 0.440674 0.008789 0.007324
0 0.237305 0.440918 0.013672 0.021484
0 0.343506 0.435059 0.012207 0.013672
0 0.598633 0.412842 0.008789 0.008301
0 0.136719 0.413818 0.030273 0.039551
0 0.301025 0.396484 0.010254 0.012695
0 0.401611 0.390137 0.006348 0.006836
0 0.250000 0.390869 0.019531 0.024902
0 0.050537 0.383789 0.030762 0.041016
0 0.369141 0.366455 0.011719 0.010254
0 0.588623 0.364502 0.010254 0.008301
0 0.291992 0.359375 0.013672 0.015625
0 0.197998 0.355713 0.021973 0.032715
0 0.606201 0.344482 0.014160 0.012207
0 0.101807 0.335205 0.021973 0.025879
0 0.142090 0.336182 0.023438 0.030762
0 0.636963 0.322021 0.010254 0.008301
0 0.297363 0.314697 0.010742 0.011230
0 0.727295 0.301270 0.011230 0.011719
0 0.185791 0.305420 0.014160 0.024902
0 0.068848 0.304199 0.029297 0.037109
0 0.260986 0.283447 0.014160 0.014160
0 0.679932 0.270020 0.012207 0.010742
0 0.221191 0.259766 0.008789 0.009766
0 0.144531 0.269043 0.018555 0.035156
0 0.088867 0.248535 0.019531 0.027344
0 0.174072 0.248779 0.027832 0.037598
0 0.127686 0.300049 0.024902 0.033691