0 0.320801 0.779541 0.017578 0.014160
0 0.281494 0.690186 0.022949 0.045410
0 0.035400 0.627686 0.042480 0.048340
0 0.594971 0.589600 0.009277 0.009277
0 0.084717 0.605469 0.028809 0.043945
0 0.143555 0.592529 0.041016 0.044434
0 0.321289 0.549316 0.014648 0.012695
0 0.087158 0.539062 0.008301 0.013672
0 0.177734 0.533447 0.026367 0.033691
0 0.263916 0.455322 0.021973 0.023926
0 0.024902 0.434082 0.015625 0.016602
0 0.122559 0.443848 0.032227 0.041016
0 0.444092 0.377441 0.006348 0.005859
0 0.278564 0.395508 0.024902 0.051758
0 0.325928 0.366943 0.005371 0.005371
0 0.377441 0.337646 0.007812 0.008301
0 0.223389 0.340820 0.020020 0.032227
0 0.116211 0.347656 0.031250 0.052734
0 0.152100 0.325684 0.014160 0.020508
0 0.344482 0.312744 0.007324 0.007324
0 0.239502 0.284180 0.015137 0.015625
0 0.184326 0.285645 0.015137 0.023438
0 0.119629 0.278320 0.017578 0.018555
0 0.077637 0.277344 0.026367 0.038086
0 0.275879 0.258789 0.007812 0.008789
0 0.166016 0.247314 0.009766 0.013184
0 0.099854 0.242676 0.011230 0.019531
0 0.240234 0.226807 0.014648 0.015137
0 0.170654 0.190430 0.024902 0.035156
0 0.209229 0.385010 0.006348 0.007324
0 0.125488 0.202881 0.031250 0.025879
0 0.434570 0.368896 0.011719 0.009277