0 0.544922 0.958008 0.034180 0.016602
0 0.431396 0.909180 0.044434 0.013672
0 0.435791 0.823730 0.017090 0.009766
0 0.731689 0.799805 0.029785 0.022461
0 0.283691 0.746582 0.014648 0.013672
0 0.277588 0.669189 0.040527 0.039551
0 0.026367 0.619873 0.031250 0.039551
0 0.064453 0.593262 0.016602 0.038086
0 0.125977 0.580322 0.027344 0.041504
0 0.665527 0.555420 0.011719 0.015137
0 0.300293 0.526123 0.008789 0.012207
0 0.059570 0.521973 0.019531 0.028320
0 0.155762 0.516113 0.032227 0.036133
0 0.973633 0.463135 0.007812 0.018066
0 0.018799 0.443115 0.006348 0.015137
0 0.242920 0.438965 0.019043 0.029297
0 0.105713 0.430420 0.028809 0.043457
0 0.979980 0.405273 0.008789 0.008789
0 0.309814 0.385986 0.012207 0.011230
0 0.246582 0.389893 0.034180 0.025879
0 0.420410 0.350342 0.008789 0.007324
0 0.325684 0.352783 0.017578 0.020020
0 0.411133 0.341797 0.013672 0.011719
0 0.375977 0.331299 0.009766 0.008301
0 0.086914 0.335205 0.035156 0.038574
0 0.351562 0.312256 0.012695 0.012207
0 0.202148 0.312500 0.016602 0.020508
0 0.148926 0.277832 0.019531 0.020508
0 0.282715 0.265625 0.012695 0.013672
0 0.093018 0.260498 0.020996 0.025879
0 0.248291 0.235352 0.016113 0.015625
0 0.139404 0.224365 0.019043 0.023926
0 0.210938 0.205322 0.009766 0.011230
0 0.124512 0.173584 0.035156 0.040527
0 0.083740 0.226318 0.012207 0.017090