0 0.630615 0.918701 0.041504 0.016113
0 0.352539 0.859619 0.018555 0.012207
0 0.330322 0.781738 0.046387 0.059570
0 0.079102 0.713623 0.034180 0.037598
0 0.123291 0.705322 0.018066 0.024902
0 0.185791 0.679199 0.037598 0.044922
0 0.358643 0.635010 0.009277 0.010254
0 0.216064 0.619141 0.030762 0.029297
0 0.035889 0.628662 0.037598 0.056152
0 0.301758 0.543457 0.020508 0.022461
0 0.073975 0.536865 0.020020 0.024902
0 0.165527 0.531006 0.028320 0.037598
0 0.189697 0.515869 0.009277 0.013184
0 0.627686 0.491943 0.007324 0.009277
0 0.220215 0.492432 0.010742 0.010254
0 0.313232 0.495117 0.026855 0.023438
0 0.248291 0.462158 0.011230 0.020020
0 0.378662 0.452881 0.011230 0.009277
0 0.344238 0.446045 0.010742 0.013184
0 0.682373 0.432373 0.012207 0.013184
0 0.665039 0.420898 0.008789 0.007812
0 0.151611 0.433105 0.028809 0.039062
0 0.310791 0.417236 0.009277 0.014160
0 0.265381 0.412354 0.016113 0.018066
0 0.040039 0.414062 0.016602 0.028320
0 0.593994 0.392090 0.007324 0.006836
0 0.731934 0.390869 0.010742 0.013184
0 0.834229 0.383789 0.010254 0.017578
0 0.063965 0.394775 0.024414 0.047363
0 0.610352 0.373291 0.012695 0.010254
0 0.348145 0.367188 0.009766 0.008789
0 0.213867 0.373535 0.021484 0.026367
0 0.161133 0.355957 0.015625 0.023438
0 0.640137 0.346436 0.007812 0.007324
0 0.271484 0.350586 0.016602 0.017578
0 0.118896 0.347412 0.020996 0.032715
0 0.654053 0.336914 0.016113 0.015625
0 0.315430 0.334961 0.011719 0.012695
0 0.729980 0.322754 0.006836 0.005859
0 0.206299 0.320801 0.015137 0.020508
0 0.148193 0.311523 0.022949 0.034180
0 0.079102 0.310547 0.039062 0.041016
0 0.243164 0.279053 0.011719 0.010254
0 0.197266 0.274414 0.015625 0.017578
0 0.167236 0.277832 0.025879 0.036133
0 0.112549 0.253662 0.022949 0.035645
0 0.202637 0.257080 0.009766 0.010254