0 0.071533 0.693359 0.014160 0.024414
0 0.589111 0.669189 0.008301 0.006348
0 0.673096 0.670654 0.013184 0.012207
0 0.137207 0.673828 0.035156 0.043945
0 0.308838 0.631592 0.013184 0.013184
0 0.167725 0.613037 0.027832 0.033691
0 0.208740 0.545898 0.011230 0.020508
0 0.251953 0.541260 0.019531 0.020996
0 0.028320 0.530273 0.020508 0.029297
0 0.117188 0.528564 0.025391 0.039551
0 0.189697 0.516602 0.010254 0.016602
0 0.175049 0.484619 0.013184 0.013184
0 0.263672 0.490479 0.020508 0.025879
0 0.200928 0.460693 0.013184 0.020996
0 0.638916 0.442871 0.012207 0.011719
0 0.389160 0.437012 0.006836 0.007812
0 0.509033 0.429199 0.006348 0.005859
0 0.623047 0.430908 0.013672 0.013184
0 0.031982 0.421875 0.012207 0.024414
0 0.099365 0.431885 0.034668 0.045410
0 0.280762 0.419434 0.016602 0.032227
0 0.692871 0.405762 0.011719 0.013672
0 0.217285 0.412842 0.020508 0.026855
0 0.792725 0.404541 0.008301 0.013184
0 0.240234 0.398682 0.009766 0.013184
0 0.567871 0.392578 0.008789 0.007812
0 0.335449 0.392334 0.007812 0.008301
0 0.570312 0.379395 0.007812 0.006836
0 0.018555 0.393311 0.019531 0.053223
0 0.298828 0.368896 0.007812 0.009277
0 0.164062 0.371826 0.022461 0.033691
0 0.603027 0.358154 0.011719 0.010254
0 0.067627 0.349609 0.032715 0.034180
0 0.266602 0.338135 0.012695 0.014160
0 0.156738 0.323242 0.016602 0.024414
0 0.175049 0.313965 0.014160 0.019531
0 0.041016 0.318359 0.020508 0.039062
0 0.151611 0.276367 0.015137 0.017578
0 0.107178 0.299316 0.039551 0.062500
0 0.153076 0.256836 0.010254 0.012695
0 0.065430 0.256104 0.021484 0.036621
0 0.878418 0.234863 0.013672 0.017578
0 0.757080 0.181152 0.026855 0.021484