0 0.393066 0.950439 0.042969 0.016113
0 0.370850 0.825684 0.012207 0.006836
0 0.321777 0.738525 0.022461 0.049316
0 0.066162 0.711426 0.032715 0.033203
0 0.118164 0.683838 0.023438 0.039551
0 0.177979 0.658936 0.030762 0.039551
0 0.624512 0.616943 0.006836 0.006348
0 0.031250 0.632812 0.038086 0.056641
0 0.349121 0.597900 0.010742 0.011230
0 0.206299 0.597900 0.029785 0.029785
0 0.284668 0.512451 0.019531 0.021973
0 0.142090 0.515869 0.021484 0.029785
0 0.293213 0.460205 0.023926 0.025879
0 0.223145 0.444580 0.010742 0.016113
0 0.286377 0.402588 0.009277 0.011230
0 0.124268 0.407471 0.041504 0.074707
0 0.246338 0.375977 0.016113 0.024414
0 0.172119 0.373779 0.011230 0.020020
0 0.362549 0.350830 0.009277 0.010254
0 0.324219 0.328125 0.006836 0.007812
0 0.244629 0.317627 0.012695 0.014160
0 0.136719 0.320312 0.017578 0.026367
0 0.203369 0.325928 0.034668 0.042480
0 0.091797 0.315918 0.035156 0.038086
0 0.177979 0.292480 0.013184 0.017578
0 0.062988 0.286865 0.028320 0.040527
0 0.203857 0.253174 0.014160 0.013184
0 0.128174 0.268555 0.037598 0.055664
0 0.180908 0.244629 0.013184 0.014648
0 0.164307 0.227539 0.006348 0.006836
0 0.079834 0.235352 0.023926 0.035156