0 0.209717 0.804443 0.030762 0.028809
0 0.444092 0.788330 0.020020 0.016113
0 0.564453 0.731934 0.009766 0.007812
0 0.075195 0.704590 0.037109 0.045898
0 0.249512 0.673340 0.009766 0.010742
0 0.108643 0.646973 0.030762 0.040039
0 0.198975 0.581787 0.025879 0.022949
0 0.385254 0.560547 0.009766 0.009766
0 0.039795 0.560791 0.018066 0.028809
0 0.070068 0.562988 0.020996 0.037109
0 0.217529 0.536133 0.021973 0.022461
0 0.152588 0.506592 0.012207 0.019043
0 0.648682 0.470459 0.006348 0.009277
0 0.750000 0.467773 0.006836 0.010742
0 0.559082 0.459229 0.007812 0.008301
0 0.705566 0.416992 0.015625 0.015625
0 0.652832 0.405518 0.005859 0.005371
0 0.601318 0.365723 0.008301 0.007812
0 0.967041 0.362061 0.028809 0.027832
0 0.886230 0.301514 0.013672 0.020996
0 0.679199 0.296875 0.013672 0.014648
0 0.911621 0.268066 0.014648 0.021484
0 0.707275 0.239502 0.015137 0.013184
0 0.816162 0.171875 0.017090 0.016602
0 0.575684 0.496094 0.005859 0.006836