0 0.566650 0.636475 0.008301 0.006348
0 0.653564 0.635010 0.006348 0.008301
0 0.363525 0.409180 0.007324 0.006836
0 0.615234 0.410400 0.015625 0.011230
0 0.598389 0.398926 0.016113 0.012695
0 0.241699 0.393311 0.012695 0.017090
0 0.186768 0.392822 0.024902 0.027832
0 0.669189 0.373047 0.010254 0.010742
0 0.768555 0.371094 0.009766 0.013672
0 0.529785 0.367188 0.007812 0.007812
0 0.308105 0.368164 0.008789 0.008789
0 0.186523 0.364990 0.012695 0.019043
0 0.219727 0.357910 0.013672 0.013672
0 0.547363 0.348633 0.008789 0.006836
0 0.270508 0.346191 0.010742 0.010742
0 0.137451 0.352051 0.022949 0.032227
0 0.082031 0.340088 0.023438 0.024902
0 0.579346 0.325684 0.013184 0.009766
0 0.042969 0.331787 0.026367 0.033691
0 0.236084 0.316650 0.013184 0.015137
0 0.127441 0.305420 0.016602 0.020996
0 0.160645 0.260986 0.013672 0.015137
0 0.123779 0.259033 0.038574 0.046387
0 0.852295 0.227051 0.014160 0.016602
0 0.093994 0.262939 0.067871 0.100098
0 0.757568 0.165283 0.028809 0.023926
0 0.399170 0.421387 0.010254 0.009766
0 0.121094 0.240479 0.013672 0.017090