0 0.477783 0.942383 0.037598 0.016602
0 0.393311 0.897217 0.037598 0.026855
0 0.665771 0.797119 0.022949 0.019043
0 0.241699 0.718506 0.014648 0.016113
0 0.246582 0.640381 0.041016 0.056152
0 0.007324 0.573242 0.004883 0.020508
0 0.641602 0.555908 0.009766 0.012207
0 0.100830 0.552002 0.024902 0.065918
0 0.277832 0.505127 0.006836 0.009277
0 0.949951 0.461914 0.010254 0.013672
0 0.218262 0.449463 0.020508 0.022949
0 0.083252 0.451904 0.026855 0.046387
0 0.959961 0.395752 0.004883 0.005371
0 0.290527 0.393066 0.012695 0.015625
0 0.220459 0.395020 0.039551 0.026367
0 0.318604 0.367188 0.013184 0.014648
0 0.241699 0.353516 0.011719 0.013672
0 0.060547 0.349609 0.038086 0.043945
0 0.527100 0.330566 0.011230 0.007812
0 0.172852 0.321289 0.017578 0.022461
0 0.594482 0.317627 0.032715 0.023926
0 0.291504 0.290771 0.013672 0.011230
0 0.655762 0.287842 0.011719 0.010254
0 0.758789 0.287109 0.010742 0.012695
0 0.517334 0.281494 0.015137 0.009277
0 0.118896 0.288086 0.020020 0.024414
0 0.536133 0.262695 0.016602 0.009766
0 0.064453 0.269287 0.028320 0.041504
0 0.565918 0.240967 0.009766 0.007324
0 0.217529 0.239990 0.010254 0.010254
0 0.107422 0.237061 0.017578 0.022949
0 0.658936 0.222168 0.014160 0.010742
0 0.807373 0.212891 0.017090 0.017578
0 0.181152 0.210205 0.012695 0.015137
0 0.140625 0.189453 0.010742 0.011719
0 0.792969 0.140869 0.017578 0.016113
0 0.708252 0.082520 0.012207 0.010742
0 0.685303 0.063965 0.022949 0.013672
0 0.037842 0.551270 0.014160 0.050781