0 0.179932 0.835205 0.050293 0.051270
0 0.586182 0.773926 0.012207 0.008789
0 0.550537 0.717041 0.011230 0.007324
0 0.114258 0.721680 0.033203 0.038086
0 0.224365 0.699707 0.009277 0.009766
0 0.194092 0.644775 0.025879 0.024902
0 0.209229 0.603271 0.010254 0.018066
0 0.731445 0.522949 0.005859 0.007812
0 0.776855 0.527588 0.010742 0.021973
0 0.630127 0.514648 0.008301 0.009766
0 0.638672 0.447021 0.004883 0.004395
0 0.590576 0.444336 0.006348 0.005859
0 0.617920 0.438232 0.011230 0.010254
0 0.957031 0.435059 0.030273 0.033203
0 0.614746 0.408691 0.010742 0.009766
0 0.980957 0.399414 0.020508 0.041016
0 0.880859 0.362549 0.010742 0.017090
0 0.909912 0.331787 0.013184 0.019043
0 0.666504 0.319824 0.015625 0.014648
0 0.913086 0.252686 0.014648 0.020996