0 0.075195 0.702393 0.015625 0.026855
0 0.139160 0.683838 0.037109 0.044434
0 0.589844 0.664795 0.014648 0.010254
0 0.674805 0.662598 0.012695 0.011719
0 0.310303 0.633545 0.011230 0.012207
0 0.169189 0.623779 0.028809 0.032715
0 0.208008 0.553223 0.011719 0.020508
0 0.250000 0.543945 0.019531 0.023438
0 0.027344 0.542480 0.019531 0.030273
0 0.115723 0.538086 0.026367 0.038086
0 0.191650 0.523193 0.008301 0.015137
0 0.173096 0.492676 0.010254 0.015625
0 0.260742 0.494873 0.021484 0.025879
0 0.197021 0.468750 0.013184 0.019531
0 0.420898 0.449219 0.005859 0.005859
0 0.634033 0.435547 0.014160 0.012695
0 0.028564 0.434570 0.011230 0.020508
0 0.619385 0.426514 0.011230 0.009277
0 0.272705 0.429443 0.013184 0.018066
0 0.098633 0.440918 0.029297 0.041992
0 0.362305 0.419189 0.008789 0.009277
0 0.208496 0.418701 0.017578 0.025879
0 0.275391 0.408447 0.011719 0.016113
0 0.553467 0.398926 0.008301 0.007812
0 0.234131 0.402100 0.010254 0.016113
0 0.687988 0.398193 0.011719 0.011230
0 0.329346 0.395020 0.007324 0.008789
0 0.567139 0.394287 0.008301 0.007324
0 0.015137 0.408691 0.017578 0.041016
0 0.787598 0.394043 0.008789 0.014648
0 0.572266 0.379639 0.010742 0.009277
0 0.955078 0.382568 0.009766 0.019043
0 0.292480 0.372070 0.010742 0.012695
0 0.159912 0.382080 0.019043 0.033691
0 0.104980 0.366699 0.012695 0.020508
0 0.604980 0.358398 0.012695 0.010742
0 0.066650 0.359863 0.027832 0.038086
0 0.259277 0.342773 0.005859 0.005859
0 0.034180 0.334229 0.019531 0.038574
0 0.149414 0.331299 0.017578 0.024902
0 0.645752 0.298828 0.008301 0.006836
0 0.141846 0.285156 0.015137 0.020508
0 0.099609 0.307129 0.039062 0.064453
0 0.054932 0.275146 0.011230 0.019043
0 0.142822 0.265869 0.011230 0.014160
0 0.882080 0.240234 0.014160 0.017578
0 0.762451 0.186035 0.029785 0.026367
0 0.165527 0.319824 0.017578 0.025391