0 0.596680 0.781738 0.023438 0.014648
0 0.590820 0.735840 0.012695 0.007812
0 0.647705 0.606445 0.012207 0.013672
0 0.425049 0.428711 0.010254 0.008789
0 0.351562 0.387207 0.009766 0.008789
0 0.604980 0.383789 0.011719 0.008789
0 0.587646 0.372070 0.014160 0.011719
0 0.516602 0.342285 0.005859 0.005859
0 0.656250 0.343750 0.011719 0.011719
0 0.756104 0.341309 0.011230 0.013672
0 0.553223 0.338135 0.011719 0.012207
0 0.923096 0.326660 0.008301 0.011719
0 0.535156 0.322021 0.013672 0.009277
0 0.221436 0.296875 0.010254 0.009766
0 0.186523 0.265137 0.009766 0.010742
0 0.696533 0.073975 0.018066 0.012207
0 0.578857 0.277100 0.010254 0.007324
0 0.387207 0.398682 0.011719 0.011230
0 0.327881 0.369629 0.010254 0.011719