0 0.454346 0.937500 0.018066 0.008789
0 0.482178 0.854248 0.034668 0.015137
0 0.303955 0.772949 0.015137 0.012695
0 0.296875 0.695801 0.041016 0.044922
0 0.039307 0.635742 0.045410 0.038086
0 0.086426 0.614014 0.024414 0.043457
0 0.687500 0.592041 0.006836 0.009277
0 0.604248 0.590576 0.007324 0.008301
0 0.153809 0.602783 0.036133 0.041504
0 0.007324 0.566162 0.007812 0.027832
0 0.324463 0.553467 0.008301 0.012207
0 0.093994 0.548828 0.006348 0.009766
0 0.182617 0.542236 0.027344 0.030762
0 0.267578 0.466797 0.018555 0.020508
0 0.132568 0.457520 0.024902 0.032227
0 0.270508 0.413330 0.041016 0.026855
0 0.329346 0.407471 0.015137 0.020996
0 0.213379 0.386719 0.014648 0.026367
0 0.437500 0.372070 0.008789 0.008789
0 0.299316 0.371094 0.011719 0.014648
0 0.320312 0.348145 0.010742 0.010742
0 0.116211 0.354004 0.033203 0.048828
0 0.227051 0.345947 0.028320 0.038574
0 0.035400 0.336914 0.018066 0.029297
0 0.312012 0.293701 0.007812 0.007324
0 0.180176 0.301758 0.028320 0.031250
0 0.126465 0.281494 0.028320 0.039551
0 0.166992 0.251221 0.013672 0.019043
0 0.245117 0.228271 0.007812 0.007324
0 0.202148 0.207520 0.011719 0.008789
0 0.109375 0.249023 0.088867 0.099609
0 0.379395 0.341553 0.006836 0.006348
0 0.349365 0.315918 0.009277 0.008789