0 0.425293 0.782227 0.014648 0.010742
0 0.194092 0.793701 0.034668 0.036621
0 0.493408 0.741455 0.008301 0.007324
0 0.241699 0.667480 0.010742 0.012695
0 0.062988 0.682373 0.044922 0.062012
0 0.101807 0.622559 0.032715 0.068359
0 0.195557 0.575195 0.023926 0.023438
0 0.384033 0.558594 0.010254 0.009766
0 0.038330 0.552002 0.024902 0.030762
0 0.067871 0.555176 0.018555 0.042969
0 0.216797 0.533691 0.019531 0.028320
0 0.151123 0.501221 0.013184 0.023926
0 0.647217 0.466064 0.007324 0.010254
0 0.560791 0.455811 0.007324 0.008301
0 0.913818 0.434814 0.008301 0.018066
0 0.708252 0.411865 0.012207 0.015137
0 0.648193 0.402588 0.009277 0.010254
0 0.957520 0.343262 0.023438 0.027344
0 0.668213 0.298584 0.011230 0.012207
0 0.877197 0.287842 0.008301 0.011230
0 0.901367 0.256592 0.018555 0.024902
0 0.693359 0.237305 0.017578 0.015625
0 0.807129 0.163330 0.019531 0.014160