0 0.158936 0.851074 0.036621 0.051758
0 0.577393 0.808105 0.011230 0.007812
0 0.487305 0.797852 0.009766 0.006836
0 0.781250 0.720947 0.016602 0.019043
0 0.500244 0.630615 0.008301 0.006348
0 0.459473 0.613525 0.007812 0.006348
0 0.919434 0.625732 0.014648 0.037598
0 0.768311 0.590820 0.008301 0.012695
0 0.894775 0.577881 0.007324 0.012207
0 0.728760 0.566162 0.008301 0.014160
0 0.627197 0.554199 0.008301 0.008789
0 0.934570 0.515869 0.008789 0.022949
0 0.673584 0.489746 0.009277 0.014648
0 0.955322 0.492188 0.023926 0.032227
0 0.979980 0.456787 0.019531 0.054199
0 0.885254 0.416260 0.010742 0.020020
0 0.916748 0.387451 0.014160 0.026855
0 0.896240 0.329346 0.013184 0.021973