0 0.320068 0.779053 0.017090 0.012207
0 0.276611 0.684326 0.022949 0.045410
0 0.032959 0.624023 0.041504 0.044922
0 0.593994 0.588379 0.007324 0.007812
0 0.681641 0.590576 0.007812 0.013184
0 0.079834 0.604248 0.025879 0.041504
0 0.140869 0.589844 0.030762 0.041016
0 0.318848 0.546387 0.013672 0.011719
0 0.085449 0.537109 0.006836 0.012695
0 0.173584 0.530273 0.031738 0.033203
0 0.262695 0.453857 0.019531 0.021973
0 0.123291 0.446533 0.030762 0.031738
0 0.019775 0.430664 0.009277 0.018555
0 0.277832 0.399170 0.025391 0.038574
0 0.376709 0.336426 0.009277 0.008789
0 0.116211 0.347168 0.031250 0.049805
0 0.221436 0.341553 0.023926 0.039551
0 0.152100 0.322021 0.013184 0.020020
0 0.238770 0.282471 0.016602 0.018066
0 0.179199 0.290527 0.020508 0.036133
0 0.120117 0.278076 0.015625 0.015137
0 0.162842 0.244141 0.011230 0.014648
0 0.090576 0.253418 0.053223 0.083008
0 0.188477 0.203613 0.011719 0.013672
0 0.125244 0.198242 0.026855 0.024414
0 0.168945 0.190186 0.025391 0.034668
0 0.208984 0.382568 0.007812 0.008301
0 0.434814 0.368164 0.011230 0.008789