0 0.318359 0.867676 0.015625 0.011719
0 0.298340 0.787842 0.042969 0.058105
0 0.058350 0.729004 0.016113 0.025391
0 0.094727 0.712158 0.015625 0.021973
0 0.610352 0.683350 0.010742 0.009277
0 0.693604 0.682617 0.018066 0.015625
0 0.156982 0.688477 0.034668 0.042969
0 0.024170 0.647705 0.007324 0.019043
0 0.330566 0.642822 0.008789 0.011230
0 0.189697 0.629883 0.028809 0.031250
0 0.229248 0.564209 0.012207 0.020020
0 0.274170 0.555176 0.020996 0.025391
0 0.050537 0.546143 0.013184 0.020996
0 0.137451 0.541992 0.027832 0.036133
0 0.188965 0.530029 0.008789 0.015137
0 0.195801 0.505127 0.013672 0.020020
0 0.286377 0.505859 0.021973 0.023438
0 0.222412 0.474609 0.011230 0.021484
0 0.657471 0.454590 0.007324 0.007812
0 0.641602 0.442383 0.007812 0.006836
0 0.309570 0.446045 0.011719 0.014160
0 0.327148 0.444092 0.011719 0.015137
0 0.388672 0.430176 0.007812 0.008789
0 0.053955 0.438232 0.014160 0.025879
0 0.125488 0.445312 0.026367 0.044922
0 0.237061 0.426025 0.016113 0.020996
0 0.713867 0.418213 0.007812 0.011230
0 0.271729 0.419922 0.010254 0.015625
0 0.814209 0.415771 0.006348 0.010254
0 0.015869 0.427734 0.019043 0.041992
0 0.592529 0.392090 0.009277 0.008789
0 0.036865 0.406982 0.025879 0.052246
0 0.612305 0.384277 0.008789 0.011719
0 0.186035 0.387939 0.023438 0.028809
0 0.624268 0.370605 0.008301 0.009766
0 0.091797 0.362305 0.020508 0.029297
0 0.219238 0.342041 0.013672 0.018066
0 0.179932 0.334473 0.017090 0.024414
0 0.060547 0.328613 0.024414 0.041992
0 0.216553 0.290527 0.008301 0.011719
0 0.172852 0.287354 0.015625 0.020996
0 0.129883 0.307617 0.040039 0.067383
0 0.082275 0.268311 0.022949 0.028809
0 0.899414 0.228760 0.017578 0.022949
0 0.759277 0.180420 0.029297 0.025879
0 0.665039 0.312012 0.010742 0.009766
0 0.174072 0.271240 0.006348 0.008301