0 0.459473 0.960938 0.017578 0.007812
0 0.547607 0.878906 0.036621 0.016602
0 0.334717 0.806885 0.018066 0.011230
0 0.325195 0.724854 0.028320 0.036621
0 0.052490 0.678467 0.032715 0.041504
0 0.107422 0.657959 0.018555 0.038574
0 0.172119 0.639404 0.030762 0.039551
0 0.625000 0.615234 0.005859 0.005859
0 0.344238 0.585938 0.011719 0.011719
0 0.020996 0.597412 0.030273 0.059082
0 0.201904 0.575439 0.027832 0.031738
0 0.048340 0.494873 0.006836 0.010254
0 0.281494 0.500244 0.020996 0.021973
0 0.149170 0.493652 0.025879 0.030273
0 0.122070 0.483887 0.007812 0.020508
0 0.288086 0.448730 0.038086 0.021484
0 0.422852 0.431641 0.007812 0.006836
0 0.341309 0.424072 0.014648 0.015137
0 0.228516 0.425049 0.013672 0.023926
0 0.303467 0.385986 0.013184 0.016113
0 0.389893 0.375488 0.008301 0.006836
0 0.130127 0.392334 0.033691 0.043457
0 0.243896 0.373779 0.016113 0.022949
0 0.356445 0.353027 0.006836 0.005859
0 0.306641 0.354980 0.018555 0.019531
0 0.039307 0.361572 0.037598 0.048340
0 0.190918 0.338867 0.021484 0.026367
0 0.322021 0.326172 0.010254 0.009766
0 0.133789 0.319824 0.016602 0.027344
0 0.090088 0.316650 0.028809 0.030762
0 0.288086 0.297363 0.008789 0.007812
0 0.179443 0.283691 0.020020 0.027344
0 0.060303 0.286621 0.021973 0.040039
0 0.254395 0.263916 0.006836 0.008301
0 0.156006 0.244629 0.018066 0.021484
0 0.132080 0.261230 0.044434 0.069336
0 0.171143 0.223145 0.015137 0.020508
0 0.085938 0.222412 0.023438 0.034668