0 0.641846 0.595459 0.010254 0.012207
0 0.436523 0.394043 0.007812 0.006836
0 0.415283 0.379395 0.010254 0.008789
0 0.600342 0.373291 0.014160 0.010254
0 0.584473 0.361816 0.013672 0.009766
0 0.654785 0.335693 0.011719 0.010254
0 0.516846 0.331787 0.008301 0.009277
0 0.753174 0.332520 0.011230 0.012695
0 0.919922 0.319336 0.010742 0.015625
0 0.535156 0.312744 0.014648 0.009277
0 0.566650 0.290527 0.012207 0.008789
0 0.655273 0.270996 0.005859 0.005859
0 0.580566 0.268555 0.010742 0.007812
0 0.838867 0.224854 0.014648 0.016113
0 0.773682 0.152588 0.027832 0.023926
0 0.376221 0.396484 0.012207 0.012695