0 0.228271 0.806396 0.010254 0.010254
0 0.469727 0.796387 0.021484 0.011719
0 0.072510 0.699219 0.044434 0.056641
0 0.252930 0.675049 0.011719 0.015137
0 0.108154 0.637451 0.032715 0.052246
0 0.197998 0.585205 0.025879 0.036621
0 0.375244 0.557861 0.010254 0.008301
0 0.067627 0.556641 0.019043 0.044922
0 0.008545 0.544678 0.009277 0.024902
0 0.215332 0.530029 0.020508 0.027832
0 0.374023 0.500732 0.006836 0.006348
0 0.149658 0.499756 0.013184 0.020996
0 0.916748 0.486572 0.007324 0.017090
0 0.748779 0.484375 0.007324 0.012695
0 0.648193 0.475098 0.009277 0.011719
0 0.540527 0.469727 0.008789 0.007812
0 0.062012 0.476318 0.012695 0.029785
0 0.688965 0.412598 0.013672 0.013672
0 0.972168 0.398438 0.024414 0.036133
0 0.606934 0.364014 0.009766 0.008301
0 0.898438 0.326416 0.008789 0.013184
0 0.927002 0.297363 0.017090 0.029297
0 0.696777 0.281494 0.014648 0.014160
0 0.727783 0.234619 0.016113 0.014160
0 0.806396 0.170410 0.023926 0.022461
0 0.547852 0.446289 0.007812 0.006836
0 0.588623 0.509766 0.007324 0.005859