0 0.256836 0.848145 0.033203 0.036133
0 0.480713 0.791504 0.015137 0.009766
0 0.104736 0.764404 0.052246 0.057129
0 0.539551 0.738770 0.008789 0.006836
0 0.278809 0.713379 0.011719 0.012695
0 0.132812 0.696533 0.044922 0.062012
0 0.056396 0.638672 0.025879 0.029297
0 0.216309 0.631592 0.024414 0.020996
0 0.086182 0.636475 0.022949 0.040527
0 0.397217 0.579834 0.010254 0.009277
0 0.228271 0.587402 0.020996 0.026367
0 0.158203 0.567627 0.013672 0.022949
0 0.919434 0.508789 0.005859 0.009766
0 0.751221 0.502197 0.006348 0.007324
0 0.650879 0.492920 0.006836 0.010254
0 0.566650 0.467773 0.007324 0.008789
0 0.719482 0.447754 0.010254 0.015625
0 0.663574 0.429688 0.006836 0.008789
0 0.979004 0.426758 0.024414 0.031250
0 0.618164 0.380859 0.005859 0.005859
0 0.909180 0.357910 0.011719 0.026367
0 0.701416 0.326416 0.009277 0.013184
0 0.937744 0.326172 0.015137 0.026367
0 0.736816 0.271729 0.013672 0.015137
0 0.855225 0.217285 0.019043 0.014648