0 0.369385 0.929199 0.023926 0.010742
0 0.346436 0.804688 0.016113 0.009766
0 0.302734 0.713623 0.025391 0.043457
0 0.047607 0.665771 0.031738 0.037598
0 0.099854 0.646240 0.022949 0.043457
0 0.162109 0.624512 0.032227 0.041992
0 0.613525 0.601807 0.010254 0.009277
0 0.335205 0.573975 0.008301 0.011230
0 0.015381 0.588379 0.021973 0.064453
0 0.191650 0.564453 0.027832 0.029297
0 0.277100 0.483398 0.022949 0.017578
0 0.136230 0.480713 0.028320 0.030762
0 0.286133 0.431885 0.025391 0.025879
0 0.218506 0.412109 0.009277 0.013672
0 0.443359 0.387207 0.010742 0.006836
0 0.302734 0.388916 0.011719 0.014160
0 0.122070 0.384033 0.026367 0.043457
0 0.384277 0.358643 0.007812 0.007324
0 0.234131 0.361328 0.016113 0.027344
0 0.159668 0.355957 0.012695 0.019531
0 0.314697 0.312500 0.008301 0.007812
0 0.187988 0.313477 0.025391 0.028320
0 0.239014 0.306152 0.015137 0.016602
0 0.122314 0.311035 0.022949 0.026367
0 0.082764 0.301270 0.029785 0.038086
0 0.280273 0.283447 0.012695 0.011230
0 0.056152 0.279297 0.018555 0.032227
0 0.169189 0.272705 0.018066 0.026855
0 0.244385 0.251465 0.011230 0.011719
0 0.197266 0.232666 0.030273 0.024902
0 0.172607 0.218750 0.026855 0.038086