0 0.194824 0.874512 0.042969 0.039062
0 0.589111 0.803467 0.007324 0.006348
0 0.546631 0.727539 0.008301 0.006836
0 0.401611 0.608643 0.014160 0.011230
0 0.823242 0.597656 0.012695 0.019531
0 0.899902 0.545166 0.006836 0.011230
0 0.733154 0.545898 0.009277 0.013672
0 0.631348 0.541504 0.007812 0.008789
0 0.670166 0.461182 0.011230 0.014160
0 0.955078 0.455322 0.031250 0.033691
0 0.659424 0.407715 0.013184 0.011719
0 0.979492 0.409180 0.017578 0.030273
0 0.877441 0.386963 0.010742 0.020020
0 0.906006 0.355957 0.017090 0.026367
0 0.944580 0.307861 0.016113 0.025879