0 0.482910 0.856201 0.034180 0.015137
0 0.302979 0.772217 0.013184 0.012207
0 0.296387 0.695312 0.041992 0.044922
0 0.038574 0.633789 0.044922 0.038086
0 0.085938 0.612549 0.024414 0.043457
0 0.603760 0.593262 0.007324 0.008789
0 0.153564 0.601318 0.036621 0.042480
0 0.007324 0.564209 0.007812 0.027832
0 0.324463 0.552734 0.008301 0.012695
0 0.093506 0.547119 0.006348 0.009277
0 0.182373 0.540771 0.026855 0.030762
0 0.269775 0.463135 0.020996 0.020996
0 0.135986 0.449463 0.023926 0.034668
0 0.444336 0.406982 0.005859 0.006348
0 0.272217 0.413330 0.044434 0.023926
0 0.333496 0.402832 0.014648 0.016602
0 0.451172 0.381348 0.006836 0.006836
0 0.217041 0.383057 0.014160 0.021973
0 0.441406 0.372803 0.010742 0.008301
0 0.303223 0.368408 0.011719 0.014160
0 0.323486 0.345215 0.012207 0.010742
0 0.383545 0.341309 0.006348 0.005859
0 0.119141 0.350830 0.035156 0.047363
0 0.229248 0.344727 0.025879 0.044922
0 0.041992 0.331787 0.018555 0.030762
0 0.352295 0.314941 0.006348 0.006836
0 0.317139 0.291260 0.006348 0.006348
0 0.182129 0.298828 0.025391 0.027344
0 0.128662 0.278809 0.028809 0.041992
0 0.172852 0.245361 0.014648 0.016113
0 0.101562 0.255859 0.062500 0.076172
0 0.209717 0.203369 0.008301 0.008301
0 0.141602 0.208252 0.039062 0.030762