0 0.231689 0.859863 0.039551 0.042969
0 0.626221 0.746094 0.011230 0.008789
0 0.083252 0.759521 0.035645 0.044434
0 0.259766 0.714844 0.013672 0.013672
0 0.118408 0.705322 0.036621 0.059082
0 0.198242 0.623047 0.022461 0.025391
0 0.034180 0.620605 0.018555 0.027344
0 0.068359 0.614746 0.021484 0.043945
0 0.400879 0.574707 0.006836 0.006836
0 0.208984 0.577393 0.021484 0.032715
0 0.639160 0.485840 0.006836 0.010742
0 0.755615 0.463135 0.011230 0.018066
0 0.591064 0.434082 0.007324 0.008789
0 0.642090 0.418457 0.004883 0.006836
0 0.955078 0.378906 0.027344 0.040039
0 0.636475 0.358154 0.011230 0.013184
0 0.969727 0.337891 0.014648 0.028320
0 0.873291 0.310547 0.012207 0.018555
0 0.668945 0.276367 0.016602 0.014648
0 0.898682 0.280762 0.018066 0.027344
0 0.867188 0.191650 0.018555 0.020020