0 0.228027 0.818359 0.028320 0.044922
0 0.636719 0.737793 0.014648 0.009766
0 0.547607 0.736816 0.012207 0.008789
0 0.099609 0.721436 0.032227 0.046387
0 0.277588 0.684814 0.009277 0.011230
0 0.135254 0.667236 0.030273 0.033691
0 0.223633 0.593262 0.020508 0.025391
0 0.842041 0.589111 0.010254 0.019043
0 0.088135 0.580078 0.023926 0.040039
0 0.721924 0.561768 0.008301 0.013184
0 0.064697 0.545654 0.006348 0.015137
0 0.240967 0.540039 0.020996 0.026367
0 0.172607 0.513672 0.014160 0.023438
0 0.085205 0.493896 0.005371 0.005371
0 0.768799 0.483154 0.006348 0.011230
0 0.937744 0.484131 0.007324 0.014160
0 0.669922 0.480225 0.006836 0.011230
0 0.955078 0.481445 0.014648 0.034180
0 0.766357 0.452393 0.012207 0.021973
0 0.676270 0.413086 0.008789 0.010742
0 0.984375 0.393311 0.013672 0.037598
0 0.914795 0.325439 0.011230 0.019043
0 0.944336 0.297363 0.018555 0.030273
0 0.914062 0.241943 0.013672 0.019043