0 0.242188 0.851807 0.032227 0.035645
0 0.540039 0.743896 0.006836 0.006348
0 0.093750 0.763428 0.041992 0.045410
0 0.266846 0.712646 0.011230 0.013184
0 0.124023 0.697754 0.038086 0.049805
0 0.048340 0.627441 0.019531 0.028320
0 0.075928 0.625488 0.020020 0.039062
0 0.205078 0.619629 0.025391 0.044922
0 0.400391 0.574219 0.008789 0.008789
0 0.217041 0.575439 0.024902 0.049316
0 0.146973 0.552979 0.006836 0.006348
0 0.745605 0.494629 0.007812 0.010742
0 0.643555 0.489258 0.006836 0.008789
0 0.743896 0.460938 0.011230 0.013672
0 0.577393 0.435059 0.010254 0.009766
0 0.639404 0.403320 0.009277 0.010742
0 0.968750 0.408936 0.026367 0.031738
0 0.582520 0.364502 0.006836 0.006348
0 0.640137 0.329102 0.014648 0.013672
0 0.864014 0.279785 0.013184 0.017578
0 0.663574 0.251953 0.014648 0.011719
0 0.886475 0.245117 0.016113 0.018555
0 0.834961 0.163330 0.015625 0.016113
0 0.372803 0.531738 0.007324 0.006836