0 0.349365 0.801514 0.015137 0.010254
0 0.304199 0.711670 0.021484 0.041504
0 0.047363 0.667236 0.029297 0.039551
0 0.098877 0.640869 0.021973 0.046387
0 0.160645 0.625000 0.033203 0.041992
0 0.604248 0.602539 0.007324 0.009766
0 0.333740 0.570557 0.010254 0.012207
0 0.013916 0.583984 0.017090 0.050781
0 0.189209 0.562744 0.029785 0.033691
0 0.272461 0.480957 0.019531 0.019531
0 0.033203 0.473145 0.016602 0.016602
0 0.131836 0.477539 0.030273 0.037109
0 0.281250 0.428467 0.021484 0.025879
0 0.215332 0.409668 0.005859 0.008789
0 0.307373 0.385742 0.010254 0.012695
0 0.440430 0.383301 0.009766 0.006836
0 0.413330 0.376465 0.006348 0.005859
0 0.118408 0.380615 0.025879 0.044434
0 0.381592 0.355469 0.012207 0.009766
0 0.156006 0.356201 0.013184 0.023926
0 0.229736 0.356689 0.025879 0.025879
0 0.349609 0.329346 0.006836 0.006348
0 0.311035 0.310059 0.011719 0.012695
0 0.236328 0.306152 0.016602 0.019531
0 0.115479 0.306885 0.028809 0.025879
0 0.182129 0.308350 0.023438 0.034668
0 0.078857 0.299561 0.033691 0.033691
0 0.277344 0.279053 0.006836 0.006348
0 0.161621 0.275146 0.017578 0.024902
0 0.054688 0.277832 0.017578 0.033203
0 0.187256 0.232422 0.013184 0.014648
0 0.160156 0.230957 0.024414 0.029297
0 0.134521 0.216553 0.062012 0.071777