0 0.320312 0.894043 0.020508 0.010742
0 0.275879 0.808838 0.028320 0.049316
0 0.081787 0.741943 0.015137 0.021973
0 0.587402 0.708496 0.007812 0.006836
0 0.677734 0.706787 0.012695 0.015137
0 0.143066 0.716797 0.035156 0.038086
0 0.173584 0.657471 0.028809 0.031738
0 0.026611 0.590332 0.033691 0.027344
0 0.258789 0.580811 0.019531 0.020020
0 0.121338 0.575684 0.024902 0.035156
0 0.704590 0.536377 0.007812 0.015137
0 0.878662 0.525635 0.008301 0.017090
0 0.270996 0.528076 0.021484 0.024902
0 0.132812 0.513428 0.006836 0.014160
0 0.202881 0.506592 0.013184 0.020996
0 0.644775 0.479980 0.012207 0.010742
0 0.155273 0.460449 0.009766 0.021484
0 0.108398 0.474365 0.022461 0.052246
0 0.220703 0.453857 0.016602 0.022949
0 0.699463 0.444580 0.009277 0.012207
0 0.799805 0.444092 0.007812 0.016113
0 0.817871 0.439453 0.016602 0.029297
0 0.018066 0.452637 0.028320 0.066406
0 0.975830 0.417236 0.015137 0.035645
0 0.173828 0.410156 0.020508 0.025391
0 0.610596 0.395752 0.008301 0.009277
0 0.113037 0.401123 0.017090 0.028809
0 0.071777 0.397461 0.020508 0.029297
0 0.705078 0.380127 0.005859 0.006348
0 0.044434 0.372314 0.014648 0.026855
0 0.938232 0.279297 0.013184 0.020508
0 0.625732 0.468018 0.007324 0.009277