0 0.117676 0.791748 0.046875 0.052246
0 0.280273 0.721680 0.016602 0.016602
0 0.143555 0.727051 0.042969 0.045898
0 0.053711 0.637451 0.019531 0.027832
0 0.211914 0.634277 0.025391 0.023438
0 0.080078 0.633789 0.023438 0.042969
0 0.400635 0.578613 0.008301 0.009766
0 0.220459 0.585449 0.020020 0.032227
0 0.151123 0.565674 0.013184 0.018066
0 0.745605 0.494141 0.005859 0.010742
0 0.913330 0.493652 0.007324 0.016602
0 0.643555 0.485352 0.006836 0.010742
0 0.572754 0.448975 0.009766 0.010254
0 0.730713 0.447266 0.009277 0.015625
0 0.649902 0.415771 0.008789 0.011230
0 0.967529 0.401855 0.030762 0.038086
0 0.667236 0.323975 0.014160 0.016113
0 0.889893 0.325684 0.013184 0.021484
0 0.917480 0.294434 0.017578 0.024414
0 0.693604 0.255371 0.015137 0.013672
0 0.851807 0.194824 0.020996 0.021484
0 0.374023 0.530273 0.009766 0.011719