0 0.322998 0.891113 0.018066 0.011719
0 0.278809 0.802979 0.025391 0.046387
0 0.084229 0.734619 0.017090 0.025879
0 0.593262 0.706543 0.009766 0.007812
0 0.680176 0.705566 0.015625 0.014648
0 0.144531 0.711670 0.035156 0.039551
0 0.318848 0.667236 0.007812 0.009277
0 0.176514 0.652344 0.027832 0.031250
0 0.029785 0.584473 0.034180 0.034180
0 0.261475 0.577148 0.021973 0.023438
0 0.124023 0.566650 0.024414 0.041504
0 0.880371 0.528809 0.008789 0.019531
0 0.273926 0.524658 0.018555 0.026855
0 0.139893 0.505371 0.006348 0.011719
0 0.207520 0.501953 0.014648 0.020508
0 0.647705 0.483154 0.012207 0.012207
0 0.111572 0.471436 0.021973 0.047363
0 0.157227 0.454834 0.008789 0.016113
0 0.004150 0.454346 0.005371 0.024902
0 0.701660 0.446289 0.008789 0.013672
0 0.225342 0.449707 0.017090 0.024414
0 0.822754 0.442383 0.015625 0.027344
0 0.021729 0.444336 0.026855 0.081055
0 0.976807 0.416260 0.015137 0.039551
0 0.177734 0.404785 0.023438 0.026367
0 0.117676 0.396240 0.016602 0.035645
0 0.075928 0.389893 0.023926 0.030762
0 0.707520 0.376221 0.009766 0.013184
0 0.043457 0.355469 0.023438 0.047852
0 0.941895 0.276611 0.012695 0.019043