0 0.223389 0.847900 0.060059 0.049316
0 0.615234 0.752197 0.013672 0.010254
0 0.067383 0.735840 0.042969 0.058594
0 0.247070 0.704346 0.013672 0.015137
0 0.106934 0.684814 0.031250 0.038574
0 0.192139 0.609619 0.020020 0.020996
0 0.027832 0.603516 0.016602 0.026367
0 0.062500 0.595703 0.019531 0.041992
0 0.396484 0.570801 0.010742 0.010742
0 0.205322 0.563965 0.020020 0.029297
0 0.638428 0.491211 0.005371 0.008789
0 0.739746 0.491943 0.007812 0.012207
0 0.907471 0.483643 0.007324 0.018066
0 0.758545 0.472656 0.014160 0.022461
0 0.594971 0.434326 0.008301 0.008301
0 0.643066 0.425293 0.005859 0.006836
0 0.957031 0.389404 0.027344 0.029785
0 0.634766 0.365234 0.008789 0.008789
0 0.975830 0.354004 0.013184 0.036133
0 0.877441 0.322021 0.010742 0.017090
0 0.902588 0.289551 0.015137 0.023438
0 0.669434 0.282715 0.014648 0.012695
0 0.877930 0.201660 0.013672 0.016602
0 0.577393 0.709961 0.012207 0.007812