0 0.278564 0.783447 0.018066 0.015137
0 0.236816 0.672363 0.005859 0.004883
0 0.632812 0.576416 0.011719 0.014160
0 0.396484 0.380371 0.010742 0.009766
0 0.375000 0.367188 0.006836 0.006836
0 0.513428 0.359375 0.010254 0.007812
0 0.416748 0.352051 0.007324 0.005859
0 0.582520 0.346191 0.033203 0.022461
0 0.643066 0.313721 0.013672 0.011230
0 0.743408 0.311035 0.012207 0.014648
0 0.551514 0.268555 0.014160 0.007812
0 0.643799 0.248535 0.012207 0.007812
0 0.827881 0.225342 0.014160 0.015137
0 0.783936 0.145508 0.031738 0.026367
0 0.504395 0.311279 0.013672 0.010254