0 0.316406 0.865479 0.019531 0.013184
0 0.300049 0.781006 0.033691 0.043457
0 0.053955 0.717041 0.020020 0.026855
0 0.093018 0.700928 0.018066 0.028809
0 0.610840 0.684570 0.011719 0.010742
0 0.694580 0.684326 0.018066 0.018066
0 0.155029 0.683838 0.031738 0.043457
0 0.331299 0.642578 0.006348 0.006836
0 0.021729 0.637451 0.008301 0.016113
0 0.188477 0.622314 0.028320 0.030762
0 0.229736 0.556885 0.013184 0.023926
0 0.274902 0.549316 0.021484 0.025391
0 0.051758 0.534424 0.012695 0.020020
0 0.139648 0.535400 0.028320 0.034668
0 0.188477 0.521973 0.006836 0.015625
0 0.197754 0.499268 0.013672 0.020996
0 0.288330 0.499756 0.021973 0.022949
0 0.224854 0.468506 0.013184 0.021973
0 0.662598 0.455566 0.009766 0.008789
0 0.313721 0.443115 0.012207 0.016113
0 0.331787 0.439697 0.012207 0.017090
0 0.392822 0.427490 0.007324 0.009277
0 0.057373 0.431396 0.012207 0.017090
0 0.128418 0.436523 0.026367 0.041016
0 0.715820 0.418945 0.006836 0.008789
0 0.241211 0.420410 0.018555 0.020508
0 0.275635 0.415283 0.009277 0.016113
0 0.593506 0.392334 0.008301 0.009277
0 0.614258 0.383057 0.009766 0.012207
0 0.032227 0.403564 0.045898 0.057129
0 0.325684 0.375977 0.007812 0.009766
0 0.625000 0.370117 0.005859 0.006836
0 0.190186 0.381836 0.022949 0.031250
0 0.716064 0.350830 0.010254 0.013184
0 0.296143 0.343018 0.006348 0.007324
0 0.096191 0.351562 0.024414 0.031250
0 0.228516 0.335938 0.015625 0.021484
0 0.185303 0.325684 0.018066 0.024414
0 0.066650 0.318359 0.023926 0.042969
0 0.127441 0.313721 0.022461 0.037598
0 0.223389 0.284668 0.009277 0.009766
0 0.180664 0.278564 0.016602 0.020020
0 0.145752 0.281494 0.025879 0.030762
0 0.091797 0.257324 0.025391 0.030273
0 0.898438 0.222412 0.011719 0.016113
0 0.758301 0.178467 0.021484 0.022949
0 0.184570 0.258789 0.009766 0.012695