0 0.248047 0.860352 0.051758 0.060547
0 0.091553 0.762939 0.055176 0.083496
0 0.272461 0.725098 0.013672 0.014648
0 0.136475 0.727051 0.039551 0.046875
0 0.049072 0.646729 0.019043 0.028809
0 0.211182 0.646973 0.024902 0.037109
0 0.076416 0.637451 0.020020 0.031738
0 0.405029 0.580078 0.008301 0.009766
0 0.219238 0.595459 0.025391 0.041504
0 0.641113 0.479736 0.007812 0.010254
0 0.742676 0.475342 0.005859 0.009277
0 0.908936 0.458252 0.006348 0.013184
0 0.750000 0.448730 0.010742 0.016602
0 0.588135 0.435059 0.007324 0.008789
0 0.641602 0.413086 0.005859 0.007812
0 0.954346 0.364014 0.026855 0.030762
0 0.640625 0.348389 0.012695 0.013184
0 0.872803 0.301514 0.012207 0.018066
0 0.669678 0.268311 0.014160 0.013184
0 0.896973 0.270264 0.017578 0.027832
0 0.857666 0.183594 0.018066 0.019531
0 0.965332 0.325684 0.013672 0.016602
0 0.371582 0.538818 0.007812 0.010254