0 0.349365 0.897705 0.020996 0.013184
0 0.304688 0.764893 0.013672 0.011230
0 0.266113 0.673340 0.029297 0.043945
0 0.026367 0.620361 0.029297 0.038574
0 0.067139 0.593994 0.022949 0.038574
0 0.666016 0.570557 0.013672 0.015137
0 0.132324 0.582031 0.034180 0.040039
0 0.303711 0.534424 0.009766 0.012207
0 0.066162 0.524414 0.024902 0.025391
0 0.162109 0.520020 0.031250 0.037109
0 0.247314 0.441162 0.020020 0.027832
0 0.105713 0.433105 0.031738 0.042969
0 0.371582 0.398438 0.006836 0.007812
0 0.257568 0.400391 0.023926 0.036133
0 0.427490 0.360596 0.007324 0.008301
0 0.343994 0.357422 0.007324 0.007812
0 0.095947 0.349121 0.026855 0.055664
0 0.201904 0.328369 0.024902 0.041504
0 0.131348 0.309814 0.010742 0.013184
0 0.326904 0.298828 0.007324 0.007812
0 0.286865 0.277832 0.014160 0.014648
0 0.161133 0.272949 0.021484 0.032227
0 0.236816 0.278076 0.040039 0.045410
0 0.099854 0.266113 0.021973 0.021484
0 0.065674 0.258789 0.016113 0.024414
0 0.255371 0.244873 0.011719 0.012207
0 0.079834 0.234863 0.011230 0.012695
0 0.144043 0.234863 0.014648 0.019531
0 0.218994 0.210938 0.019043 0.019531
0 0.153809 0.199951 0.007812 0.009277
0 0.167969 0.191650 0.018555 0.018066
0 0.102295 0.201904 0.038574 0.052246
0 0.416748 0.353027 0.014160 0.008789