0 0.558594 0.630371 0.006836 0.005859
0 0.641113 0.631348 0.008789 0.009766
0 0.609619 0.404785 0.014160 0.010742
0 0.357910 0.401611 0.006836 0.006348
0 0.495361 0.393066 0.008301 0.005859
0 0.592285 0.391357 0.009766 0.008301
0 0.233643 0.380859 0.013184 0.018555
0 0.664795 0.367920 0.011230 0.012207
0 0.765137 0.368896 0.010742 0.015137
0 0.933350 0.364746 0.008301 0.014648
0 0.524658 0.359619 0.010254 0.009277
0 0.181641 0.354248 0.011719 0.012207
0 0.544189 0.341064 0.014160 0.010254
0 0.266602 0.336182 0.010742 0.011230
0 0.135742 0.338379 0.012695 0.023438
0 0.206543 0.336670 0.016602 0.020996
0 0.576416 0.318848 0.011230 0.008789
0 0.232178 0.305664 0.011230 0.010742
0 0.591309 0.298096 0.009766 0.008301
0 0.123535 0.293457 0.018555 0.022461
0 0.197021 0.274902 0.012207 0.014648
0 0.157471 0.249268 0.012207 0.013184
0 0.852051 0.235840 0.009766 0.011719
0 0.117188 0.229980 0.013672 0.015625
0 0.093506 0.234131 0.047363 0.066895
0 0.765869 0.169434 0.033691 0.028320
0 0.120361 0.248779 0.016113 0.019043
0 0.069336 0.284180 0.024414 0.034180
0 0.393799 0.412354 0.011230 0.012207
0 0.335693 0.382568 0.007324 0.006348