0 0.234131 0.831543 0.013184 0.010742
0 0.081543 0.735596 0.049805 0.062012
0 0.256836 0.699951 0.012695 0.014160
0 0.116211 0.681641 0.033203 0.045898
0 0.202148 0.618896 0.029297 0.032715
0 0.043213 0.608154 0.020020 0.033691
0 0.070312 0.606445 0.020508 0.038086
0 0.396729 0.569580 0.011230 0.011230
0 0.214600 0.570312 0.022949 0.034180
0 0.147217 0.541260 0.011230 0.014160
0 0.745361 0.500732 0.006348 0.007324
0 0.640625 0.470459 0.006836 0.008301
0 0.742920 0.462891 0.007324 0.010742
0 0.577881 0.437744 0.008301 0.009277
0 0.641357 0.406006 0.006348 0.006348
0 0.951904 0.348877 0.026855 0.031738
0 0.646729 0.331543 0.012207 0.011719
0 0.869873 0.289795 0.014160 0.019043
0 0.671631 0.254639 0.016113 0.013184
0 0.893555 0.255615 0.017578 0.024902
0 0.840820 0.171387 0.016602 0.016602
0 0.371338 0.524414 0.007324 0.008789