0 0.204834 0.867676 0.043457 0.044922
0 0.593506 0.781250 0.012207 0.007812
0 0.079590 0.767090 0.012695 0.015625
0 0.239258 0.726318 0.012695 0.013184
0 0.555176 0.718506 0.011719 0.008301
0 0.101318 0.707275 0.031738 0.040527
0 0.187988 0.635254 0.015625 0.017578
0 0.397705 0.591309 0.011230 0.009766
0 0.419678 0.562500 0.006348 0.005859
0 0.784424 0.554688 0.019043 0.016602
0 0.898438 0.545654 0.007812 0.014160
0 0.730957 0.536865 0.007812 0.012207
0 0.629639 0.526611 0.007324 0.007324
0 0.958740 0.460693 0.029785 0.033691
0 0.635254 0.448975 0.010742 0.011230
0 0.610840 0.443848 0.008789 0.008789
0 0.606445 0.434326 0.008789 0.007324
0 0.983643 0.423096 0.021973 0.034668
0 0.885498 0.387939 0.009277 0.019043
0 0.915283 0.355713 0.014160 0.021973
0 0.670166 0.346924 0.012207 0.011230
0 0.934082 0.287354 0.013672 0.020020