0 0.502197 0.862793 0.034668 0.015625
0 0.314209 0.783203 0.019043 0.014648
0 0.304443 0.706787 0.040527 0.048340
0 0.043701 0.648926 0.045410 0.038086
0 0.092041 0.628418 0.019043 0.040039
0 0.610840 0.594971 0.008789 0.010254
0 0.158203 0.611816 0.034180 0.044922
0 0.330078 0.562256 0.010742 0.013184
0 0.010498 0.576416 0.013184 0.050293
0 0.186523 0.552002 0.029297 0.030762
0 0.271484 0.475098 0.018555 0.023438
0 0.138672 0.468506 0.024414 0.029785
0 0.437500 0.412842 0.007812 0.007324
0 0.332764 0.408936 0.013184 0.017090
0 0.274170 0.417480 0.048340 0.038086
0 0.216553 0.393555 0.014160 0.028320
0 0.441650 0.377930 0.010254 0.007812
0 0.301758 0.375977 0.010742 0.012695
0 0.316895 0.351562 0.007812 0.006836
0 0.383057 0.348389 0.009277 0.009277
0 0.118408 0.365479 0.034668 0.050293
0 0.233643 0.346436 0.020020 0.025879
0 0.040771 0.344727 0.016113 0.041016
0 0.183105 0.309814 0.030273 0.031738
0 0.055176 0.275879 0.003906 0.004883
0 0.125000 0.292969 0.036133 0.048828
0 0.168945 0.260986 0.012695 0.016113
0 0.243896 0.239014 0.009277 0.010254
0 0.204346 0.216797 0.006348 0.006836
0 0.147949 0.216309 0.013672 0.015625
0 0.166504 0.192383 0.010742 0.010742
0 0.102051 0.256836 0.073242 0.097656
0 0.351807 0.323242 0.011230 0.009766