0 0.179932 0.862061 0.036621 0.051270
0 0.591797 0.792480 0.017578 0.009766
0 0.501709 0.787354 0.018066 0.008301
0 0.234131 0.731934 0.014160 0.014648
0 0.099365 0.714844 0.006348 0.009766
0 0.790039 0.689209 0.014648 0.018066
0 0.384766 0.611816 0.010742 0.010742
0 0.465332 0.598877 0.008789 0.006348
0 0.755615 0.575684 0.009277 0.012695
0 0.925537 0.580078 0.016113 0.031250
0 0.898438 0.544434 0.006836 0.011719
0 0.731445 0.540527 0.006836 0.008789
0 0.629395 0.533936 0.006836 0.008301
0 0.950439 0.489990 0.008301 0.022949
0 0.685547 0.475098 0.013672 0.017578
0 0.955078 0.456299 0.030273 0.032715
0 0.978027 0.417236 0.022461 0.044434
0 0.879883 0.383301 0.010742 0.018555
0 0.909668 0.353760 0.015625 0.028809
0 0.886475 0.299316 0.013184 0.019531