0 0.633789 0.925537 0.037109 0.027832
0 0.348145 0.872559 0.017578 0.009766
0 0.331299 0.786133 0.030762 0.040039
0 0.118408 0.727295 0.012207 0.017090
0 0.073975 0.738770 0.034668 0.040039
0 0.714111 0.671143 0.015137 0.015137
0 0.351318 0.649902 0.007324 0.008789
0 0.031982 0.663818 0.021973 0.043457
0 0.209229 0.641846 0.026855 0.028809
0 0.245361 0.575684 0.012207 0.020508
0 0.065430 0.564697 0.011719 0.020020
0 0.290283 0.563477 0.020020 0.023438
0 0.155518 0.555176 0.024902 0.035156
0 0.193115 0.541016 0.008301 0.014648
0 0.209717 0.516602 0.016113 0.028320
0 0.299561 0.511963 0.021973 0.021973
0 0.234863 0.484375 0.011719 0.020508
0 0.349121 0.458984 0.010742 0.014648
0 0.676758 0.455322 0.008789 0.009277
0 0.323730 0.457031 0.009766 0.012695
0 0.064941 0.454102 0.006836 0.015625
0 0.136963 0.460938 0.028809 0.038086
0 0.287109 0.431641 0.008789 0.011719
0 0.248535 0.435059 0.016602 0.022461
0 0.730469 0.417480 0.008789 0.012695
0 0.829590 0.414795 0.006836 0.009277
0 0.367432 0.408936 0.006348 0.007324
0 0.037842 0.433350 0.043457 0.062012
0 0.195557 0.399414 0.020996 0.024414
0 0.328613 0.386719 0.008789 0.010742
0 0.094727 0.376221 0.032227 0.038574
0 0.237061 0.362305 0.015137 0.018555
0 0.294434 0.357178 0.008789 0.010254
0 0.733154 0.352051 0.007324 0.008789
0 0.185303 0.344727 0.015137 0.024414
0 0.059814 0.345947 0.035645 0.045410
0 0.127197 0.340332 0.021973 0.035156
0 0.261230 0.323975 0.004883 0.005371
0 0.219971 0.302734 0.009277 0.011719
0 0.142822 0.312256 0.023926 0.044434
0 0.180176 0.295898 0.025391 0.032227
0 0.177490 0.281494 0.008301 0.011230
0 0.085938 0.286621 0.022461 0.029297
0 0.179688 0.702637 0.037109 0.045898