0 0.332764 0.886475 0.037598 0.019043
0 0.290527 0.752930 0.015625 0.016602
0 0.250488 0.663818 0.029297 0.047363
0 0.017578 0.608154 0.019531 0.048340
0 0.053223 0.577148 0.017578 0.048828
0 0.655273 0.554688 0.008789 0.013672
0 0.114746 0.564209 0.027344 0.053223
0 0.289307 0.521240 0.009277 0.014160
0 0.049072 0.511230 0.026855 0.030273
0 0.144531 0.509277 0.032227 0.035156
0 0.963135 0.463867 0.010254 0.028320
0 0.235352 0.437500 0.016602 0.033203
0 0.094727 0.423584 0.025391 0.026855
0 0.969727 0.406494 0.011719 0.026855
0 0.339355 0.384277 0.005859 0.006836
0 0.247803 0.379639 0.022949 0.028809
0 0.359863 0.350586 0.008789 0.008789
0 0.178711 0.356689 0.015625 0.024902
0 0.082031 0.325684 0.027344 0.040039
0 0.190918 0.312988 0.020508 0.034180
0 0.765381 0.290039 0.011230 0.012695
0 0.113037 0.290527 0.015137 0.024414
0 0.212646 0.277344 0.026855 0.042969
0 0.277588 0.260742 0.013184 0.012695
0 0.147949 0.259277 0.018555 0.028320
0 0.087158 0.251709 0.023926 0.027832
0 0.850586 0.244385 0.015625 0.019043
0 0.244141 0.229492 0.007812 0.008789
0 0.133057 0.219482 0.015137 0.013184
0 0.155273 0.175781 0.017578 0.018555
0 0.845947 0.153076 0.025879 0.023926