0 0.368408 0.951416 0.033691 0.017090
0 0.355469 0.826416 0.017578 0.012207
0 0.313721 0.735107 0.023926 0.045410
0 0.112793 0.665283 0.024414 0.039551
0 0.177490 0.643555 0.033691 0.041992
0 0.351807 0.596924 0.010254 0.011230
0 0.031006 0.598389 0.034668 0.048340
0 0.207764 0.586182 0.029785 0.029785
0 0.293945 0.506592 0.020508 0.020020
0 0.154785 0.499023 0.029297 0.037109
0 0.306641 0.455322 0.024414 0.024902
0 0.237793 0.435547 0.013672 0.015625
0 0.462646 0.414551 0.007324 0.006836
0 0.278076 0.411621 0.010254 0.013672
0 0.137451 0.402588 0.031738 0.041504
0 0.587646 0.386963 0.013184 0.011230
0 0.404297 0.385498 0.004883 0.005371
0 0.181396 0.381104 0.009277 0.017090
0 0.597412 0.364746 0.010254 0.008789
0 0.258301 0.377686 0.024414 0.038574
0 0.333984 0.336670 0.010742 0.010254
0 0.208008 0.336914 0.020508 0.027344
0 0.646729 0.323975 0.011230 0.009277
0 0.251465 0.323730 0.011719 0.013672
0 0.145020 0.327393 0.022461 0.028809
0 0.102051 0.323975 0.030273 0.036621
0 0.301025 0.307373 0.012207 0.012207
0 0.185547 0.303467 0.017578 0.025879
0 0.264648 0.275635 0.009766 0.010254
0 0.216309 0.264893 0.013672 0.013184
0 0.225342 0.251709 0.008301 0.009277
0 0.190430 0.251709 0.017578 0.019043
0 0.079346 0.287109 0.042480 0.047852
0 0.064453 0.682373 0.039062 0.049316
0 0.133301 0.277588 0.044922 0.061035
0 0.084961 0.247803 0.032227 0.038574
0 0.686279 0.264893 0.008301 0.008301