0 0.329346 0.891602 0.014160 0.007812
0 0.283691 0.803467 0.028320 0.046387
0 0.090332 0.739990 0.018555 0.028809
0 0.597168 0.702637 0.010742 0.006836
0 0.150391 0.716064 0.035156 0.041504
0 0.685059 0.701416 0.013672 0.014160
0 0.181152 0.656738 0.030273 0.034180
0 0.035156 0.589844 0.031250 0.028320
0 0.263916 0.579834 0.020020 0.020996
0 0.126221 0.569092 0.025879 0.036621
0 0.702148 0.533691 0.008789 0.014648
0 0.277100 0.526855 0.022949 0.026367
0 0.882568 0.520508 0.013184 0.022461
0 0.209229 0.504395 0.012207 0.020508
0 0.648682 0.479004 0.013184 0.012695
0 0.633057 0.468018 0.014160 0.013184
0 0.114014 0.473389 0.023926 0.047363
0 0.158936 0.455078 0.009277 0.024414
0 0.225830 0.452148 0.016113 0.023438
0 0.004395 0.457031 0.005859 0.034180
0 0.702881 0.441650 0.007324 0.014160
0 0.802734 0.440918 0.007812 0.015625
0 0.826660 0.439453 0.020508 0.023438
0 0.023438 0.447021 0.027344 0.080566
0 0.179199 0.407715 0.021484 0.026367
0 0.976562 0.406738 0.016602 0.038086
0 0.115723 0.396484 0.024414 0.036133
0 0.075439 0.395020 0.023926 0.034180
0 0.707764 0.376465 0.010254 0.012695
0 0.104980 0.359131 0.012695 0.021973
0 0.042480 0.360596 0.021484 0.038574
0 0.941650 0.277344 0.012207 0.018555