0 0.468750 0.965088 0.018555 0.007324
0 0.557861 0.880615 0.034668 0.016113
0 0.340088 0.812256 0.020020 0.014160
0 0.328613 0.733643 0.031250 0.040527
0 0.060059 0.693359 0.035156 0.027344
0 0.111816 0.669189 0.017578 0.030762
0 0.175781 0.649414 0.032227 0.037109
0 0.628174 0.613525 0.007324 0.007324
0 0.347168 0.591797 0.010742 0.011719
0 0.027588 0.610596 0.035645 0.055176
0 0.205566 0.585449 0.030273 0.032227
0 0.285156 0.507568 0.027344 0.020996
0 0.049561 0.508789 0.012207 0.024414
0 0.151367 0.503906 0.024414 0.033203
0 0.125732 0.495361 0.008301 0.019043
0 0.291992 0.458496 0.029297 0.018555
0 0.418945 0.435791 0.009766 0.007324
0 0.228516 0.432861 0.012695 0.019043
0 0.339600 0.429932 0.012207 0.017090
0 0.128174 0.410156 0.030762 0.041992
0 0.299072 0.393555 0.010254 0.012695
0 0.391357 0.378174 0.009277 0.008301
0 0.242188 0.383545 0.016602 0.021973
0 0.298584 0.361572 0.015137 0.014160
0 0.040039 0.379150 0.033203 0.049316
0 0.358643 0.354004 0.010254 0.009766
0 0.188965 0.353271 0.020508 0.025879
0 0.319580 0.333252 0.012207 0.013184
0 0.131592 0.328613 0.018066 0.032227
0 0.087646 0.327393 0.031738 0.033691
0 0.285400 0.304932 0.011230 0.011230
0 0.173828 0.298828 0.018555 0.022461
0 0.114990 0.293457 0.020996 0.031250
0 0.058594 0.298340 0.029297 0.043945
0 0.247314 0.275391 0.011230 0.010742
0 0.207031 0.252441 0.014648 0.014648
0 0.131836 0.258789 0.025391 0.035156
0 0.155273 0.251221 0.018555 0.022949
0 0.166260 0.231689 0.007324 0.005371
0 0.076172 0.240967 0.018555 0.028809