0 0.371826 0.948730 0.049316 0.018555
0 0.357666 0.822998 0.013184 0.008301
0 0.314697 0.733154 0.026855 0.049316
0 0.064453 0.686035 0.043945 0.041016
0 0.112305 0.664307 0.016602 0.032715
0 0.175293 0.645264 0.032227 0.039551
0 0.349121 0.594482 0.009766 0.011230
0 0.027344 0.597900 0.036133 0.055176
0 0.205566 0.582764 0.025391 0.028809
0 0.291260 0.507812 0.020020 0.022461
0 0.150879 0.506836 0.031250 0.033203
0 0.301025 0.457275 0.020996 0.027832
0 0.233643 0.434814 0.012207 0.022949
0 0.279297 0.411621 0.008789 0.013672
0 0.399414 0.383301 0.006836 0.006836
0 0.131104 0.403076 0.032715 0.046387
0 0.581787 0.379150 0.012207 0.010254
0 0.176514 0.384277 0.011230 0.021484
0 0.253906 0.380859 0.023438 0.041992
0 0.365967 0.359375 0.009277 0.008789
0 0.589111 0.358887 0.011230 0.011719
0 0.607178 0.340088 0.009277 0.007324
0 0.329346 0.336426 0.010254 0.010742
0 0.201172 0.343994 0.021484 0.035645
0 0.247314 0.324951 0.012207 0.014160
0 0.140869 0.332764 0.018066 0.029785
0 0.182861 0.301270 0.013184 0.016602
0 0.258301 0.278076 0.010742 0.011230
0 0.068359 0.288818 0.031250 0.059082
0 0.209961 0.264893 0.014648 0.016113
0 0.219971 0.252686 0.009277 0.009277
0 0.116943 0.295410 0.075684 0.100586
0 0.184326 0.252441 0.014160 0.016602
0 0.082031 0.245605 0.022461 0.023438