0 0.199463 0.840576 0.031738 0.048340
0 0.606445 0.763672 0.015625 0.009766
0 0.516846 0.759521 0.014160 0.007324
0 0.070557 0.747559 0.030762 0.047852
0 0.248535 0.709229 0.011719 0.014160
0 0.106934 0.691895 0.026367 0.032227
0 0.806885 0.640137 0.011230 0.016602
0 0.146973 0.635986 0.016602 0.023926
0 0.194092 0.615723 0.020996 0.026367
0 0.059814 0.602539 0.023926 0.039062
0 0.397705 0.586426 0.008301 0.008789
0 0.735107 0.572754 0.008301 0.014648
0 0.477295 0.559814 0.005371 0.005371
0 0.211426 0.564453 0.020508 0.029297
0 0.931885 0.541992 0.014160 0.039062
0 0.908691 0.517578 0.005859 0.010742
0 0.740967 0.517090 0.007324 0.011719
0 0.640625 0.503418 0.008789 0.014648
0 0.715332 0.455078 0.017578 0.019531
0 0.648193 0.435059 0.008301 0.009766
0 0.962402 0.412598 0.023438 0.036133
0 0.980469 0.373047 0.015625 0.043945
0 0.886230 0.342285 0.010742 0.016602
0 0.915039 0.314941 0.016602 0.029297