0 0.378662 0.974121 0.041504 0.017578
0 0.370361 0.849121 0.020996 0.011719
0 0.326172 0.758545 0.029297 0.051270
0 0.079346 0.708496 0.038574 0.047852
0 0.125977 0.694824 0.016602 0.026367
0 0.188965 0.672119 0.034180 0.034668
0 0.360596 0.621582 0.013184 0.013672
0 0.036133 0.624756 0.032227 0.051270
0 0.220215 0.611816 0.030273 0.029297
0 0.300781 0.532715 0.028320 0.018555
0 0.648926 0.519531 0.009766 0.010742
0 0.163574 0.528320 0.027344 0.031250
0 0.314209 0.480957 0.024902 0.025391
0 0.245361 0.460205 0.013184 0.017090
0 0.252686 0.434326 0.007324 0.014160
0 0.608887 0.429932 0.009766 0.010254
0 0.901123 0.427734 0.014160 0.027344
0 0.922119 0.419922 0.010254 0.020508
0 0.684326 0.423828 0.013184 0.011719
0 0.147461 0.430176 0.031250 0.046875
0 0.586426 0.410645 0.010742 0.010742
0 0.409912 0.407715 0.008301 0.006836
0 0.190430 0.408203 0.011719 0.022461
0 0.260742 0.405273 0.014648 0.025391
0 0.057129 0.400391 0.026367 0.040039
0 0.736328 0.385742 0.008789 0.011719
0 0.377197 0.383057 0.008301 0.008301
0 0.599121 0.380615 0.006836 0.006348
0 0.618164 0.362305 0.011719 0.009766
0 0.339844 0.361328 0.011719 0.011719
0 0.212402 0.361816 0.021484 0.025391
0 0.112061 0.355713 0.015137 0.020020
0 0.151611 0.354004 0.025879 0.032227
0 0.251953 0.344727 0.014648 0.016602
0 0.648682 0.341064 0.013184 0.012207
0 0.305664 0.332031 0.009766 0.010742
0 0.739502 0.321777 0.007324 0.006836
0 0.195801 0.325928 0.015625 0.021973
0 0.228516 0.299072 0.011719 0.015137
0 0.230469 0.277832 0.011719 0.012695
0 0.145752 0.301270 0.037598 0.060547
0 0.197510 0.276367 0.015137 0.017578
0 0.088867 0.298340 0.049805 0.088867
0 0.669434 0.414795 0.016602 0.016113
0 0.190186 0.255371 0.012207 0.012695