0 0.372559 0.981445 0.026367 0.010742
0 0.366943 0.859863 0.022949 0.013672
0 0.319824 0.770264 0.025391 0.046387
0 0.075928 0.715332 0.026855 0.039062
0 0.124756 0.706299 0.018066 0.025879
0 0.187500 0.680908 0.036133 0.038574
0 0.358887 0.632324 0.009766 0.009766
0 0.218262 0.620117 0.029297 0.027344
0 0.038086 0.630615 0.037109 0.048340
0 0.299072 0.542236 0.022949 0.018066
0 0.161621 0.533447 0.029297 0.033691
0 0.666016 0.514648 0.008789 0.010742
0 0.313721 0.489502 0.023926 0.021973
0 0.245361 0.467041 0.013184 0.018066
0 0.922852 0.455811 0.009766 0.019043
0 0.237793 0.443604 0.008789 0.014160
0 0.685791 0.442627 0.014160 0.013184
0 0.672119 0.431641 0.007324 0.006836
0 0.892822 0.441162 0.015137 0.028809
0 0.150391 0.436523 0.023438 0.043945
0 0.193848 0.417480 0.009766 0.018555
0 0.263916 0.416260 0.016113 0.020020
0 0.739014 0.406250 0.009277 0.013672
0 0.380615 0.393555 0.008301 0.007812
0 0.059082 0.406250 0.027344 0.048828
0 0.619385 0.380615 0.008301 0.008301
0 0.343018 0.370361 0.012207 0.011230
0 0.217041 0.371582 0.019043 0.023438
0 0.652100 0.357910 0.011230 0.010742
0 0.152588 0.360596 0.021973 0.024902
0 0.252930 0.350830 0.012695 0.015137
0 0.113525 0.354248 0.021973 0.030762
0 0.742676 0.341309 0.009766 0.011719
0 0.309082 0.340332 0.011719 0.013672
0 0.199951 0.332520 0.013184 0.018555
0 0.084473 0.328369 0.031250 0.041504
0 0.274658 0.308350 0.012207 0.012207
0 0.241455 0.308594 0.012207 0.014648
0 0.235352 0.284912 0.011719 0.012207
0 0.202393 0.283203 0.014160 0.014648
0 0.150635 0.303467 0.038574 0.063965
0 0.102783 0.273682 0.029785 0.035645
0 0.627441 0.498047 0.007812 0.009766
0 0.040283 0.423828 0.009277 0.017578
0 0.840332 0.404785 0.009766 0.018555