0 0.509277 0.868896 0.042969 0.014160
0 0.318848 0.787842 0.013672 0.012207
0 0.304688 0.713867 0.042969 0.051758
0 0.043945 0.652344 0.037109 0.044922
0 0.094971 0.634033 0.017090 0.041504
0 0.161865 0.617188 0.027832 0.041016
0 0.333740 0.568604 0.007324 0.009277
0 0.012695 0.580078 0.018555 0.057617
0 0.192627 0.554443 0.027832 0.034668
0 0.274902 0.481445 0.018555 0.024414
0 0.140625 0.470215 0.030273 0.038086
0 0.281494 0.429443 0.035645 0.024902
0 0.335938 0.413818 0.010742 0.015137
0 0.445557 0.384277 0.007324 0.007812
0 0.302734 0.378662 0.008789 0.014160
0 0.223877 0.390625 0.019043 0.045898
0 0.121582 0.370361 0.032227 0.044434
0 0.314209 0.353516 0.013184 0.014648
0 0.236816 0.352539 0.018555 0.027344
0 0.039795 0.341309 0.031738 0.044922
0 0.319336 0.306885 0.006836 0.007324
0 0.185059 0.316895 0.021484 0.028320
0 0.126465 0.301514 0.027344 0.028809
0 0.087402 0.297363 0.040039 0.034180
0 0.284424 0.276855 0.009277 0.009766
0 0.059814 0.272949 0.015137 0.024414
0 0.173340 0.264160 0.021484 0.023438
0 0.150391 0.226562 0.011719 0.014648
0 0.123047 0.247559 0.047852 0.067383