0 0.168701 0.853760 0.034668 0.051270
0 0.584473 0.796631 0.013672 0.008301
0 0.494385 0.791016 0.015137 0.007812
0 0.226318 0.727295 0.012207 0.013184
0 0.787354 0.697754 0.013184 0.014648
0 0.381592 0.612793 0.011230 0.010742
0 0.462158 0.603760 0.007324 0.005371
0 0.921143 0.601807 0.018066 0.036621
0 0.757568 0.585693 0.009277 0.013184
0 0.896240 0.563965 0.007324 0.013672
0 0.729248 0.554688 0.007324 0.009766
0 0.628418 0.542480 0.005859 0.005859
0 0.945557 0.507812 0.007324 0.020508
0 0.681885 0.483887 0.015137 0.014648
0 0.953613 0.477539 0.031250 0.034180
0 0.979492 0.437988 0.020508 0.035156
0 0.884766 0.401855 0.009766 0.017578
0 0.915771 0.373291 0.015137 0.027832
0 0.894287 0.317871 0.013184 0.020508