0 0.461914 0.980957 0.031250 0.008789
0 0.577148 0.893555 0.034180 0.023438
0 0.339600 0.828125 0.017090 0.010742
0 0.320312 0.753174 0.049805 0.057129
0 0.077637 0.701416 0.034180 0.034668
0 0.121826 0.689453 0.015137 0.026367
0 0.184082 0.668457 0.033203 0.035156
0 0.631104 0.639404 0.008301 0.007324
0 0.356445 0.611572 0.011719 0.012207
0 0.034180 0.624756 0.037109 0.055176
0 0.211426 0.605957 0.031250 0.029297
0 0.293213 0.527100 0.022949 0.020020
0 0.063477 0.524902 0.024414 0.033203
0 0.156250 0.516357 0.034180 0.047363
0 0.301758 0.476807 0.025391 0.019043
0 0.406250 0.444092 0.007812 0.007324
0 0.237305 0.450439 0.012695 0.021973
0 0.343262 0.439453 0.010742 0.012695
0 0.602295 0.418213 0.006348 0.006348
0 0.136475 0.422852 0.031738 0.035156
0 0.300537 0.404297 0.012207 0.015625
0 0.660400 0.399414 0.016113 0.013672
0 0.403320 0.394775 0.006836 0.006348
0 0.251953 0.398438 0.015625 0.026367
0 0.047852 0.395508 0.022461 0.036133
0 0.368896 0.372070 0.011230 0.010742
0 0.284912 0.364014 0.014160 0.014160
0 0.197510 0.365967 0.022949 0.029785
0 0.609619 0.350586 0.013184 0.010742
0 0.329346 0.349609 0.010254 0.011719
0 0.141846 0.347900 0.022949 0.031738
0 0.103516 0.341064 0.019531 0.034668
0 0.642090 0.328857 0.015625 0.014160
0 0.296387 0.322510 0.011719 0.012207
0 0.183838 0.312988 0.012207 0.014648
0 0.731934 0.308105 0.009766 0.009766
0 0.069092 0.315186 0.026855 0.039551
0 0.259766 0.291504 0.009766 0.008789
0 0.682129 0.281738 0.013672 0.010742
0 0.168701 0.266846 0.016113 0.019043
0 0.089111 0.257812 0.016113 0.023438
0 0.134766 0.292236 0.039062 0.063965
0 0.060547 0.407715 0.013672 0.027344
0 0.677490 0.267090 0.009277 0.007812