0 0.548340 0.981689 0.035156 0.018066
0 0.445557 0.922363 0.005371 0.005859
0 0.454346 0.837402 0.026855 0.030273
0 0.761230 0.824707 0.024414 0.019531
0 0.291992 0.756592 0.015625 0.012207
0 0.287842 0.678223 0.038574 0.040039
0 0.032227 0.622314 0.042969 0.049316
0 0.076904 0.600586 0.025879 0.039062
0 0.673828 0.576172 0.015625 0.015625
0 0.141602 0.586182 0.035156 0.046387
0 0.312988 0.537842 0.008789 0.013184
0 0.077637 0.532227 0.018555 0.024414
0 0.171143 0.525391 0.028809 0.033203
0 0.256836 0.452881 0.016602 0.021973
0 0.048828 0.445557 0.006836 0.020996
0 0.117432 0.442383 0.031738 0.034180
0 0.320801 0.394531 0.013672 0.019531
0 0.454102 0.384033 0.010742 0.007324
0 0.251709 0.391846 0.052246 0.040527
0 0.197754 0.371338 0.012695 0.015137
0 0.424561 0.355469 0.012207 0.008789
0 0.288574 0.358887 0.014648 0.016602
0 0.323975 0.349121 0.011230 0.011719
0 0.107910 0.334473 0.036133 0.061523
0 0.216797 0.326904 0.031250 0.047363
0 0.297119 0.278809 0.008301 0.007812
0 0.168457 0.282715 0.035156 0.039062
0 0.114990 0.260254 0.035645 0.045898
0 0.151611 0.236084 0.005371 0.005371
0 0.229492 0.214600 0.007812 0.008301
0 0.089111 0.232910 0.068848 0.095703
0 0.131104 0.189697 0.018066 0.018066
0 0.337158 0.301514 0.006348 0.005371