0 0.572998 0.795166 0.026855 0.016113
0 0.554688 0.741455 0.016602 0.010254
0 0.572021 0.658203 0.010254 0.009766
0 0.656738 0.657715 0.014648 0.013672
0 0.144531 0.611816 0.004883 0.009766
0 0.234131 0.533203 0.018066 0.024414
0 0.100830 0.515625 0.026855 0.063477
0 0.245850 0.488525 0.020020 0.030762
0 0.416016 0.463379 0.006836 0.006836
0 0.178467 0.460938 0.012207 0.018555
0 0.493652 0.449219 0.007812 0.007812
0 0.619629 0.432129 0.012695 0.009766
0 0.603271 0.419922 0.014160 0.011719
0 0.080322 0.429688 0.030762 0.042969
0 0.344482 0.410400 0.008301 0.008301
0 0.197754 0.406494 0.018555 0.026855
0 0.673096 0.393311 0.009277 0.011230
0 0.773926 0.394531 0.009766 0.015625
0 0.940918 0.386230 0.008789 0.017578
0 0.552490 0.369629 0.011230 0.007812
0 0.140381 0.373535 0.020020 0.029297
0 0.090088 0.358643 0.014160 0.029785
0 0.584229 0.346680 0.011230 0.010742
0 0.613770 0.347412 0.011719 0.013184
0 0.048096 0.350830 0.024902 0.039551
0 0.677002 0.327881 0.011230 0.011230
0 0.597900 0.324707 0.009277 0.007812
0 0.132080 0.323242 0.017090 0.021484
0 0.625488 0.298096 0.014648 0.012207
0 0.081299 0.298340 0.046387 0.064453
0 0.124023 0.274658 0.015625 0.019043
0 0.909912 0.226074 0.008301 0.009766
0 0.703125 0.154541 0.012695 0.009277
0 0.769531 0.110840 0.019531 0.013672
0 0.623779 0.285156 0.008301 0.007812
0 0.369385 0.502441 0.008301 0.010742