0 0.614258 0.932617 0.032227 0.028320
0 0.331787 0.864014 0.016113 0.011230
0 0.312988 0.787598 0.044922 0.056641
0 0.063232 0.717773 0.029785 0.036133
0 0.110596 0.706787 0.013184 0.021973
0 0.707764 0.679932 0.015137 0.015137
0 0.172119 0.684570 0.033691 0.041992
0 0.346680 0.641113 0.007812 0.009766
0 0.204102 0.624512 0.027344 0.029297
0 0.025146 0.634766 0.024902 0.051758
0 0.243408 0.560791 0.012207 0.020020
0 0.287354 0.551025 0.020996 0.021973
0 0.064941 0.541748 0.013672 0.024902
0 0.154297 0.536377 0.024414 0.040527
0 0.192139 0.523926 0.007324 0.018555
0 0.301270 0.501221 0.020508 0.022949
0 0.210205 0.501953 0.015137 0.030273
0 0.237793 0.471191 0.011719 0.018555
0 0.676514 0.454102 0.009277 0.008789
0 0.355225 0.452881 0.010254 0.012207
0 0.329102 0.448486 0.009766 0.014160
0 0.140625 0.439941 0.026367 0.040039
0 0.292969 0.421143 0.009766 0.015137
0 0.254150 0.423096 0.016113 0.021973
0 0.729736 0.416504 0.008301 0.012695
0 0.028809 0.425781 0.016602 0.032227
0 0.829102 0.413086 0.006836 0.009766
0 0.366943 0.409912 0.006348 0.007324
0 0.327637 0.387695 0.008789 0.010742
0 0.054443 0.407959 0.023926 0.053223
0 0.203125 0.385010 0.020508 0.024902
0 0.235840 0.364014 0.014648 0.019043
0 0.293701 0.358398 0.009277 0.010742
0 0.731934 0.350342 0.006836 0.008301
0 0.103760 0.355713 0.029785 0.034668
0 0.184326 0.346680 0.015137 0.024414
0 0.128662 0.330322 0.011230 0.011230
0 0.260254 0.325439 0.004883 0.005371
0 0.070801 0.327637 0.033203 0.041016
0 0.218750 0.304688 0.010742 0.012695
0 0.141846 0.314453 0.023926 0.044922
0 0.178955 0.297852 0.025879 0.032227
0 0.176758 0.283203 0.009766 0.011719
0 0.084473 0.289307 0.022461 0.029785
0 0.066650 0.432129 0.010254 0.021484