0 0.542236 0.949951 0.029785 0.019043
0 0.436279 0.906494 0.039551 0.011230
0 0.425293 0.820068 0.004883 0.005371
0 0.724609 0.790039 0.019531 0.014648
0 0.280029 0.744385 0.016113 0.015137
0 0.274414 0.666992 0.040039 0.042969
0 0.024414 0.620361 0.024414 0.035645
0 0.059814 0.594238 0.018066 0.037109
0 0.121582 0.576904 0.030273 0.046387
0 0.660889 0.547852 0.010254 0.013672
0 0.294922 0.524414 0.009766 0.014648
0 0.050781 0.524170 0.017578 0.025879
0 0.151123 0.509033 0.029785 0.046387
0 0.968018 0.465088 0.008301 0.018066
0 0.005615 0.445312 0.005371 0.012695
0 0.235596 0.445312 0.016113 0.025391
0 0.099121 0.435791 0.027344 0.032715
0 0.975342 0.409180 0.009277 0.021484
0 0.438477 0.387451 0.007812 0.008301
0 0.304443 0.386963 0.012207 0.014160
0 0.237305 0.388184 0.040039 0.025391
0 0.325195 0.351074 0.011719 0.009766
0 0.413818 0.347412 0.008301 0.007324
0 0.263184 0.346680 0.007812 0.012695
0 0.082275 0.334229 0.032715 0.042480
0 0.195312 0.315186 0.029297 0.048340
0 0.776367 0.293213 0.009766 0.012207
0 0.275391 0.263672 0.008789 0.009766
0 0.144043 0.279785 0.029297 0.044922
0 0.238525 0.235352 0.009277 0.008789
0 0.084717 0.255371 0.036621 0.054688
0 0.133057 0.223877 0.015137 0.018066
0 0.204590 0.202148 0.005859 0.006836
0 0.799072 0.186279 0.016113 0.016113
0 0.346924 0.308594 0.018066 0.015625