0 0.304199 0.904297 0.017578 0.011719
0 0.262451 0.820312 0.024902 0.045898
0 0.073242 0.757568 0.014648 0.021973
0 0.575195 0.719971 0.011719 0.008301
0 0.130615 0.732178 0.037598 0.042480
0 0.661621 0.718506 0.017578 0.015137
0 0.303711 0.683594 0.005859 0.005859
0 0.161377 0.673340 0.028809 0.031250
0 0.018555 0.605225 0.018555 0.021973
0 0.245850 0.595947 0.020020 0.021973
0 0.105957 0.586914 0.028320 0.040039
0 0.101807 0.545166 0.006348 0.010254
0 0.714600 0.544678 0.008301 0.012207
0 0.860352 0.553955 0.013672 0.033691
0 0.258789 0.542969 0.021484 0.024414
0 0.189209 0.521484 0.013184 0.022461
0 0.629395 0.496338 0.011719 0.009277
0 0.140625 0.478760 0.009766 0.018066
0 0.092529 0.488281 0.021973 0.053711
0 0.206543 0.469971 0.010742 0.021973
0 0.783447 0.459473 0.006348 0.013672
0 0.683838 0.458496 0.009277 0.013672
0 0.950684 0.450439 0.004883 0.010254
0 0.009766 0.465576 0.019531 0.050293
0 0.794189 0.443359 0.020020 0.021484
0 0.965820 0.439697 0.015625 0.037598
0 0.687500 0.392334 0.005859 0.005371
0 0.923828 0.297363 0.011719 0.019531