0 0.492188 0.861084 0.038086 0.015137
0 0.307373 0.777100 0.017090 0.015137
0 0.298584 0.700684 0.045410 0.050781
0 0.034180 0.636719 0.030273 0.046875
0 0.088135 0.617188 0.018066 0.042969
0 0.605713 0.595703 0.009277 0.009766
0 0.156494 0.603516 0.036621 0.045898
0 0.327881 0.558105 0.008301 0.009766
0 0.008545 0.565186 0.011230 0.047363
0 0.186523 0.543945 0.029297 0.028320
0 0.271484 0.470459 0.019531 0.019043
0 0.136963 0.459961 0.023926 0.034180
0 0.440186 0.411133 0.007324 0.006836
0 0.272949 0.419189 0.045898 0.026855
0 0.333740 0.405518 0.013184 0.016113
0 0.218018 0.392578 0.014160 0.021484
0 0.451660 0.384766 0.006836 0.006836
0 0.442383 0.375977 0.010742 0.008789
0 0.301514 0.372070 0.006348 0.010742
0 0.119873 0.358154 0.033691 0.049316
0 0.041260 0.340576 0.014160 0.030762
0 0.234131 0.342041 0.025879 0.039551
0 0.188232 0.303955 0.034668 0.050293
0 0.126221 0.285400 0.028809 0.032715
0 0.171631 0.252686 0.012207 0.012207
0 0.247314 0.234131 0.012207 0.011230
0 0.209717 0.207520 0.006348 0.007812
0 0.110840 0.248779 0.074219 0.098145
0 0.165283 0.193359 0.008301 0.008789
0 0.151123 0.209961 0.013184 0.015625