0 0.332764 0.917480 0.017090 0.010742
0 0.272217 0.781494 0.019043 0.015137
0 0.630615 0.583008 0.011230 0.012695
0 0.405273 0.381836 0.007812 0.006836
0 0.385254 0.377686 0.009766 0.008301
0 0.513916 0.363281 0.010254 0.006836
0 0.461182 0.356934 0.010254 0.007812
0 0.416748 0.355713 0.010254 0.008301
0 0.582275 0.351074 0.028809 0.020508
0 0.643799 0.317383 0.012207 0.010742
0 0.744385 0.317627 0.013184 0.015137
0 0.504150 0.314941 0.015137 0.010742
0 0.523193 0.295166 0.010254 0.008301
0 0.553955 0.272949 0.007324 0.006836
0 0.568359 0.252930 0.006836 0.005859
0 0.829346 0.227051 0.017090 0.019531
0 0.780762 0.147705 0.030273 0.023926
0 0.375732 0.370117 0.012207 0.009766