0 0.377930 0.970703 0.039062 0.016602
0 0.369385 0.845215 0.020020 0.012695
0 0.323486 0.753174 0.027832 0.049316
0 0.075928 0.702148 0.043457 0.044922
0 0.124268 0.687012 0.018066 0.032227
0 0.185059 0.663574 0.033203 0.038086
0 0.358887 0.615723 0.009766 0.010742
0 0.217041 0.603271 0.032715 0.024902
0 0.037842 0.613770 0.037598 0.051758
0 0.300537 0.524658 0.027832 0.018066
0 0.162354 0.516846 0.026855 0.031738
0 0.314453 0.473633 0.024414 0.023438
0 0.246094 0.449707 0.013672 0.016602
0 0.608154 0.426514 0.008301 0.008301
0 0.683838 0.419922 0.014160 0.012695
0 0.901611 0.420410 0.016113 0.025391
0 0.921143 0.411133 0.009277 0.013672
0 0.584717 0.406006 0.010254 0.009277
0 0.666748 0.407471 0.015137 0.015137
0 0.414062 0.400635 0.008789 0.007324
0 0.151367 0.417480 0.028320 0.043945
0 0.193604 0.397949 0.012207 0.016602
0 0.266357 0.397705 0.019043 0.020020
0 0.734863 0.380127 0.010742 0.013184
0 0.382324 0.375732 0.006836 0.006348
0 0.059082 0.387451 0.025391 0.042480
0 0.614990 0.358154 0.011230 0.010254
0 0.344238 0.351807 0.010742 0.011230
0 0.215332 0.348877 0.026367 0.030762
0 0.643311 0.333984 0.014160 0.010742
0 0.258545 0.334229 0.015137 0.017090
0 0.114746 0.338379 0.025391 0.028320
0 0.156982 0.339355 0.024902 0.032227
0 0.312012 0.322266 0.009766 0.008789
0 0.735840 0.315186 0.008789 0.008301
0 0.200928 0.310791 0.015137 0.022949
0 0.236572 0.282959 0.016113 0.016113
0 0.144287 0.300537 0.023926 0.032715
0 0.095703 0.282471 0.050781 0.091309
0 0.206055 0.262939 0.017578 0.018066
0 0.156494 0.274902 0.033691 0.039062