0 0.322510 0.782227 0.017090 0.013672
0 0.282959 0.692139 0.029785 0.045410
0 0.030762 0.633057 0.029297 0.038574
0 0.086914 0.612061 0.033203 0.041504
0 0.597168 0.592773 0.009766 0.009766
0 0.147949 0.597412 0.031250 0.041504
0 0.322266 0.552979 0.008789 0.012207
0 0.005859 0.558594 0.004883 0.030273
0 0.090088 0.544434 0.006348 0.010742
0 0.178467 0.534912 0.028809 0.039551
0 0.265381 0.460938 0.019043 0.019531
0 0.126709 0.454346 0.027832 0.032715
0 0.022949 0.440674 0.008789 0.026855
0 0.210693 0.389648 0.009277 0.008789
0 0.282227 0.404541 0.029297 0.043457
0 0.446533 0.379639 0.006348 0.006348
0 0.436035 0.371826 0.011719 0.009277
0 0.322510 0.369873 0.006348 0.008301
0 0.223633 0.348145 0.024414 0.039062
0 0.153076 0.331055 0.011230 0.017578
0 0.116455 0.346436 0.027832 0.063965
0 0.308350 0.295166 0.006348 0.006348
0 0.239014 0.286377 0.014160 0.018066
0 0.180420 0.298340 0.026855 0.044922
0 0.122559 0.287354 0.014648 0.023926
0 0.277100 0.261475 0.010254 0.011230
0 0.081543 0.280518 0.048828 0.073730
0 0.165527 0.249268 0.013672 0.015137
0 0.229248 0.236816 0.010254 0.010742
0 0.112549 0.233643 0.014160 0.023926
0 0.189697 0.210205 0.007324 0.008301
0 0.124756 0.208496 0.031738 0.025391
0 0.155029 0.186768 0.032715 0.027832
0 0.203125 0.205322 0.012695 0.011230
0 0.346924 0.315674 0.012207 0.011230