0 0.320557 0.863037 0.019043 0.012207
0 0.311279 0.775879 0.031738 0.039062
0 0.055908 0.714844 0.030762 0.039062
0 0.102783 0.702393 0.018066 0.027832
0 0.699707 0.685059 0.014648 0.013672
0 0.163086 0.681885 0.036133 0.049316
0 0.338379 0.640625 0.009766 0.009766
0 0.024170 0.642334 0.013184 0.030762
0 0.197754 0.624512 0.028320 0.030273
0 0.238281 0.560303 0.013672 0.018066
0 0.282227 0.550049 0.021484 0.022949
0 0.059082 0.538574 0.014648 0.025391
0 0.148682 0.536377 0.026855 0.039551
0 0.190430 0.523682 0.007812 0.019043
0 0.295410 0.501465 0.022461 0.023438
0 0.205322 0.499268 0.013184 0.027832
0 0.232422 0.469971 0.012695 0.020996
0 0.672363 0.460205 0.006836 0.008301
0 0.345459 0.448975 0.011230 0.013184
0 0.322266 0.447998 0.010742 0.016113
0 0.062744 0.430420 0.014160 0.016113
0 0.134521 0.440186 0.027832 0.042480
0 0.724854 0.415771 0.008301 0.021973
0 0.285156 0.418945 0.008789 0.011719
0 0.026611 0.424561 0.020996 0.023926
0 0.248535 0.421631 0.015625 0.022949
0 0.368164 0.403076 0.006836 0.007324
0 0.603516 0.394287 0.008789 0.010254
0 0.047852 0.404053 0.024414 0.048340
0 0.632080 0.378418 0.009277 0.009766
0 0.197998 0.384277 0.020020 0.025391
0 0.636230 0.371582 0.007812 0.010742
0 0.102783 0.357178 0.023926 0.031738
0 0.238525 0.346680 0.014160 0.016602
0 0.189941 0.331543 0.015625 0.019531
0 0.265137 0.315186 0.011719 0.012207
0 0.067139 0.325439 0.035645 0.043457
0 0.227051 0.289062 0.010742 0.012695
0 0.183838 0.282715 0.014160 0.017578
0 0.149414 0.293945 0.022461 0.041992
0 0.188721 0.264160 0.015137 0.015625
0 0.093750 0.264160 0.020508 0.031250
0 0.916992 0.232178 0.012695 0.017090
0 0.771484 0.182861 0.013672 0.013184
0 0.142578 0.358398 0.010742 0.013672
0 0.132080 0.320068 0.021973 0.034668
0 0.675049 0.312744 0.010254 0.011230