0 0.606445 0.780273 0.018555 0.014648
0 0.600098 0.734375 0.016602 0.010742
0 0.646484 0.601562 0.008789 0.010742
0 0.414307 0.428955 0.010254 0.009277
0 0.392822 0.404297 0.007324 0.007812
0 0.597656 0.376465 0.016602 0.009766
0 0.579346 0.364502 0.013184 0.010254
0 0.510010 0.337158 0.012207 0.008301
0 0.540283 0.337402 0.015137 0.010742
0 0.650146 0.335938 0.011230 0.011719
0 0.749756 0.331055 0.011230 0.012695
0 0.527588 0.317383 0.014160 0.009766
0 0.916504 0.313477 0.007812 0.009766
0 0.557861 0.293213 0.007324 0.006348
0 0.649658 0.272705 0.010254 0.008301
0 0.680908 0.060059 0.020996 0.013672
0 0.382324 0.396973 0.010742 0.009766