0 0.499268 0.947998 0.038574 0.013184
0 0.425537 0.920166 0.032715 0.011230
0 0.349609 0.825684 0.040039 0.023438
0 0.249512 0.754395 0.014648 0.013672
0 0.246826 0.677246 0.038574 0.041992
0 0.634521 0.555664 0.011230 0.012695
0 0.092285 0.578369 0.028320 0.081543
0 0.020996 0.533936 0.007812 0.014160
0 0.267090 0.532959 0.007812 0.012207
0 0.124023 0.535400 0.029297 0.052246
0 0.943115 0.454590 0.012207 0.019531
0 0.207764 0.446533 0.019043 0.026855
0 0.074219 0.435059 0.025391 0.039062
0 0.940918 0.386230 0.009766 0.018555
0 0.476074 0.351074 0.018555 0.016602
0 0.519775 0.344727 0.011230 0.007812
0 0.424072 0.332520 0.010254 0.007812
0 0.576904 0.330566 0.020020 0.012695
0 0.512207 0.296631 0.013672 0.009277
0 0.627930 0.288086 0.012695 0.009766
0 0.728027 0.279541 0.012695 0.012207
0 0.531738 0.277344 0.017578 0.010742
0 0.808105 0.242676 0.012695 0.012695
0 0.624023 0.223145 0.011719 0.008789
0 0.811035 0.174561 0.018555 0.017090
0 0.577881 0.237305 0.009277 0.007812
0 0.467773 0.335938 0.006836 0.005859
0 0.033203 0.596924 0.024414 0.089355