0 0.450684 0.935303 0.012695 0.007324
0 0.479492 0.851074 0.032227 0.016602
0 0.303711 0.771484 0.016602 0.013672
0 0.295654 0.694580 0.041504 0.045410
0 0.039062 0.635986 0.047852 0.042480
0 0.084961 0.611084 0.022461 0.044434
0 0.602295 0.589844 0.007324 0.007812
0 0.685791 0.591553 0.013184 0.015137
0 0.152344 0.598877 0.036133 0.046387
0 0.006592 0.564453 0.005371 0.016602
0 0.323730 0.551758 0.009766 0.011719
0 0.093262 0.544434 0.006836 0.013672
0 0.180664 0.538818 0.028320 0.032715
0 0.268311 0.464600 0.021973 0.022949
0 0.129150 0.453125 0.029785 0.033203
0 0.269531 0.413086 0.041016 0.026367
0 0.329590 0.403076 0.013672 0.016113
0 0.212402 0.387939 0.012695 0.020020
0 0.447021 0.379395 0.008301 0.006836
0 0.437012 0.370850 0.006836 0.008301
0 0.298096 0.369873 0.014160 0.017090
0 0.321045 0.348389 0.012207 0.011230
0 0.115234 0.357422 0.029297 0.039062
0 0.379883 0.339844 0.011719 0.010742
0 0.034424 0.337402 0.016113 0.035156
0 0.230713 0.334717 0.026855 0.036621
0 0.311035 0.293701 0.012695 0.012207
0 0.180908 0.302490 0.033691 0.048340
0 0.123535 0.280029 0.034180 0.055176
0 0.167725 0.245605 0.016113 0.023438
0 0.244629 0.227295 0.005859 0.007324
0 0.202881 0.204590 0.007324 0.007812
0 0.106201 0.243896 0.083496 0.097168
0 0.348389 0.314209 0.009277 0.008301