0 0.634521 0.593506 0.010254 0.012207
0 0.388916 0.389648 0.006348 0.005859
0 0.427734 0.386230 0.010742 0.008789
0 0.519531 0.373291 0.007812 0.006348
0 0.595215 0.366699 0.017578 0.012695
0 0.578369 0.356201 0.015137 0.010254
0 0.649414 0.327881 0.012695 0.013184
0 0.508301 0.325928 0.011719 0.008301
0 0.749023 0.326416 0.012695 0.016113
0 0.915771 0.315186 0.006348 0.006348
0 0.527588 0.305664 0.012207 0.008789
0 0.558350 0.283203 0.009277 0.007812
0 0.647949 0.262451 0.009766 0.007324
0 0.572510 0.261475 0.012207 0.008301
0 0.834473 0.224609 0.014648 0.015625
0 0.774414 0.149414 0.028320 0.026367
0 0.378418 0.381836 0.009766 0.009766