0 0.646240 0.634521 0.010254 0.009277
0 0.397217 0.416260 0.010254 0.009277
0 0.613770 0.408691 0.011719 0.008789
0 0.596436 0.395752 0.014160 0.011230
0 0.238770 0.382812 0.014648 0.021484
0 0.666504 0.368652 0.006836 0.007812
0 0.767090 0.370605 0.009766 0.013672
0 0.528564 0.364258 0.010254 0.007812
0 0.933594 0.362549 0.009766 0.019043
0 0.184814 0.357666 0.014160 0.018066
0 0.547607 0.345947 0.014160 0.011230
0 0.215576 0.344971 0.016113 0.020020
0 0.270264 0.338623 0.011230 0.012207
0 0.136230 0.342529 0.024414 0.034668
0 0.578613 0.323486 0.010742 0.008301
0 0.042480 0.320557 0.012695 0.020996
0 0.083496 0.325684 0.028320 0.041992
0 0.669678 0.306396 0.010254 0.010254
0 0.126465 0.294678 0.016602 0.021973
0 0.201416 0.275635 0.010254 0.010254
0 0.161621 0.251953 0.012695 0.013672
0 0.108154 0.256348 0.017090 0.022461
0 0.851562 0.229004 0.004883 0.004883
0 0.124756 0.248291 0.014160 0.020020
0 0.122559 0.230469 0.010742 0.012695
0 0.081055 0.268311 0.042969 0.069824
0 0.760498 0.167480 0.027832 0.023438