0 0.634277 0.601318 0.009766 0.012207
0 0.436523 0.390381 0.010742 0.008301
0 0.516357 0.378174 0.009277 0.006348
0 0.464600 0.373291 0.007324 0.006348
0 0.420166 0.374756 0.009277 0.006348
0 0.607910 0.377930 0.015625 0.012695
0 0.572266 0.354492 0.015625 0.009766
0 0.763428 0.347412 0.011230 0.013184
0 0.929688 0.343750 0.008789 0.013672
0 0.663818 0.343018 0.013184 0.012207
0 0.503174 0.330078 0.012207 0.008789
0 0.520996 0.309082 0.015625 0.008789
0 0.549316 0.284424 0.013672 0.008301
0 0.668701 0.279297 0.012207 0.010742
0 0.853760 0.245850 0.015137 0.019043
0 0.793457 0.166016 0.023438 0.021484
0 0.379883 0.389648 0.012695 0.011719