0 0.349365 0.895020 0.041504 0.019531
0 0.305664 0.763916 0.016602 0.014160
0 0.263916 0.674316 0.025879 0.047852
0 0.025879 0.630127 0.026367 0.041504
0 0.061768 0.600586 0.020020 0.047852
0 0.123779 0.585693 0.029785 0.046387
0 0.658447 0.562500 0.009277 0.014648
0 0.295410 0.531738 0.007812 0.014648
0 0.056641 0.532471 0.028320 0.026855
0 0.152344 0.525391 0.027344 0.032227
0 0.968994 0.485840 0.009277 0.009766
0 0.236572 0.443848 0.017090 0.023438
0 0.092773 0.442139 0.035156 0.034668
0 0.976074 0.424805 0.009766 0.015625
0 0.347656 0.394287 0.004883 0.006348
0 0.246338 0.402832 0.020020 0.037109
0 0.177734 0.374756 0.010742 0.013184
0 0.348633 0.358887 0.007812 0.008789
0 0.402100 0.348145 0.012207 0.009766
0 0.082031 0.349365 0.029297 0.048340
0 0.188721 0.329346 0.020996 0.032715
0 0.115234 0.308838 0.010742 0.018066
0 0.274170 0.273193 0.008301 0.009277
0 0.215820 0.279785 0.027344 0.023438
0 0.083984 0.273193 0.023438 0.027832
0 0.146240 0.274170 0.023926 0.033691
0 0.241455 0.241455 0.006348 0.006348
0 0.127686 0.240479 0.016113 0.019043
0 0.201904 0.214355 0.009277 0.008789
0 0.150635 0.192627 0.018066 0.020996
0 0.132080 0.181396 0.032715 0.038574