0 0.535156 0.967285 0.027344 0.017578
0 0.430908 0.912109 0.038574 0.012695
0 0.436279 0.827393 0.022949 0.011230
0 0.735107 0.813721 0.023926 0.018066
0 0.284424 0.748047 0.013184 0.011719
0 0.281494 0.671631 0.038574 0.041504
0 0.027588 0.614990 0.032715 0.037598
0 0.067139 0.592041 0.019043 0.033691
0 0.667236 0.567383 0.011230 0.012695
0 0.134521 0.577393 0.034668 0.046387
0 0.305176 0.529541 0.009766 0.013184
0 0.064941 0.522949 0.027344 0.027344
0 0.163330 0.515869 0.029785 0.036621
0 0.983887 0.502686 0.012695 0.014160
0 0.033447 0.440674 0.007324 0.014160
0 0.249023 0.443359 0.019531 0.027344
0 0.113037 0.430664 0.028809 0.033203
0 0.315918 0.388916 0.011719 0.015137
0 0.250732 0.392822 0.045410 0.024902
0 0.429199 0.355469 0.006836 0.006836
0 0.279541 0.350586 0.006348 0.005859
0 0.326660 0.349365 0.012695 0.012207
0 0.418213 0.347412 0.012207 0.009277
0 0.096924 0.337646 0.029785 0.037598
0 0.208252 0.315918 0.023926 0.034180
0 0.290283 0.270508 0.008301 0.006836
0 0.159912 0.283936 0.024902 0.035645
0 0.104736 0.260254 0.031738 0.043945
0 0.258057 0.238525 0.009277 0.009277
0 0.149902 0.225830 0.013672 0.015137
0 0.076172 0.243164 0.044922 0.079102
0 0.220947 0.208008 0.009277 0.011719
0 0.184570 0.183594 0.010742 0.008789
0 0.116943 0.186523 0.032715 0.028320
0 0.145020 0.157959 0.007812 0.008301