0 0.514893 0.874512 0.041504 0.020508
0 0.319580 0.790283 0.015137 0.012207
0 0.307129 0.715820 0.041016 0.050781
0 0.049316 0.652100 0.044922 0.039551
0 0.097900 0.632812 0.017090 0.036133
0 0.615967 0.607422 0.008301 0.007812
0 0.162354 0.617188 0.029785 0.041992
0 0.336426 0.570801 0.007812 0.009766
0 0.013672 0.576904 0.021484 0.060059
0 0.194824 0.557373 0.028320 0.032715
0 0.278076 0.482910 0.021973 0.020508
0 0.144287 0.472168 0.027832 0.039062
0 0.283691 0.432861 0.035156 0.023926
0 0.432129 0.420898 0.010742 0.007812
0 0.338867 0.414551 0.012695 0.014648
0 0.224854 0.404541 0.013184 0.020020
0 0.306396 0.377197 0.011230 0.016113
0 0.126465 0.374268 0.032227 0.039551
0 0.392090 0.356689 0.007812 0.006348
0 0.241211 0.356201 0.015625 0.022949
0 0.315186 0.349854 0.017090 0.016113
0 0.041260 0.342529 0.030762 0.040527
0 0.188721 0.320312 0.021973 0.027344
0 0.322510 0.310059 0.008301 0.008789
0 0.131348 0.302734 0.025391 0.028320
0 0.179932 0.265137 0.020020 0.024414
0 0.063477 0.267822 0.021484 0.033691
0 0.212158 0.225098 0.005371 0.004883
0 0.124756 0.244141 0.102051 0.132812