0 0.527100 0.951172 0.029785 0.018555
0 0.422607 0.904053 0.039551 0.012207
0 0.414795 0.817383 0.005371 0.005859
0 0.714600 0.797119 0.019043 0.014160
0 0.271973 0.736328 0.015625 0.016602
0 0.269043 0.659668 0.041016 0.041992
0 0.020996 0.604736 0.023438 0.036621
0 0.056641 0.579346 0.017578 0.037598
0 0.659424 0.553223 0.010254 0.013672
0 0.119141 0.564453 0.029297 0.046875
0 0.294189 0.517578 0.009277 0.014648
0 0.050049 0.509033 0.017090 0.025879
0 0.150879 0.497803 0.029297 0.046387
0 0.961670 0.452393 0.022949 0.033691
0 0.237793 0.436768 0.016602 0.024902
0 0.007568 0.428955 0.005371 0.012207
0 0.101807 0.422363 0.027832 0.032227
0 0.974365 0.397217 0.006348 0.011230
0 0.238281 0.398926 0.032227 0.022461
0 0.435547 0.390137 0.006836 0.005859
0 0.302979 0.390381 0.010254 0.015137
0 0.319580 0.358154 0.013184 0.014160
0 0.409668 0.351074 0.009766 0.008789
0 0.261719 0.352783 0.013672 0.019043
0 0.077148 0.351318 0.030273 0.040527
0 0.190430 0.323975 0.021484 0.025879
0 0.308105 0.293945 0.007812 0.008789
0 0.770996 0.287109 0.011719 0.014648
0 0.134277 0.291504 0.023438 0.028320
0 0.268799 0.271729 0.008301 0.009277
0 0.078613 0.274658 0.029297 0.046387
0 0.235840 0.240723 0.006836 0.007812
0 0.123047 0.238525 0.015625 0.023926
0 0.197510 0.211426 0.014160 0.015625
0 0.399658 0.343018 0.012207 0.012207