0 0.204346 0.839844 0.032715 0.044922
0 0.611084 0.759521 0.006348 0.006348
0 0.522705 0.755859 0.016113 0.007812
0 0.075684 0.745117 0.034180 0.047852
0 0.253906 0.708008 0.011719 0.012695
0 0.110352 0.690918 0.029297 0.037109
0 0.151367 0.636963 0.014648 0.020020
0 0.811523 0.630127 0.011719 0.016113
0 0.198486 0.617676 0.021973 0.027344
0 0.062500 0.603516 0.024414 0.038086
0 0.402832 0.584473 0.005859 0.006836
0 0.734131 0.570068 0.006348 0.007324
0 0.480469 0.555420 0.004883 0.005371
0 0.214600 0.563477 0.022949 0.031250
0 0.911865 0.513916 0.005371 0.005371
0 0.935791 0.528320 0.012207 0.035156
0 0.744385 0.510498 0.007324 0.013184
0 0.642578 0.503174 0.007812 0.010254
0 0.720703 0.461914 0.013672 0.022461
0 0.967529 0.423828 0.024902 0.037109
0 0.983154 0.382080 0.010254 0.028809
0 0.893555 0.353760 0.011719 0.021973
0 0.921387 0.325684 0.015625 0.029297
0 0.895264 0.269775 0.012207 0.018066