0 0.230225 0.838623 0.029785 0.044434
0 0.546875 0.744629 0.014648 0.008789
0 0.097656 0.747070 0.032227 0.041992
0 0.274902 0.704102 0.011719 0.012695
0 0.130371 0.687744 0.031250 0.037598
0 0.216797 0.612549 0.018555 0.022949
0 0.079590 0.605225 0.025391 0.032715
0 0.832275 0.596924 0.014160 0.019043
0 0.046143 0.582764 0.007324 0.018066
0 0.727539 0.561279 0.006836 0.009277
0 0.231689 0.560059 0.021973 0.030273
0 0.760010 0.487305 0.005371 0.010742
0 0.659912 0.485352 0.006348 0.010742
0 0.948975 0.490234 0.014160 0.042969
0 0.748291 0.453125 0.014160 0.020508
0 0.665527 0.419678 0.006836 0.009277
0 0.979736 0.403809 0.024902 0.048828
0 0.904785 0.326172 0.011719 0.020508
0 0.931641 0.295898 0.015625 0.026367
0 0.900146 0.239258 0.008301 0.010742