0 0.594971 0.789062 0.029785 0.015625
0 0.576660 0.739014 0.016602 0.009277
0 0.569092 0.632568 0.009277 0.006348
0 0.653320 0.633057 0.012695 0.014160
0 0.383057 0.440430 0.009277 0.009766
0 0.463623 0.437256 0.009277 0.010254
0 0.403320 0.415039 0.009766 0.009766
0 0.618652 0.406738 0.015625 0.011719
0 0.368164 0.402588 0.009766 0.008301
0 0.602295 0.393311 0.012207 0.009277
0 0.773438 0.370605 0.010742 0.013672
0 0.674316 0.370850 0.011719 0.014160
0 0.533936 0.361816 0.008301 0.006836
0 0.313477 0.359863 0.006836 0.007812
0 0.552734 0.342529 0.012695 0.009277
0 0.592041 0.343262 0.015137 0.011719
0 0.275879 0.338135 0.012695 0.014160
0 0.583740 0.320068 0.008301 0.007324
0 0.241455 0.309326 0.008301 0.008301
0 0.677002 0.306152 0.005371 0.004883
0 0.598877 0.299316 0.009277 0.005859
0 0.132812 0.293213 0.017578 0.024902
0 0.206543 0.276855 0.007812 0.008789
0 0.166504 0.251953 0.011719 0.012695
0 0.639893 0.250244 0.013184 0.012207
0 0.122559 0.239258 0.022461 0.029297
0 0.715088 0.114990 0.015137 0.011230