0 0.584717 0.785400 0.031738 0.015137
0 0.583008 0.739014 0.015625 0.009277
0 0.644287 0.615479 0.007324 0.010254
0 0.436035 0.425293 0.012695 0.008789
0 0.535400 0.394775 0.006348 0.005371
0 0.612793 0.392334 0.013672 0.010254
0 0.355469 0.390625 0.008789 0.009766
0 0.438232 0.381104 0.006348 0.006348
0 0.594971 0.378174 0.013184 0.010254
0 0.332520 0.371338 0.007812 0.009277
0 0.766602 0.357910 0.009766 0.011719
0 0.666260 0.355957 0.011230 0.012695
0 0.568359 0.342041 0.013672 0.012207
0 0.261719 0.328125 0.007812 0.009766
0 0.547363 0.326904 0.013672 0.009277
0 0.227295 0.297852 0.009277 0.010742
0 0.594482 0.285156 0.008301 0.006836
0 0.149414 0.244873 0.011719 0.014160
0 0.719238 0.089600 0.018555 0.013184
0 0.395996 0.393311 0.010742 0.011230