0 0.344727 0.895020 0.027344 0.015625
0 0.303223 0.762451 0.018555 0.016113
0 0.262207 0.672363 0.029297 0.045898
0 0.024902 0.619873 0.027344 0.041504
0 0.065186 0.592285 0.025879 0.039062
0 0.126709 0.581787 0.035645 0.040527
0 0.664795 0.567383 0.012207 0.015625
0 0.299805 0.531982 0.009766 0.012207
0 0.059570 0.521240 0.028320 0.027832
0 0.156250 0.519531 0.031250 0.034180
0 0.982666 0.499268 0.007324 0.015137
0 0.244141 0.441162 0.019531 0.022949
0 0.102295 0.433838 0.029785 0.044434
0 0.361816 0.395508 0.009766 0.012695
0 0.258301 0.387939 0.031250 0.047363
0 0.187500 0.370361 0.011719 0.016113
0 0.421875 0.356934 0.007812 0.006836
0 0.346436 0.357422 0.006348 0.007812
0 0.197510 0.328125 0.027832 0.042969
0 0.125000 0.308105 0.008789 0.013672
0 0.322754 0.295898 0.008789 0.006836
0 0.098145 0.328613 0.039062 0.079102
0 0.061279 0.264648 0.010254 0.016602
0 0.285400 0.272461 0.014160 0.013672
0 0.156250 0.271484 0.022461 0.030273
0 0.232666 0.274414 0.039551 0.039062
0 0.094482 0.276123 0.024902 0.044434
0 0.089600 0.224854 0.016113 0.020020
0 0.139648 0.232910 0.019531 0.023438
0 0.213379 0.208740 0.019531 0.018066
0 0.160645 0.190918 0.015625 0.016602
0 0.142822 0.177979 0.025879 0.032715
0 0.410889 0.349121 0.009277 0.007812
0 0.173828 0.190430 0.008789 0.009766