0 0.451416 0.937012 0.018066 0.008789
0 0.479980 0.854492 0.034180 0.014648
0 0.302490 0.771729 0.015137 0.013184
0 0.295654 0.694336 0.041504 0.044922
0 0.038818 0.635986 0.047363 0.042480
0 0.686523 0.593506 0.007812 0.009277
0 0.084961 0.610596 0.022461 0.044434
0 0.603516 0.591064 0.007812 0.008301
0 0.152344 0.598633 0.036133 0.045898
0 0.006348 0.564209 0.004883 0.016113
0 0.323730 0.551270 0.009766 0.011719
0 0.093018 0.544189 0.007324 0.014160
0 0.180664 0.538330 0.028320 0.032715
0 0.268311 0.464355 0.021973 0.023438
0 0.128662 0.452881 0.030762 0.032715
0 0.269531 0.412842 0.041016 0.026855
0 0.329834 0.402832 0.014160 0.015625
0 0.212402 0.387939 0.012695 0.020020
0 0.447021 0.379395 0.008301 0.006836
0 0.437256 0.371094 0.009277 0.008789
0 0.297852 0.369873 0.014648 0.017090
0 0.321045 0.348145 0.012207 0.010742
0 0.115234 0.357422 0.029297 0.039062
0 0.379883 0.340088 0.011719 0.010254
0 0.034668 0.336914 0.015625 0.035156
0 0.230713 0.334717 0.026855 0.036621
0 0.311035 0.293457 0.012695 0.011719
0 0.180908 0.302246 0.033691 0.047852
0 0.123291 0.280029 0.034668 0.055176
0 0.167725 0.245361 0.016113 0.022949
0 0.244873 0.227051 0.006348 0.007812
0 0.202881 0.204590 0.005371 0.006836
0 0.106201 0.244141 0.082520 0.098633
0 0.348389 0.314209 0.009277 0.008301