0 0.384277 0.875732 0.018555 0.011230
0 0.328857 0.788086 0.025879 0.046875
0 0.083008 0.739746 0.029297 0.037109
0 0.128662 0.727295 0.018066 0.027832
0 0.192383 0.703613 0.035156 0.038086
0 0.710938 0.685059 0.014648 0.016602
0 0.361084 0.649414 0.008301 0.008789
0 0.039551 0.660400 0.039062 0.048340
0 0.218994 0.642578 0.028809 0.028320
0 0.060303 0.580322 0.009277 0.011230
0 0.297852 0.561035 0.022461 0.017578
0 0.159668 0.557373 0.027344 0.033691
0 0.677246 0.521973 0.007812 0.009766
0 0.310547 0.505371 0.025391 0.022461
0 0.920898 0.483643 0.008789 0.018066
0 0.241455 0.484863 0.012207 0.020508
0 0.218018 0.465820 0.007324 0.012695
0 0.685547 0.458740 0.011719 0.011230
0 0.033936 0.450684 0.008301 0.014648
0 0.884277 0.457275 0.011719 0.031738
0 0.666504 0.442871 0.010742 0.010742
0 0.144531 0.457520 0.023438 0.043945
0 0.188721 0.437988 0.010254 0.018555
0 0.259766 0.430664 0.017578 0.021484
0 0.738770 0.420898 0.005859 0.004883
0 0.052734 0.424561 0.025391 0.044434
0 0.618896 0.391846 0.010254 0.011230
0 0.336182 0.385010 0.005371 0.005371
0 0.210693 0.387451 0.020996 0.025879
0 0.652344 0.370361 0.009766 0.009277
0 0.147461 0.379639 0.022461 0.028809
0 0.106934 0.374512 0.021484 0.037109
0 0.243408 0.364258 0.014160 0.017578
0 0.302979 0.353760 0.010254 0.011230
0 0.191650 0.348145 0.011230 0.019531
0 0.238525 0.329834 0.011230 0.014160
0 0.082764 0.344971 0.042480 0.047363
0 0.267334 0.323730 0.008301 0.008789
0 0.143311 0.324219 0.038574 0.062500
0 0.195801 0.298584 0.012695 0.016113
0 0.094727 0.295166 0.023438 0.028809
0 0.743408 0.354248 0.011230 0.014160