0 0.494629 0.860840 0.038086 0.014648
0 0.309082 0.778809 0.017578 0.014648
0 0.299805 0.701660 0.044922 0.050781
0 0.035156 0.639893 0.030273 0.047363
0 0.088867 0.619629 0.018555 0.042969
0 0.607666 0.596191 0.010254 0.009766
0 0.157227 0.605957 0.037109 0.045898
0 0.328125 0.559326 0.007812 0.010254
0 0.009033 0.568115 0.011230 0.047363
0 0.186768 0.546143 0.028809 0.027832
0 0.271484 0.472656 0.019531 0.018555
0 0.136719 0.462402 0.023438 0.034180
0 0.439209 0.411621 0.007324 0.006836
0 0.272461 0.420654 0.045898 0.026855
0 0.332520 0.406494 0.011719 0.016113
0 0.216797 0.394287 0.012695 0.020996
0 0.450928 0.384766 0.007324 0.006836
0 0.441650 0.376465 0.009277 0.008789
0 0.301270 0.373535 0.007812 0.010742
0 0.118896 0.360596 0.033691 0.049316
0 0.039551 0.343750 0.012695 0.030273
0 0.234863 0.340820 0.029297 0.045898
0 0.187012 0.305908 0.034180 0.050293
0 0.125488 0.287842 0.028320 0.032715
0 0.169922 0.254883 0.012695 0.012695
0 0.245605 0.235840 0.011719 0.010742
0 0.208008 0.209473 0.006836 0.007812
0 0.109619 0.251221 0.074707 0.098145
0 0.162842 0.195557 0.008301 0.008301
0 0.149658 0.210693 0.015137 0.017090