0 0.603271 0.927490 0.035645 0.026855
0 0.348145 0.797119 0.040039 0.055176
0 0.090820 0.746094 0.035156 0.037109
0 0.136475 0.733398 0.020020 0.024414
0 0.198486 0.705322 0.037598 0.038574
0 0.367188 0.646240 0.011719 0.009277
0 0.042480 0.663818 0.044922 0.053223
0 0.225342 0.640137 0.031738 0.032227
0 0.258545 0.577148 0.006348 0.008789
0 0.077637 0.571045 0.019531 0.027832
0 0.301758 0.560303 0.023438 0.020996
0 0.169189 0.556396 0.028809 0.037598
0 0.194092 0.540039 0.009277 0.016602
0 0.219971 0.520996 0.014160 0.013672
0 0.311035 0.510986 0.024414 0.020996
0 0.627441 0.502441 0.006836 0.008789
0 0.245361 0.483154 0.012207 0.018066
0 0.369629 0.462891 0.006836 0.007812
0 0.338867 0.458252 0.010742 0.013184
0 0.033691 0.453613 0.014648 0.019531
0 0.687500 0.447998 0.012695 0.011230
0 0.145996 0.460205 0.029297 0.038574
0 0.669922 0.434814 0.011719 0.010254
0 0.302246 0.434082 0.009766 0.014648
0 0.260254 0.434326 0.016602 0.019043
0 0.055664 0.431885 0.026367 0.041504
0 0.739014 0.409668 0.008301 0.011719
0 0.841064 0.408936 0.009277 0.014160
0 0.204590 0.399414 0.021484 0.029297
0 0.619873 0.382812 0.008301 0.007812
0 0.338379 0.382812 0.010742 0.009766
0 0.146973 0.385742 0.022461 0.024414
0 0.257324 0.369873 0.013672 0.016113
0 0.107910 0.375244 0.023438 0.038574
0 0.650146 0.359863 0.008301 0.008789
0 0.302734 0.352783 0.009766 0.010254
0 0.664795 0.352783 0.011230 0.011230
0 0.742920 0.343750 0.014160 0.017578
0 0.193115 0.346680 0.015137 0.024414
0 0.058838 0.348633 0.049316 0.033203
0 0.266602 0.324463 0.009766 0.010254
0 0.224854 0.304199 0.013184 0.013672
0 0.143066 0.323975 0.040039 0.067871
0 0.092529 0.288818 0.022949 0.027832
0 0.186768 0.292480 0.030762 0.036133
0 0.185547 0.281738 0.014648 0.018555