0 0.643799 0.599365 0.012207 0.014160
0 0.394531 0.400879 0.008789 0.007812
0 0.348389 0.382324 0.010254 0.009766
0 0.427002 0.377930 0.007324 0.006836
0 0.594482 0.374268 0.014160 0.009277
0 0.577393 0.363770 0.015137 0.010742
0 0.514160 0.338379 0.011719 0.008789
0 0.646240 0.333496 0.012207 0.010742
0 0.746338 0.327881 0.010254 0.011230
0 0.533447 0.318848 0.016113 0.008789
0 0.910400 0.303955 0.007324 0.008301
0 0.564941 0.296387 0.007812 0.006836
0 0.219971 0.291748 0.009277 0.009277
0 0.580078 0.275879 0.009766 0.006836
0 0.643799 0.268799 0.012207 0.009277
0 0.183105 0.260010 0.011719 0.011230
0 0.826416 0.209717 0.021973 0.021973
0 0.750000 0.137939 0.032227 0.024902
0 0.384033 0.393311 0.012207 0.011230