0 0.562744 0.632812 0.008301 0.006836
0 0.646729 0.630615 0.011230 0.011230
0 0.356201 0.406494 0.007324 0.008301
0 0.608643 0.403564 0.014160 0.010254
0 0.592285 0.391846 0.015625 0.011230
0 0.231445 0.390381 0.013672 0.018066
0 0.662598 0.365723 0.011719 0.012695
0 0.762451 0.362793 0.009277 0.011719
0 0.177490 0.366699 0.012207 0.018555
0 0.522705 0.360596 0.012207 0.008301
0 0.929688 0.351807 0.008789 0.014160
0 0.204834 0.348145 0.015137 0.014648
0 0.262451 0.344727 0.011230 0.012695
0 0.541260 0.342285 0.014160 0.010742
0 0.126953 0.351318 0.023438 0.029785
0 0.080322 0.333984 0.011230 0.014648
0 0.572754 0.318604 0.012695 0.009277
0 0.227051 0.315430 0.010742 0.012695
0 0.117920 0.306396 0.018066 0.023926
0 0.191650 0.283936 0.012207 0.014160
0 0.150879 0.262207 0.010742 0.012695
0 0.071289 0.281250 0.042969 0.071289
0 0.112793 0.262451 0.013672 0.017090
0 0.102295 0.254395 0.033691 0.044922
0 0.846436 0.225586 0.011230 0.012695
0 0.753906 0.160889 0.033203 0.024902
0 0.392090 0.416992 0.010742 0.008789