0 0.473145 0.947021 0.038086 0.014160
0 0.401367 0.915039 0.032227 0.012695
0 0.331055 0.815918 0.039062 0.025391
0 0.265869 0.769775 0.012207 0.011230
0 0.258545 0.697998 0.035645 0.048340
0 0.099121 0.609863 0.029297 0.054688
0 0.630859 0.563477 0.011719 0.012695
0 0.026611 0.565430 0.011230 0.024414
0 0.270264 0.547607 0.009277 0.014160
0 0.128662 0.543945 0.028809 0.040039
0 0.945557 0.479736 0.012207 0.020996
0 0.208496 0.465332 0.023438 0.044922
0 0.071045 0.464111 0.028809 0.045410
0 0.947510 0.412109 0.008301 0.018555
0 0.053467 0.381836 0.013184 0.015625
0 0.464844 0.353027 0.016602 0.017578
0 0.509521 0.342041 0.011230 0.009277
0 0.411133 0.338867 0.010742 0.008789
0 0.578125 0.329102 0.036133 0.024414
0 0.639893 0.295654 0.013184 0.010254
0 0.497803 0.294922 0.011230 0.007812
0 0.740234 0.293213 0.012695 0.012207
0 0.822510 0.260742 0.011230 0.012695
0 0.639893 0.230957 0.011230 0.008789
0 0.829102 0.193115 0.017578 0.017090
0 0.654053 0.089600 0.021973 0.012207
0 0.696289 0.076904 0.019531 0.012207
0 0.515137 0.275635 0.017578 0.010254
0 0.457031 0.337891 0.009766 0.006836
0 0.040527 0.631592 0.020508 0.035645