0 0.372803 0.948975 0.049316 0.019043
0 0.358398 0.823730 0.012695 0.009766
0 0.315186 0.733398 0.026855 0.048828
0 0.064453 0.687256 0.043945 0.042480
0 0.112793 0.665039 0.016602 0.033203
0 0.175293 0.645508 0.031250 0.039062
0 0.349121 0.594971 0.009766 0.011230
0 0.027588 0.598877 0.035645 0.055176
0 0.205811 0.583008 0.025879 0.029297
0 0.289551 0.505127 0.019531 0.020996
0 0.147949 0.501709 0.031250 0.029785
0 0.301025 0.453613 0.022949 0.025391
0 0.233643 0.432373 0.014160 0.020020
0 0.280029 0.409668 0.006348 0.006836
0 0.131592 0.399658 0.032715 0.042480
0 0.178223 0.380127 0.012695 0.019043
0 0.256592 0.369629 0.029785 0.046875
0 0.330078 0.332275 0.009766 0.011230
0 0.202393 0.338135 0.019043 0.024902
0 0.247803 0.322021 0.011230 0.014160
0 0.141113 0.324951 0.019531 0.027832
0 0.184570 0.296143 0.011719 0.015137
0 0.066162 0.293701 0.027832 0.037598
0 0.259521 0.274414 0.008301 0.006836
0 0.106689 0.302979 0.050293 0.074707
0 0.139893 0.254150 0.026855 0.020996
0 0.215088 0.254883 0.024902 0.028320
0 0.187012 0.247803 0.015625 0.018066
0 0.081055 0.250244 0.026367 0.047363
0 0.170654 0.230225 0.012207 0.014160