0 0.175781 0.858887 0.034180 0.050781
0 0.589355 0.795410 0.013672 0.008789
0 0.499756 0.788818 0.015137 0.008301
0 0.227539 0.726562 0.006836 0.005859
0 0.790283 0.693359 0.013184 0.014648
0 0.384277 0.613281 0.010742 0.010742
0 0.464600 0.601074 0.008301 0.005859
0 0.922607 0.595215 0.018066 0.036133
0 0.758789 0.581787 0.008789 0.013184
0 0.897217 0.557861 0.007324 0.014160
0 0.730225 0.550781 0.006348 0.009766
0 0.628906 0.540527 0.005859 0.005859
0 0.945068 0.501221 0.007324 0.020020
0 0.681396 0.480957 0.015137 0.014648
0 0.953125 0.470703 0.031250 0.034180
0 0.978516 0.430664 0.020508 0.035156
0 0.883301 0.395996 0.009766 0.017578
0 0.913818 0.366943 0.015137 0.027832
0 0.891357 0.312256 0.014160 0.020996