0 0.254150 0.759033 0.011230 0.010254
0 0.241943 0.689209 0.034668 0.044434
0 0.628418 0.580078 0.010742 0.013672
0 0.507324 0.355225 0.011719 0.007324
0 0.602051 0.356201 0.018555 0.013184
0 0.412354 0.351807 0.008301 0.006348
0 0.455811 0.351807 0.009277 0.007324
0 0.453125 0.341553 0.007812 0.006348
0 0.573242 0.338867 0.034180 0.021484
0 0.658691 0.321777 0.012695 0.010742
0 0.494385 0.308350 0.013184 0.008301
0 0.540527 0.263184 0.010742 0.007812
0 0.665039 0.258057 0.010742 0.008301
0 0.847656 0.251953 0.016602 0.020508
0 0.554443 0.242676 0.007324 0.006836
0 0.817139 0.170898 0.033691 0.031250