0 0.390625 0.942139 0.032227 0.014160
0 0.367432 0.818848 0.016113 0.010742
0 0.317871 0.731201 0.021484 0.041504
0 0.060791 0.699951 0.028809 0.039551
0 0.111084 0.673828 0.022949 0.041992
0 0.173828 0.653320 0.030273 0.038086
0 0.621338 0.603271 0.009277 0.010254
0 0.023193 0.625732 0.025879 0.062988
0 0.342529 0.590332 0.010254 0.011719
0 0.199707 0.590820 0.029297 0.029297
0 0.139648 0.510742 0.028320 0.028320
0 0.280762 0.504150 0.018555 0.020996
0 0.285889 0.451660 0.023926 0.024414
0 0.289795 0.408691 0.011230 0.013672
0 0.117188 0.409180 0.027344 0.048828
0 0.153564 0.386230 0.010254 0.017578
0 0.226562 0.383057 0.018555 0.022949
0 0.379395 0.372314 0.008789 0.008301
0 0.115967 0.339600 0.015137 0.025879
0 0.178467 0.343018 0.023926 0.033691
0 0.073486 0.337891 0.029785 0.030273
0 0.228271 0.329102 0.016113 0.019531
0 0.043945 0.314453 0.017578 0.028320
0 0.156494 0.305664 0.018066 0.022461
0 0.229980 0.276855 0.008789 0.009766
0 0.180908 0.262207 0.024902 0.022461
0 0.114502 0.262695 0.038574 0.037109
0 0.157227 0.254883 0.018555 0.023438
0 0.099121 0.302246 0.013672 0.019531