0 0.463135 0.963867 0.033691 0.015625
0 0.423584 0.941406 0.045410 0.017578
0 0.601318 0.785645 0.024902 0.015625
0 0.633545 0.592773 0.012207 0.014648
0 0.517090 0.372070 0.010742 0.007812
0 0.464355 0.364990 0.007812 0.006348
0 0.593506 0.365479 0.013184 0.010254
0 0.417480 0.364746 0.009766 0.007812
0 0.577881 0.354736 0.017090 0.013184
0 0.518555 0.342285 0.013672 0.011719
0 0.648438 0.328613 0.009766 0.008789
0 0.748535 0.327637 0.010742 0.012695
0 0.506836 0.323486 0.011719 0.008301
0 0.526123 0.303711 0.013184 0.008789
0 0.556641 0.281250 0.011719 0.008789
0 0.648682 0.263184 0.011230 0.009766
0 0.379883 0.377197 0.011719 0.010254