0 0.589600 0.656738 0.009277 0.007812
0 0.675049 0.652100 0.018066 0.018066
0 0.159424 0.620361 0.006348 0.006348
0 0.205322 0.551758 0.012207 0.018555
0 0.021973 0.551758 0.023438 0.036133
0 0.246826 0.542236 0.019043 0.024902
0 0.112061 0.541748 0.027832 0.039551
0 0.195312 0.523926 0.007812 0.014648
0 0.167725 0.492188 0.013184 0.018555
0 0.258301 0.494629 0.024414 0.026367
0 0.192139 0.471436 0.013184 0.019043
0 0.413330 0.445557 0.006348 0.006348
0 0.021973 0.440918 0.013672 0.023438
0 0.631104 0.428223 0.011230 0.009766
0 0.091553 0.443604 0.032715 0.044434
0 0.263184 0.426758 0.011719 0.015625
0 0.201416 0.423096 0.018066 0.020020
0 0.612305 0.416504 0.014648 0.012695
0 0.011475 0.420410 0.012207 0.037109
0 0.258789 0.407715 0.013672 0.014648
0 0.222168 0.399658 0.011719 0.020020
0 0.548340 0.391113 0.005859 0.005859
0 0.321045 0.392334 0.008301 0.011230
0 0.681152 0.388916 0.006836 0.007324
0 0.781494 0.384033 0.009277 0.014160
0 0.149170 0.381836 0.021973 0.034180
0 0.561035 0.367432 0.010742 0.007324
0 0.093262 0.371582 0.025391 0.027344
0 0.056152 0.367920 0.024414 0.030762
0 0.591064 0.344238 0.012207 0.010742
0 0.248535 0.344482 0.009766 0.012207
0 0.026855 0.346680 0.010742 0.020508
0 0.681885 0.323730 0.007324 0.006836
0 0.606201 0.322754 0.008301 0.006836
0 0.142090 0.326416 0.020508 0.040527
0 0.170166 0.292480 0.011230 0.013672
0 0.089355 0.312988 0.038086 0.068359
0 0.133057 0.283936 0.021973 0.032715
0 0.130127 0.270020 0.011230 0.015625
0 0.863037 0.220459 0.014160 0.017090
0 0.745117 0.166992 0.027344 0.023438
0 0.354248 0.416748 0.008301 0.009277