0 0.635254 0.918213 0.035156 0.026855
0 0.354492 0.861816 0.025391 0.013672
0 0.332275 0.786865 0.046387 0.058105
0 0.081543 0.722412 0.032227 0.037598
0 0.124512 0.709961 0.021484 0.027344
0 0.186768 0.685547 0.039551 0.043945
0 0.361084 0.638672 0.009277 0.007812
0 0.218750 0.626465 0.031250 0.030273
0 0.035156 0.636475 0.043945 0.053223
0 0.301758 0.548340 0.020508 0.021484
0 0.075195 0.542725 0.019531 0.030762
0 0.163574 0.537598 0.031250 0.038086
0 0.191162 0.521973 0.008301 0.014648
0 0.627197 0.492676 0.007324 0.008789
0 0.311279 0.497559 0.022949 0.020508
0 0.247803 0.467529 0.012207 0.018066
0 0.375732 0.456055 0.011230 0.010742
0 0.342529 0.449463 0.011230 0.013184
0 0.683105 0.434082 0.012695 0.010742
0 0.149902 0.439697 0.029297 0.040527
0 0.664551 0.422119 0.012695 0.010254
0 0.308105 0.422119 0.009766 0.014160
0 0.264404 0.418213 0.017090 0.019043
0 0.036865 0.422852 0.013184 0.028320
0 0.383789 0.395508 0.007812 0.007812
0 0.731445 0.391846 0.008789 0.012207
0 0.060547 0.406494 0.024414 0.041504
0 0.833008 0.383545 0.009766 0.014160
0 0.610596 0.374023 0.008301 0.007812
0 0.211426 0.382080 0.019531 0.023926
0 0.345947 0.371826 0.007324 0.007324
0 0.156250 0.364258 0.021484 0.022461
0 0.268311 0.356201 0.015137 0.016113
0 0.639160 0.349365 0.008789 0.008301
0 0.115967 0.354492 0.026855 0.033203
0 0.653320 0.340820 0.011719 0.010742
0 0.312744 0.340332 0.010254 0.010742
0 0.730225 0.325928 0.015137 0.017090
0 0.203857 0.328369 0.018066 0.023926
0 0.143799 0.319824 0.020020 0.032227
0 0.071533 0.322998 0.045410 0.040527
0 0.239746 0.284424 0.011719 0.012207
0 0.193359 0.281494 0.015625 0.017090
0 0.162109 0.287109 0.023438 0.034180
0 0.106445 0.263672 0.030273 0.032227
0 0.200684 0.260254 0.014648 0.017578