0 0.197266 0.849121 0.029297 0.046875
0 0.601562 0.768555 0.014648 0.008789
0 0.073975 0.757812 0.022949 0.034180
0 0.245361 0.715576 0.011230 0.013184
0 0.104248 0.698486 0.028809 0.035645
0 0.800537 0.649658 0.013184 0.018066
0 0.143555 0.645020 0.017578 0.025391
0 0.189209 0.624756 0.024902 0.027832
0 0.395020 0.592773 0.009766 0.008789
0 0.211914 0.582520 0.010742 0.014648
0 0.739014 0.574707 0.007324 0.011719
0 0.472656 0.568359 0.005859 0.005859
0 0.927734 0.550049 0.014648 0.048340
0 0.736572 0.522949 0.006348 0.008789
0 0.635010 0.513428 0.006348 0.007324
0 0.979004 0.492188 0.007812 0.022461
0 0.706299 0.468750 0.015137 0.015625
0 0.645020 0.449707 0.007812 0.009766
0 0.958252 0.436523 0.023926 0.031250
0 0.982178 0.399658 0.020996 0.034668
0 0.887939 0.368164 0.010254 0.017578
0 0.916992 0.340820 0.014648 0.023438
0 0.894043 0.289062 0.013672 0.020508