0 0.597656 0.783447 0.028320 0.015137
0 0.588867 0.736084 0.016602 0.009277
0 0.655762 0.618896 0.011719 0.013184
0 0.446289 0.434082 0.010742 0.007812
0 0.609619 0.392334 0.015137 0.010254
0 0.593262 0.381836 0.016602 0.012695
0 0.301758 0.357666 0.006836 0.006348
0 0.523193 0.352539 0.009277 0.008789
0 0.662598 0.354004 0.012695 0.013672
0 0.763672 0.351562 0.011719 0.015625
0 0.265381 0.337402 0.007324 0.007812
0 0.573730 0.337158 0.012695 0.010254
0 0.930176 0.336914 0.008789 0.011719
0 0.541260 0.333008 0.011230 0.008789
0 0.572510 0.309570 0.013184 0.008789
0 0.229248 0.308350 0.011230 0.010254
0 0.663574 0.289551 0.006836 0.005859
0 0.192871 0.278564 0.007812 0.008301
0 0.152100 0.254395 0.013184 0.015625
0 0.692383 0.090820 0.015625 0.010742
0 0.113037 0.242920 0.029785 0.032715
0 0.629639 0.228760 0.018066 0.012207
0 0.394287 0.409180 0.010254 0.009766