0 0.327393 0.901367 0.010254 0.006836
0 0.273193 0.765137 0.018066 0.015625
0 0.239746 0.678223 0.035156 0.043945
0 0.035156 0.596680 0.025391 0.045898
0 0.098389 0.602051 0.033691 0.063477
0 0.629639 0.569580 0.010254 0.013184
0 0.267822 0.536865 0.011230 0.014160
0 0.027832 0.534180 0.028320 0.025391
0 0.125977 0.525879 0.028320 0.032227
0 0.948486 0.503418 0.008301 0.015625
0 0.517822 0.347656 0.012207 0.007812
0 0.594727 0.343018 0.017578 0.012207
0 0.421875 0.337891 0.013672 0.009766
0 0.578857 0.330811 0.015137 0.011230
0 0.750732 0.307861 0.009277 0.009277
0 0.649658 0.306641 0.013184 0.010742
0 0.508301 0.298828 0.014648 0.008789
0 0.558838 0.258301 0.016113 0.009766
0 0.838135 0.242188 0.017090 0.020508
0 0.809814 0.153809 0.027832 0.024414
0 0.466309 0.340088 0.008789 0.007324