0 0.330322 0.884766 0.028809 0.014648
0 0.284668 0.749268 0.016602 0.017090
0 0.249023 0.657715 0.032227 0.044922
0 0.025146 0.642578 0.015137 0.025391
0 0.058105 0.614014 0.020508 0.044434
0 0.650146 0.554199 0.010254 0.015625
0 0.117920 0.579834 0.031738 0.082520
0 0.048340 0.546631 0.027344 0.022949
0 0.288086 0.538086 0.007812 0.015625
0 0.146240 0.546143 0.025879 0.041504
0 0.956299 0.457031 0.015137 0.027344
0 0.228271 0.453613 0.013184 0.038086
0 0.083008 0.453125 0.034180 0.040039
0 0.323975 0.397949 0.009277 0.012695
0 0.233398 0.406738 0.021484 0.030273
0 0.963379 0.395996 0.009766 0.020508
0 0.165527 0.381104 0.011719 0.018066
0 0.349854 0.362549 0.012207 0.013184
0 0.066650 0.364258 0.029785 0.048828
0 0.175293 0.330566 0.016602 0.025391
0 0.598145 0.322510 0.028320 0.020020
0 0.096680 0.314209 0.005859 0.007324
0 0.657959 0.290527 0.011230 0.010742
0 0.761230 0.286865 0.011719 0.014160
0 0.196289 0.290039 0.014648 0.019531
0 0.257080 0.277344 0.013184 0.013672
0 0.066650 0.282227 0.024902 0.029297
0 0.129395 0.283203 0.029297 0.039062
0 0.108154 0.248779 0.020996 0.022949
0 0.844727 0.236816 0.008789 0.012695
0 0.659912 0.224609 0.009277 0.006836
0 0.184814 0.218262 0.011230 0.012695
0 0.128174 0.201416 0.014160 0.016113
0 0.142822 0.198975 0.011230 0.013184
0 0.835693 0.147217 0.028809 0.025879