0 0.320557 0.780518 0.012207 0.009277
0 0.281494 0.688477 0.021973 0.041992
0 0.036621 0.631836 0.042969 0.047852
0 0.085693 0.609619 0.028809 0.044434
0 0.596436 0.590820 0.008301 0.009766
0 0.144287 0.595703 0.040527 0.043945
0 0.321777 0.551025 0.014648 0.013184
0 0.087646 0.542969 0.008301 0.013672
0 0.178223 0.536133 0.026367 0.034180
0 0.263428 0.457275 0.021973 0.023926
0 0.024414 0.438721 0.015625 0.017090
0 0.122314 0.447510 0.032715 0.040527
0 0.442871 0.378174 0.006836 0.007324
0 0.277100 0.397461 0.023926 0.051758
0 0.324951 0.368652 0.006348 0.005859
0 0.375732 0.339111 0.009277 0.007324
0 0.222168 0.343262 0.018555 0.032227
0 0.114746 0.351318 0.031250 0.053223
0 0.150635 0.329102 0.014160 0.020508
0 0.342285 0.314209 0.006836 0.007324
0 0.237305 0.287109 0.014648 0.015625
0 0.182129 0.288574 0.014648 0.023438
0 0.117920 0.282227 0.018066 0.018555
0 0.075684 0.281494 0.026367 0.037598
0 0.273682 0.260986 0.007324 0.009277
0 0.163574 0.250732 0.009766 0.013184
0 0.097168 0.246582 0.011719 0.019531
0 0.237549 0.229248 0.015137 0.015137
0 0.167725 0.193604 0.024902 0.035645
0 0.208496 0.387695 0.006836 0.007812
0 0.122559 0.207764 0.029297 0.025879
0 0.433105 0.369873 0.011719 0.009277