0 0.461914 0.950928 0.040039 0.018066
0 0.406250 0.926514 0.041992 0.016113
0 0.323486 0.829590 0.022949 0.015625
0 0.246582 0.758545 0.013672 0.012207
0 0.242920 0.679932 0.052246 0.063965
0 0.631592 0.575928 0.012207 0.011230
0 0.949219 0.501221 0.005859 0.007324
0 0.518066 0.355469 0.010742 0.007812
0 0.594727 0.351807 0.016602 0.010254
0 0.420898 0.345459 0.011719 0.009277
0 0.492676 0.347412 0.014648 0.015137
0 0.577148 0.338867 0.016602 0.012695
0 0.867676 0.329102 0.006836 0.006836
0 0.648193 0.313232 0.013184 0.011230
0 0.748291 0.313477 0.011230 0.012695
0 0.509033 0.307861 0.011230 0.008301
0 0.528076 0.288330 0.016113 0.009277
0 0.559082 0.266113 0.012695 0.008789
0 0.895996 0.265625 0.013672 0.013672
0 0.651611 0.249268 0.014160 0.010254
0 0.732666 0.077148 0.013184 0.009766