0 0.643555 0.627930 0.007812 0.008789
0 0.607422 0.401367 0.014648 0.010742
0 0.356201 0.399414 0.007324 0.006836
0 0.591797 0.390137 0.014648 0.011719
0 0.662109 0.364258 0.010742 0.010742
0 0.761475 0.363770 0.012207 0.016602
0 0.522705 0.357910 0.008301 0.006836
0 0.929199 0.354980 0.007812 0.010742
0 0.541016 0.339355 0.013672 0.008789
0 0.263428 0.334717 0.010254 0.011230
0 0.200195 0.334717 0.015625 0.020996
0 0.664062 0.299805 0.009766 0.008789
0 0.119873 0.292236 0.020020 0.025879
0 0.062012 0.286133 0.024414 0.034180
0 0.192871 0.274414 0.012695 0.014648
0 0.153564 0.250488 0.010254 0.011719
0 0.120850 0.241455 0.021973 0.030762
0 0.114014 0.229248 0.011230 0.012207
0 0.847412 0.229492 0.015137 0.016602
0 0.089355 0.240234 0.044922 0.064453
0 0.760986 0.165039 0.029785 0.023438
0 0.611572 0.257568 0.008301 0.007324
0 0.391113 0.410889 0.011719 0.011230
0 0.333008 0.381348 0.009766 0.012695