0 0.277100 0.770996 0.038574 0.044922
0 0.072021 0.689697 0.015137 0.023926
0 0.671143 0.679443 0.015137 0.015137
0 0.586914 0.676270 0.011719 0.008789
0 0.134277 0.670410 0.035156 0.041992
0 0.309326 0.630615 0.011230 0.014160
0 0.168457 0.612061 0.026367 0.031738
0 0.211426 0.551514 0.012695 0.021973
0 0.254639 0.543701 0.019043 0.020020
0 0.031250 0.540527 0.016602 0.029297
0 0.120605 0.537598 0.025391 0.036133
0 0.189209 0.522705 0.009277 0.016113
0 0.178955 0.494629 0.007324 0.017578
0 0.266357 0.498779 0.020996 0.025879
0 0.201904 0.467041 0.013184 0.019043
0 0.642578 0.451172 0.013672 0.012695
0 0.626465 0.438232 0.011719 0.010254
0 0.104980 0.442627 0.027344 0.042480
0 0.033936 0.432129 0.013184 0.022461
0 0.966553 0.416504 0.006348 0.006836
0 0.283936 0.426270 0.017090 0.031250
0 0.216064 0.421875 0.017090 0.022461
0 0.798584 0.419434 0.009277 0.018555
0 0.698730 0.415771 0.009766 0.014160
0 0.243408 0.406494 0.011230 0.019043
0 0.579346 0.395264 0.011230 0.009277
0 0.018066 0.404297 0.023438 0.052734
0 0.165527 0.381348 0.018555 0.032227
0 0.611572 0.364990 0.011230 0.010254
0 0.066895 0.357666 0.032227 0.039551
0 0.156738 0.330322 0.015625 0.025879
0 0.179443 0.321289 0.018066 0.024414
0 0.040771 0.329834 0.024902 0.041504
0 0.101074 0.322510 0.022461 0.030762
0 0.150635 0.281738 0.010254 0.012695
0 0.117188 0.286377 0.024414 0.035645
0 0.062744 0.266357 0.021973 0.040527
0 0.891602 0.248047 0.013672 0.017578
0 0.767090 0.190430 0.027344 0.023438
0 0.579834 0.386475 0.011230 0.008301