0 0.170166 0.858887 0.037598 0.053711
0 0.584229 0.802246 0.011230 0.006836
0 0.496094 0.794678 0.012695 0.008301
0 0.225830 0.729492 0.015137 0.016602
0 0.791016 0.700928 0.010742 0.011230
0 0.382080 0.615723 0.009277 0.008789
0 0.461914 0.608643 0.008789 0.006348
0 0.922852 0.610107 0.015625 0.039551
0 0.766113 0.583008 0.006836 0.009766
0 0.896484 0.566406 0.007812 0.013672
0 0.729736 0.558350 0.008301 0.013184
0 0.627930 0.547119 0.007812 0.008301
0 0.939697 0.505127 0.008301 0.019043
0 0.675293 0.484863 0.018555 0.014648
0 0.955078 0.477295 0.026367 0.028809
0 0.978271 0.439209 0.018066 0.036621
0 0.883789 0.404053 0.011719 0.021973
0 0.915039 0.374268 0.016602 0.026855
0 0.894775 0.321533 0.010254 0.015137