0 0.465088 0.972900 0.021973 0.008301
0 0.574951 0.884033 0.038574 0.019043
0 0.340820 0.820312 0.014648 0.010742
0 0.328125 0.734863 0.035156 0.036133
0 0.062012 0.689209 0.034180 0.038574
0 0.113770 0.670166 0.016602 0.031738
0 0.177734 0.652100 0.030273 0.035645
0 0.633057 0.621582 0.006348 0.005859
0 0.351074 0.598877 0.011719 0.012207
0 0.029297 0.608643 0.037109 0.052246
0 0.206543 0.592285 0.033203 0.028320
0 0.289062 0.513184 0.021484 0.019531
0 0.058594 0.520264 0.017578 0.039551
0 0.155762 0.508057 0.024414 0.033691
0 0.138428 0.493652 0.007324 0.013672
0 0.297852 0.463623 0.024414 0.023926
0 0.414307 0.439209 0.010254 0.007324
0 0.234375 0.436768 0.012695 0.019043
0 0.342773 0.433105 0.011719 0.012695
0 0.133545 0.411133 0.029785 0.037109
0 0.299805 0.394775 0.012695 0.015137
0 0.397949 0.385498 0.006836 0.007324
0 0.249268 0.388184 0.016113 0.023438
0 0.364502 0.361328 0.008301 0.008789
0 0.047852 0.379883 0.032227 0.048828
0 0.585938 0.356445 0.007812 0.007812
0 0.294189 0.360352 0.013184 0.015625
0 0.194824 0.353760 0.023438 0.027832
0 0.325684 0.339355 0.010742 0.011719
0 0.094482 0.333008 0.028809 0.027344
0 0.138916 0.331299 0.018066 0.029785
0 0.182129 0.303711 0.014648 0.019531
0 0.064697 0.298340 0.024902 0.040039
0 0.255615 0.280273 0.011230 0.011719
0 0.214844 0.258057 0.006836 0.006348
0 0.133057 0.280762 0.044434 0.064453
0 0.164795 0.254883 0.015137 0.014648
0 0.082031 0.244629 0.022461 0.026367
0 0.174316 0.237061 0.009766 0.012207