0 0.129883 0.675537 0.010742 0.017090
0 0.587891 0.660156 0.009766 0.007812
0 0.672119 0.660400 0.020996 0.020996
0 0.167969 0.619629 0.030273 0.033203
0 0.205322 0.552490 0.013184 0.018066
0 0.024170 0.545898 0.020020 0.020508
0 0.250000 0.541016 0.022461 0.023438
0 0.114014 0.537842 0.027832 0.039551
0 0.194092 0.521484 0.010254 0.016602
0 0.170654 0.492188 0.010254 0.015625
0 0.258545 0.495361 0.020996 0.022949
0 0.193604 0.467529 0.013184 0.021973
0 0.633057 0.436279 0.016113 0.012207
0 0.094482 0.443848 0.029785 0.042969
0 0.266357 0.426758 0.010254 0.016602
0 0.617188 0.424072 0.015625 0.014160
0 0.358398 0.416992 0.007812 0.008789
0 0.205322 0.420654 0.018066 0.021973
0 0.265137 0.406494 0.011719 0.016113
0 0.011963 0.415283 0.014160 0.041504
0 0.687256 0.397949 0.009277 0.012695
0 0.787354 0.397217 0.009277 0.014160
0 0.227539 0.399658 0.009766 0.018066
0 0.325928 0.392822 0.005371 0.006348
0 0.547852 0.392090 0.005859 0.005859
0 0.955078 0.386230 0.007812 0.010742
0 0.566650 0.372559 0.010254 0.007812
0 0.153809 0.381348 0.019531 0.028320
0 0.096680 0.369141 0.022461 0.025391
0 0.059814 0.361328 0.021973 0.032227
0 0.597656 0.349854 0.012695 0.010254
0 0.030518 0.337402 0.013184 0.028320
0 0.149170 0.324219 0.026855 0.041016
0 0.177979 0.287598 0.010254 0.012695
0 0.093994 0.311279 0.034668 0.064941
0 0.134766 0.288086 0.014648 0.020508
0 0.135498 0.267090 0.004395 0.006836
0 0.872803 0.233154 0.014160 0.017090
0 0.755615 0.177002 0.031738 0.026855
0 0.023926 0.437500 0.014648 0.022461