0 0.491699 0.944336 0.006836 0.008789
0 0.453125 0.906982 0.035156 0.015137
0 0.671631 0.800293 0.023926 0.017578
0 0.276855 0.748291 0.016602 0.015137
0 0.267578 0.665771 0.048828 0.053223
0 0.022705 0.634521 0.011230 0.023926
0 0.112305 0.580811 0.028320 0.060059
0 0.644775 0.556396 0.009277 0.013184
0 0.039062 0.535645 0.005859 0.014648
0 0.141846 0.517578 0.026855 0.044922
0 0.945801 0.451416 0.012695 0.020996
0 0.221680 0.448486 0.020508 0.034668
0 0.086670 0.440186 0.028809 0.034668
0 0.968262 0.396973 0.004883 0.004883
0 0.221924 0.391113 0.043457 0.024414
0 0.296387 0.386230 0.011719 0.015625
0 0.321777 0.359619 0.016602 0.019043
0 0.250732 0.346436 0.012207 0.017090
0 0.065918 0.342285 0.034180 0.041016
0 0.610596 0.325684 0.017090 0.011719
0 0.592773 0.313965 0.019531 0.013672
0 0.180420 0.314209 0.020996 0.033691
0 0.661865 0.290039 0.013184 0.012695
0 0.764404 0.290283 0.013184 0.017090
0 0.298584 0.287109 0.009277 0.010742
0 0.124512 0.278809 0.022461 0.030273
0 0.259033 0.264893 0.013184 0.014160
0 0.070557 0.260010 0.027832 0.039551
0 0.220947 0.239258 0.006348 0.006836
0 0.666504 0.223877 0.009766 0.009277
0 0.116699 0.228760 0.017578 0.023926
0 0.586670 0.220215 0.014160 0.009766
0 0.807373 0.207520 0.015137 0.016602
0 0.187744 0.204834 0.011230 0.013184
0 0.612793 0.181396 0.006836 0.007324
0 0.147949 0.183350 0.013672 0.015137
0 0.788330 0.133301 0.022949 0.020508
0 0.696045 0.062988 0.019043 0.013672
0 0.332520 0.309326 0.014648 0.012207
0 0.050293 0.605469 0.018555 0.032227