0 0.533691 0.948486 0.038086 0.016113
0 0.434326 0.905273 0.035645 0.012695
0 0.716553 0.791992 0.023926 0.017578
0 0.275391 0.740479 0.010742 0.012207
0 0.271240 0.664795 0.038574 0.040527
0 0.023193 0.616699 0.023926 0.035156
0 0.057373 0.588867 0.018066 0.041992
0 0.119141 0.572021 0.027344 0.047363
0 0.658447 0.549072 0.011230 0.015137
0 0.293457 0.522217 0.006836 0.014160
0 0.050049 0.521484 0.016113 0.026367
0 0.150635 0.503174 0.024902 0.054199
0 0.005615 0.441650 0.003418 0.006348
0 0.965820 0.444824 0.008789 0.018555
0 0.234375 0.439209 0.015625 0.015137
0 0.098633 0.436035 0.025391 0.037109
0 0.304199 0.385498 0.011719 0.013184
0 0.971191 0.388428 0.009766 0.020996
0 0.239502 0.385254 0.031738 0.022461
0 0.326172 0.351562 0.014648 0.016602
0 0.413330 0.345947 0.012207 0.009277
0 0.262939 0.343994 0.009277 0.013184
0 0.080811 0.330811 0.031738 0.040527
0 0.192383 0.313965 0.017578 0.027344
0 0.775879 0.293457 0.009766 0.011719
0 0.140625 0.273926 0.019531 0.022461
0 0.273438 0.262939 0.012695 0.012207
0 0.080811 0.260010 0.034668 0.061035
0 0.240479 0.231934 0.012207 0.012695
0 0.133789 0.219238 0.020508 0.025391
0 0.205322 0.198975 0.011230 0.012207
0 0.800781 0.190186 0.016602 0.015137
0 0.402344 0.337402 0.012695 0.010742