0 0.334229 0.888184 0.015137 0.009766
0 0.288330 0.801270 0.024902 0.048828
0 0.095215 0.736816 0.014648 0.021484
0 0.602783 0.699219 0.012207 0.009766
0 0.690918 0.696045 0.014648 0.015137
0 0.155273 0.709229 0.039062 0.044434
0 0.327637 0.664062 0.009766 0.010742
0 0.187012 0.652344 0.028320 0.030273
0 0.043945 0.587891 0.024414 0.025391
0 0.268555 0.574463 0.021484 0.020996
0 0.132324 0.565674 0.024414 0.035645
0 0.699463 0.530029 0.008301 0.013184
0 0.281982 0.521973 0.021973 0.028320
0 0.888672 0.513672 0.010742 0.020508
0 0.157227 0.496582 0.006836 0.014648
0 0.214844 0.497070 0.013672 0.024414
0 0.653809 0.472900 0.013672 0.011230
0 0.642578 0.465820 0.006836 0.007812
0 0.165283 0.452148 0.010254 0.019531
0 0.120117 0.465820 0.023438 0.054688
0 0.008789 0.454346 0.013672 0.032715
0 0.232422 0.446533 0.015625 0.023926
0 0.708252 0.436035 0.009277 0.014648
0 0.808105 0.432861 0.006836 0.010254
0 0.833008 0.438477 0.013672 0.030273
0 0.030029 0.441650 0.026855 0.080566
0 0.185303 0.403564 0.022949 0.027832
0 0.122314 0.390869 0.023926 0.032715
0 0.979736 0.394531 0.020020 0.044922
0 0.079590 0.387451 0.028320 0.036621
0 0.214355 0.376221 0.009766 0.015137
0 0.712646 0.369873 0.006348 0.006348
0 0.168945 0.362305 0.012695 0.020508
0 0.048584 0.353760 0.021973 0.037598
0 0.114014 0.348633 0.026855 0.038086
0 0.065186 0.312500 0.007324 0.008789
0 0.976807 0.430420 0.006348 0.013184