0 0.491455 0.954102 0.040527 0.015625
0 0.447754 0.935303 0.059570 0.013184
0 0.632080 0.780029 0.017090 0.010254
0 0.265625 0.775146 0.012695 0.010254
0 0.635986 0.574463 0.011230 0.012207
0 0.513916 0.357910 0.011230 0.007812
0 0.416016 0.351318 0.009766 0.008301
0 0.494141 0.345215 0.013672 0.012695
0 0.583252 0.344727 0.029785 0.021484
0 0.642578 0.310791 0.012695 0.011230
0 0.503174 0.310059 0.015137 0.010742
0 0.741943 0.307129 0.012207 0.012695
0 0.520020 0.289551 0.011719 0.007812
0 0.553223 0.266602 0.009766 0.007812
0 0.904053 0.268066 0.010254 0.013672
0 0.564697 0.246582 0.009277 0.006836
0 0.647461 0.128662 0.024414 0.014160
0 0.718018 0.064941 0.008301 0.006836