0 0.322998 0.871094 0.020020 0.013672
0 0.296875 0.793945 0.043945 0.061523
0 0.061523 0.737061 0.007812 0.012207
0 0.093994 0.714355 0.017090 0.027344
0 0.156250 0.694824 0.035156 0.040039
0 0.696777 0.673828 0.015625 0.013672
0 0.329346 0.646240 0.011230 0.013184
0 0.187500 0.635010 0.028320 0.032715
0 0.226807 0.567627 0.013184 0.018066
0 0.270020 0.556885 0.021484 0.024902
0 0.046875 0.553223 0.013672 0.024414
0 0.136230 0.546143 0.027344 0.038574
0 0.188477 0.531982 0.006836 0.017090
0 0.191406 0.510986 0.013672 0.022949
0 0.281250 0.506836 0.023438 0.024414
0 0.218750 0.477539 0.011719 0.019531
0 0.661133 0.468506 0.011719 0.011230
0 0.645996 0.454834 0.011719 0.012207
0 0.303467 0.447266 0.012207 0.016602
0 0.817383 0.441406 0.006836 0.012695
0 0.049072 0.446045 0.013184 0.021973
0 0.319092 0.440674 0.012207 0.017090
0 0.718018 0.434814 0.009277 0.015137
0 0.384277 0.431152 0.007812 0.009766
0 0.121094 0.447266 0.028320 0.041992
0 0.233398 0.429932 0.015625 0.020020
0 0.266113 0.419922 0.010742 0.016602
0 0.598877 0.399170 0.010254 0.010254
0 0.024414 0.420410 0.042969 0.061523
0 0.615234 0.393311 0.010742 0.012207
0 0.180664 0.388672 0.021484 0.030273
0 0.723877 0.367676 0.009277 0.012695
0 0.284424 0.350830 0.005371 0.006348
0 0.086914 0.363770 0.018555 0.036133
0 0.212891 0.341553 0.017578 0.025879
0 0.172852 0.335938 0.019531 0.026367
0 0.055176 0.333252 0.024414 0.051270
0 0.115967 0.325439 0.021973 0.040527
0 0.184326 0.286377 0.013184 0.019043
0 0.133789 0.292969 0.024414 0.034180
0 0.168945 0.272217 0.004883 0.005371
0 0.918213 0.261230 0.013184 0.019531
0 0.077637 0.269043 0.027344 0.038086
0 0.780029 0.200684 0.028809 0.026367