0 0.335205 0.919434 0.007324 0.006836
0 0.631592 0.580811 0.012207 0.012207
0 0.400879 0.386719 0.011719 0.007812
0 0.380371 0.383301 0.008789 0.008789
0 0.510010 0.363770 0.010254 0.006836
0 0.411621 0.360107 0.010742 0.008301
0 0.585693 0.354736 0.015137 0.010254
0 0.570068 0.344971 0.016113 0.012207
0 0.498779 0.315674 0.009277 0.007324
0 0.638672 0.315674 0.012695 0.011230
0 0.739258 0.311279 0.011719 0.012207
0 0.547363 0.272461 0.011719 0.007812
0 0.558838 0.251709 0.012207 0.008301
0 0.637695 0.250977 0.011719 0.009766
0 0.822998 0.218750 0.016113 0.015625
0 0.769775 0.139893 0.035645 0.029785
0 0.370117 0.375977 0.009766 0.009766