0 0.500244 0.942627 0.037598 0.016113
0 0.413818 0.901611 0.037598 0.026855
0 0.680908 0.788330 0.022949 0.019043
0 0.253418 0.731445 0.014648 0.015625
0 0.254150 0.653076 0.042480 0.056152
0 0.011963 0.598633 0.006348 0.020508
0 0.644531 0.548584 0.010742 0.012207
0 0.104004 0.572266 0.027344 0.065430
0 0.278320 0.513428 0.007812 0.015137
0 0.032715 0.502441 0.005859 0.009766
0 0.136963 0.499023 0.025879 0.036133
0 0.947510 0.439209 0.010254 0.014160
0 0.223145 0.419434 0.023438 0.035156
0 0.089355 0.410400 0.029297 0.039551
0 0.953857 0.372314 0.005371 0.005371
0 0.300049 0.374268 0.011230 0.010254
0 0.331543 0.354004 0.014648 0.015625
0 0.231445 0.365967 0.032227 0.054199
0 0.538330 0.333740 0.012207 0.010254
0 0.254639 0.331299 0.011230 0.014160
0 0.606689 0.325684 0.032715 0.025391
0 0.770996 0.306152 0.008789 0.011719
0 0.668213 0.299805 0.010254 0.010742
0 0.074951 0.319336 0.034668 0.051758
0 0.189453 0.293213 0.017578 0.023926
0 0.531982 0.284424 0.014160 0.009277
0 0.307617 0.275391 0.008789 0.008789
0 0.271484 0.250000 0.010742 0.010742
0 0.582764 0.247559 0.008301 0.007812
0 0.826904 0.238037 0.015137 0.017090
0 0.146484 0.246582 0.034180 0.043945
0 0.080811 0.244385 0.031738 0.055176
0 0.238525 0.218750 0.005371 0.005859
0 0.129639 0.202393 0.022949 0.026855
0 0.204346 0.184814 0.013184 0.012207
0 0.818848 0.166016 0.017578 0.017578
0 0.734863 0.097412 0.021484 0.015137
0 0.712158 0.079834 0.021973 0.015137
0 0.551025 0.268311 0.013184 0.009277
0 0.041260 0.575195 0.015137 0.049805