0 0.592773 0.787354 0.021484 0.016113
0 0.577637 0.738770 0.016602 0.009766
0 0.657715 0.637207 0.013672 0.013672
0 0.386230 0.440918 0.008789 0.007812
0 0.474365 0.436523 0.010254 0.007812
0 0.407471 0.415039 0.010254 0.009766
0 0.622559 0.412598 0.015625 0.011719
0 0.373535 0.402100 0.008789 0.009277
0 0.606934 0.401123 0.014648 0.013184
0 0.677490 0.376709 0.011230 0.012207
0 0.777588 0.377686 0.011230 0.016113
0 0.539307 0.367432 0.009277 0.007324
0 0.319824 0.355957 0.007812 0.006836
0 0.600098 0.346191 0.013672 0.009766
0 0.283936 0.333008 0.009277 0.007812
0 0.591064 0.327881 0.010254 0.008301
0 0.148682 0.335938 0.020996 0.026367
0 0.681641 0.312744 0.008789 0.008301
0 0.102539 0.309326 0.006836 0.006348
0 0.606689 0.307617 0.008301 0.007812
0 0.252197 0.301270 0.011230 0.009766
0 0.142090 0.283936 0.016602 0.022949
0 0.643799 0.263184 0.013184 0.008789
0 0.178223 0.242432 0.012695 0.014160
0 0.094482 0.260010 0.045410 0.063965
0 0.135254 0.228760 0.025391 0.031738
0 0.721924 0.125732 0.017090 0.013184
0 0.547119 0.416748 0.008301 0.007324