0 0.465332 0.970459 0.027344 0.009277
0 0.563232 0.885010 0.038574 0.018066
0 0.341553 0.818359 0.017090 0.011719
0 0.335205 0.725342 0.025879 0.023926
0 0.066406 0.694092 0.044922 0.034668
0 0.113770 0.672852 0.015625 0.027344
0 0.177246 0.651123 0.032227 0.041504
0 0.629150 0.623779 0.008301 0.007324
0 0.349121 0.596924 0.009766 0.011230
0 0.029053 0.612061 0.036621 0.051270
0 0.207520 0.590088 0.028320 0.029785
0 0.286865 0.513428 0.025879 0.020996
0 0.054199 0.511230 0.011719 0.024414
0 0.154785 0.508789 0.027344 0.037109
0 0.134033 0.497070 0.008301 0.017578
0 0.296875 0.462402 0.025391 0.018555
0 0.415771 0.439209 0.008301 0.006348
0 0.341553 0.433594 0.013184 0.013672
0 0.233154 0.436768 0.012207 0.021973
0 0.132324 0.412109 0.032227 0.040039
0 0.299316 0.395752 0.010742 0.014160
0 0.245850 0.387695 0.015137 0.022461
0 0.361328 0.359863 0.008789 0.007812
0 0.047119 0.379883 0.033691 0.049805
0 0.295166 0.361328 0.014160 0.015625
0 0.192139 0.356201 0.023926 0.026855
0 0.134766 0.333740 0.017578 0.028809
0 0.090820 0.332275 0.030273 0.032715
0 0.180420 0.297607 0.020996 0.024902
0 0.058350 0.300293 0.022949 0.037109
0 0.251465 0.279785 0.005859 0.005859
0 0.211426 0.257568 0.010742 0.011230
0 0.159424 0.256836 0.013184 0.017578
0 0.169189 0.238037 0.009277 0.011230
0 0.083740 0.235840 0.038574 0.049805
0 0.119141 0.297119 0.023438 0.033691