0 0.279053 0.785156 0.016113 0.013672
0 0.243652 0.683350 0.007812 0.007324
0 0.634766 0.573242 0.012695 0.015625
0 0.400879 0.380859 0.011719 0.009766
0 0.386719 0.374756 0.006836 0.006348
0 0.516846 0.361328 0.011230 0.006836
0 0.594727 0.357178 0.017578 0.012207
0 0.463135 0.354492 0.008301 0.007812
0 0.418457 0.353516 0.011719 0.008789
0 0.577637 0.345947 0.018555 0.011230
0 0.749756 0.322266 0.012207 0.013672
0 0.648682 0.320312 0.011230 0.010742
0 0.506348 0.312744 0.014648 0.009277
0 0.557373 0.270996 0.014160 0.008789
0 0.650879 0.255615 0.012695 0.009277
0 0.837402 0.238281 0.015625 0.017578
0 0.792725 0.155029 0.031738 0.027832
0 0.526855 0.294189 0.013672 0.006348
0 0.375977 0.367188 0.011719 0.010742