0 0.512207 0.869873 0.036133 0.016113
0 0.315674 0.786865 0.019043 0.015137
0 0.304932 0.710693 0.041504 0.051270
0 0.042236 0.650635 0.032715 0.032715
0 0.094727 0.630859 0.016602 0.033203
0 0.614014 0.604004 0.006348 0.006836
0 0.159668 0.613770 0.031250 0.044922
0 0.334229 0.567139 0.009277 0.012207
0 0.011719 0.570801 0.017578 0.056641
0 0.192383 0.553711 0.027344 0.029297
0 0.275391 0.479736 0.017578 0.020996
0 0.142334 0.469238 0.028809 0.038086
0 0.282227 0.427734 0.034180 0.024414
0 0.433350 0.418213 0.009277 0.006348
0 0.338135 0.412109 0.011230 0.013672
0 0.223877 0.401611 0.014160 0.020020
0 0.447754 0.384277 0.008789 0.007812
0 0.305420 0.376221 0.012207 0.015137
0 0.388428 0.355469 0.011230 0.009766
0 0.124023 0.368652 0.033203 0.040039
0 0.238770 0.351562 0.022461 0.021484
0 0.317383 0.350586 0.019531 0.022461
0 0.041748 0.339844 0.028809 0.041016
0 0.188232 0.317383 0.020996 0.027344
0 0.321289 0.306641 0.011719 0.008789
0 0.127686 0.295654 0.029785 0.026855
0 0.288818 0.274902 0.008301 0.005859
0 0.064453 0.265137 0.017578 0.024414
0 0.179199 0.259521 0.017578 0.023926
0 0.213623 0.219238 0.006348 0.007812
0 0.113770 0.256836 0.082031 0.103516