0 0.380615 0.958984 0.044434 0.017578
0 0.366699 0.834717 0.018555 0.012207
0 0.322754 0.743652 0.025391 0.046875
0 0.072754 0.694336 0.042969 0.041016
0 0.121826 0.675049 0.020996 0.041504
0 0.183350 0.654297 0.031738 0.039062
0 0.635986 0.636230 0.008301 0.008789
0 0.356934 0.605469 0.011719 0.012695
0 0.035156 0.608154 0.039062 0.050293
0 0.214355 0.595947 0.026367 0.028809
0 0.297363 0.515381 0.017578 0.018066
0 0.160889 0.509277 0.026855 0.034180
0 0.309814 0.462158 0.021973 0.026855
0 0.241699 0.439941 0.013672 0.020508
0 0.608398 0.418457 0.008789 0.009766
0 0.272461 0.416504 0.007812 0.008789
0 0.667725 0.403076 0.013184 0.012207
0 0.589600 0.392822 0.012207 0.010254
0 0.408447 0.389404 0.005371 0.005371
0 0.146240 0.406738 0.022949 0.047852
0 0.187012 0.388916 0.010742 0.015137
0 0.260010 0.386475 0.018066 0.025879
0 0.376709 0.364746 0.007324 0.006836
0 0.054688 0.377197 0.017578 0.032715
0 0.619873 0.350586 0.015137 0.011719
0 0.212158 0.343750 0.022949 0.033203
0 0.255615 0.329102 0.010254 0.012695
0 0.148926 0.330811 0.024414 0.038574
0 0.741211 0.313965 0.009766 0.010742
0 0.112305 0.326172 0.022461 0.045898
0 0.194092 0.302246 0.016113 0.024414
0 0.076904 0.298584 0.028809 0.042480
0 0.223145 0.271729 0.010742 0.013184
0 0.230225 0.257812 0.007324 0.007812
0 0.196533 0.256348 0.016113 0.017578
0 0.102295 0.242188 0.033691 0.032227
0 0.160889 0.266602 0.065918 0.076172
0 0.648926 0.329346 0.021484 0.017090