0 0.347168 0.891602 0.029297 0.013672
0 0.295654 0.758545 0.018066 0.016113
0 0.256104 0.668701 0.030762 0.045410
0 0.020020 0.629639 0.011719 0.032715
0 0.050781 0.581543 0.018555 0.065430
0 0.652344 0.547607 0.009766 0.016113
0 0.285400 0.527832 0.006348 0.010742
0 0.113770 0.574951 0.037109 0.107910
0 0.042236 0.526611 0.020020 0.019043
0 0.145020 0.533691 0.027344 0.068359
0 0.953857 0.437256 0.016113 0.026855
0 0.088623 0.438721 0.034668 0.037598
0 0.228271 0.437988 0.014160 0.043945
0 0.324463 0.388428 0.008301 0.012207
0 0.237061 0.392334 0.024902 0.032715
0 0.958008 0.376221 0.009766 0.020020
0 0.168701 0.364014 0.013184 0.015137
0 0.356689 0.356201 0.011230 0.011230
0 0.612549 0.332764 0.019043 0.013184
0 0.073486 0.338379 0.024902 0.042969
0 0.595703 0.321289 0.018555 0.014648
0 0.768799 0.300049 0.011230 0.014160
0 0.665771 0.297363 0.012207 0.011719
0 0.178711 0.320312 0.033203 0.058594
0 0.304199 0.288330 0.007812 0.008301
0 0.104248 0.294922 0.014160 0.022461
0 0.263672 0.267578 0.009766 0.010742
0 0.208008 0.273193 0.020508 0.023926
0 0.135986 0.268555 0.022949 0.032227
0 0.859375 0.256592 0.007812 0.009277
0 0.077393 0.260986 0.028809 0.032715
0 0.230957 0.235840 0.008789 0.009766
0 0.670410 0.231934 0.012695 0.009766
0 0.118896 0.228271 0.020996 0.023926
0 0.196045 0.203613 0.010254 0.011719
0 0.156494 0.181396 0.010254 0.011230
0 0.140625 0.184814 0.020508 0.022949
0 0.848389 0.160889 0.031738 0.032715