0 0.335938 0.890381 0.033203 0.017090
0 0.296631 0.756348 0.016113 0.014648
0 0.259521 0.667480 0.028809 0.041992
0 0.022461 0.617188 0.024414 0.040039
0 0.659668 0.566162 0.009766 0.014160
0 0.058838 0.583496 0.020020 0.050781
0 0.120850 0.571533 0.026855 0.052246
0 0.295654 0.528564 0.009277 0.014160
0 0.055908 0.518555 0.028809 0.025391
0 0.152344 0.517578 0.031250 0.027344
0 0.975342 0.491211 0.012207 0.030273
0 0.980225 0.435547 0.008301 0.012695
0 0.239258 0.436768 0.016602 0.020996
0 0.098389 0.429443 0.031738 0.042480
0 0.353760 0.390137 0.010254 0.011719
0 0.250244 0.395020 0.021973 0.029297
0 0.183594 0.366699 0.010742 0.014648
0 0.351318 0.356201 0.010254 0.010254
0 0.409180 0.345459 0.011719 0.009277
0 0.088623 0.336426 0.033691 0.051758
0 0.197754 0.316895 0.015625 0.022461
0 0.120850 0.303223 0.009277 0.012695
0 0.279785 0.270508 0.011719 0.011719
0 0.223877 0.272949 0.024902 0.022461
0 0.091797 0.261963 0.023438 0.019043
0 0.158203 0.262695 0.028320 0.038086
0 0.245117 0.240234 0.006836 0.008789
0 0.136719 0.228271 0.018555 0.023926
0 0.209961 0.208252 0.012695 0.013184
0 0.157227 0.186523 0.020508 0.020508
0 0.138428 0.173584 0.021973 0.032715