0 0.332031 0.791748 0.011719 0.008301
0 0.290039 0.699463 0.021484 0.039551
0 0.037598 0.638916 0.027344 0.038574
0 0.091797 0.620850 0.021484 0.039551
0 0.601807 0.602051 0.010254 0.010742
0 0.156982 0.605469 0.035645 0.041992
0 0.328125 0.561035 0.007812 0.010742
0 0.186768 0.545898 0.025879 0.027344
0 0.009033 0.556152 0.012207 0.048828
0 0.272461 0.468506 0.018555 0.018066
0 0.131104 0.459961 0.030762 0.033203
0 0.028564 0.446289 0.006348 0.021484
0 0.285645 0.416016 0.020508 0.028320
0 0.445068 0.378906 0.011230 0.008789
0 0.314453 0.375244 0.009766 0.010254
0 0.122803 0.361816 0.029785 0.043945
0 0.162842 0.336426 0.013184 0.020508
0 0.238770 0.340576 0.030273 0.042480
0 0.318848 0.300293 0.012695 0.011719
0 0.245361 0.291992 0.015137 0.016602
0 0.126953 0.290527 0.034180 0.033203
0 0.198486 0.290771 0.037598 0.049316
0 0.284912 0.269043 0.010254 0.008789
0 0.090576 0.280518 0.038574 0.037598
0 0.169922 0.263184 0.020508 0.027344
0 0.064697 0.258545 0.017090 0.028809
0 0.198730 0.217041 0.015625 0.016113
0 0.127441 0.223389 0.036133 0.044434
0 0.176270 0.208496 0.017578 0.018555
0 0.387695 0.347656 0.009766 0.007812
0 0.211670 0.211670 0.013184 0.012207