0 0.637695 0.609863 0.013672 0.012695
0 0.393311 0.403564 0.007324 0.006348
0 0.347412 0.385986 0.008301 0.008301
0 0.599609 0.380859 0.016602 0.012695
0 0.584229 0.370605 0.015137 0.011719
0 0.653320 0.343018 0.011719 0.011230
0 0.753418 0.341553 0.008789 0.010254
0 0.513428 0.339355 0.012207 0.008789
0 0.920410 0.329834 0.008789 0.012207
0 0.253906 0.322998 0.009766 0.011230
0 0.532227 0.319580 0.010742 0.008301
0 0.561523 0.296875 0.010742 0.007812
0 0.218018 0.294434 0.013184 0.015625
0 0.655273 0.279785 0.009766 0.009766
0 0.139648 0.243164 0.006836 0.005859
0 0.838867 0.225342 0.012695 0.012207
0 0.764404 0.152100 0.033691 0.023926