0 0.439453 0.991699 0.026367 0.010742
0 0.577148 0.912842 0.042969 0.016113
0 0.333252 0.835693 0.018066 0.013184
0 0.320557 0.753906 0.043457 0.048828
0 0.072510 0.694092 0.034668 0.041504
0 0.114502 0.680420 0.016113 0.020020
0 0.177246 0.659668 0.034180 0.045898
0 0.352539 0.615234 0.009766 0.009766
0 0.210693 0.603271 0.026855 0.026855
0 0.031250 0.613281 0.037109 0.050781
0 0.295654 0.528564 0.020996 0.020996
0 0.068115 0.520996 0.023926 0.034180
0 0.161377 0.524170 0.027832 0.066895
0 0.307861 0.480469 0.026855 0.021484
0 0.396484 0.445801 0.008789 0.006836
0 0.243408 0.450684 0.013184 0.019531
0 0.611084 0.440674 0.008301 0.009277
0 0.687012 0.439941 0.011719 0.010742
0 0.344727 0.440430 0.011719 0.013672
0 0.670898 0.426758 0.012695 0.012695
0 0.842529 0.411865 0.009277 0.017090
0 0.307373 0.410156 0.010254 0.012695
0 0.143066 0.422852 0.033203 0.039062
0 0.407959 0.405518 0.008301 0.007324
0 0.741211 0.406738 0.009766 0.012695
0 0.258301 0.403809 0.019531 0.021484
0 0.604736 0.394043 0.007324 0.006836
0 0.375732 0.381348 0.009277 0.007812
0 0.625000 0.374512 0.012695 0.010742
0 0.055420 0.386719 0.025879 0.043945
0 0.338379 0.357422 0.012695 0.011719
0 0.206055 0.366211 0.021484 0.030273
0 0.280029 0.358154 0.013184 0.016113
0 0.749756 0.342041 0.011230 0.012207
0 0.151855 0.345947 0.029297 0.028809
0 0.304688 0.328369 0.011719 0.011230
0 0.688477 0.326416 0.012695 0.013184
0 0.110840 0.335205 0.018555 0.044434
0 0.196289 0.316406 0.014648 0.016602
0 0.270508 0.295166 0.006836 0.006348
0 0.079834 0.310547 0.028809 0.039062
0 0.230469 0.271973 0.014648 0.014648
0 0.145752 0.290771 0.036621 0.061035
0 0.192139 0.261475 0.036621 0.031738
0 0.097656 0.255859 0.019531 0.028320
0 0.075195 0.411621 0.005859 0.005859
0 0.191895 0.247803 0.010742 0.012207