0 0.660889 0.645996 0.013184 0.010742
0 0.250000 0.473877 0.019531 0.023926
0 0.161133 0.465332 0.012695 0.018555
0 0.184814 0.446777 0.013184 0.022461
0 0.625244 0.423340 0.015137 0.013672
0 0.609863 0.413818 0.014648 0.012207
0 0.015625 0.410156 0.015625 0.017578
0 0.349854 0.401123 0.006348 0.006348
0 0.255127 0.405518 0.013184 0.018066
0 0.087158 0.418701 0.027832 0.045410
0 0.196045 0.400879 0.019043 0.026367
0 0.680420 0.389160 0.009277 0.011719
0 0.776367 0.381836 0.006836 0.006836
0 0.541504 0.379150 0.006836 0.006348
0 0.318115 0.376221 0.011230 0.012207
0 0.207520 0.376709 0.010742 0.015137
0 0.244385 0.376709 0.015137 0.019043
0 0.559570 0.361816 0.011719 0.008789
0 0.281738 0.354980 0.010742 0.012695
0 0.145264 0.361572 0.022949 0.034668
0 0.095215 0.347656 0.015625 0.025391
0 0.592285 0.339600 0.012695 0.009277
0 0.683105 0.322998 0.008789 0.009277
0 0.050537 0.337158 0.036621 0.039551
0 0.248047 0.322998 0.009766 0.012207
0 0.138184 0.312500 0.015625 0.020508
0 0.213135 0.291504 0.010254 0.013672
0 0.135254 0.286377 0.015625 0.022949
0 0.172363 0.268311 0.014648 0.017090
0 0.132568 0.265137 0.017090 0.020508
0 0.133301 0.246582 0.009766 0.013672
0 0.868408 0.237793 0.015137 0.019531
0 0.099365 0.269287 0.027832 0.037598
0 0.766357 0.179199 0.029785 0.025391
0 0.083008 0.302002 0.026367 0.037598