0 0.576660 0.795654 0.024414 0.015137
0 0.559326 0.742188 0.017090 0.010742
0 0.571533 0.655518 0.012207 0.010254
0 0.658936 0.654541 0.015137 0.015137
0 0.235840 0.528809 0.018555 0.028320
0 0.369385 0.498779 0.010254 0.010254
0 0.102051 0.520020 0.026367 0.060547
0 0.247559 0.483154 0.023438 0.025879
0 0.417725 0.460938 0.006348 0.006836
0 0.179932 0.457275 0.012207 0.019043
0 0.492676 0.448242 0.007812 0.006836
0 0.404785 0.438721 0.006836 0.007324
0 0.620605 0.429932 0.012695 0.009277
0 0.601807 0.416016 0.009277 0.008789
0 0.083008 0.430176 0.030273 0.049805
0 0.345947 0.407959 0.010254 0.011230
0 0.673828 0.392578 0.009766 0.012695
0 0.199951 0.401367 0.019043 0.032227
0 0.773682 0.390869 0.010254 0.016113
0 0.314453 0.383545 0.007812 0.007324
0 0.940186 0.378662 0.007324 0.013184
0 0.552734 0.367676 0.010742 0.007812
0 0.277588 0.361816 0.009277 0.010742
0 0.141357 0.367920 0.020996 0.030762
0 0.091309 0.356201 0.014648 0.023926
0 0.584961 0.345215 0.011719 0.009766
0 0.614746 0.346436 0.013672 0.013184
0 0.242920 0.333252 0.007324 0.007324
0 0.051270 0.343506 0.025391 0.044434
0 0.677490 0.326416 0.012207 0.011230
0 0.600342 0.323730 0.006348 0.005859
0 0.133789 0.318604 0.017578 0.025879
0 0.085205 0.297363 0.040527 0.066406
0 0.125244 0.271973 0.018066 0.021484
0 0.129150 0.253662 0.010254 0.013184
0 0.910645 0.224609 0.015625 0.020508
0 0.704834 0.152588 0.019043 0.013184
0 0.769043 0.106445 0.023438 0.018555