0 0.342041 0.882080 0.017090 0.010254
0 0.294922 0.798584 0.025391 0.050293
0 0.100830 0.728760 0.018066 0.022949
0 0.612061 0.692871 0.009277 0.008789
0 0.163574 0.704102 0.038086 0.041992
0 0.699707 0.689453 0.015625 0.017578
0 0.029541 0.665039 0.006348 0.013672
0 0.334473 0.658203 0.009766 0.010742
0 0.193359 0.645508 0.028320 0.029297
0 0.044922 0.580078 0.033203 0.022461
0 0.277588 0.567871 0.020996 0.022461
0 0.135986 0.557861 0.031738 0.039551
0 0.692383 0.525391 0.007812 0.009766
0 0.289551 0.514648 0.021484 0.026367
0 0.898438 0.496338 0.007812 0.013184
0 0.222168 0.493164 0.012695 0.020508
0 0.173584 0.485352 0.007324 0.011719
0 0.663086 0.466797 0.012695 0.014648
0 0.649658 0.456055 0.005371 0.005859
0 0.125244 0.463867 0.026855 0.046875
0 0.172363 0.446777 0.010742 0.019531
0 0.239990 0.440918 0.025879 0.025391
0 0.849121 0.438721 0.012695 0.023926
0 0.718506 0.430176 0.006348 0.008789
0 0.817871 0.429199 0.008789 0.016602
0 0.356445 0.419922 0.006836 0.006836
0 0.029297 0.440186 0.038086 0.065918
0 0.597168 0.404785 0.005859 0.007812
0 0.192871 0.394775 0.020508 0.029785
0 0.984863 0.390137 0.012695 0.040039
0 0.130615 0.385498 0.019043 0.031738
0 0.222412 0.374268 0.010254 0.015137
0 0.089111 0.381104 0.024902 0.037598
0 0.175781 0.356445 0.011719 0.017578
0 0.232666 0.350830 0.012207 0.017090
0 0.057617 0.353516 0.025391 0.041016
0 0.126465 0.332520 0.035156 0.065430
0 0.075195 0.296631 0.021484 0.028809