0 0.344482 0.893311 0.034668 0.016113
0 0.300293 0.760010 0.013672 0.012207
0 0.263184 0.670166 0.028320 0.046387
0 0.024902 0.620361 0.027344 0.041504
0 0.065186 0.592529 0.025879 0.038574
0 0.126709 0.582031 0.035645 0.041016
0 0.662842 0.566895 0.011230 0.015625
0 0.299805 0.532227 0.009766 0.012695
0 0.059570 0.521484 0.028320 0.028320
0 0.156006 0.519775 0.031738 0.034668
0 0.980225 0.499268 0.019043 0.030762
0 0.243652 0.441406 0.019531 0.022461
0 0.102295 0.433838 0.029785 0.044434
0 0.362061 0.395508 0.011230 0.012695
0 0.258789 0.388672 0.032227 0.048828
0 0.187500 0.370605 0.011719 0.016602
0 0.421631 0.357178 0.006348 0.006348
0 0.346436 0.357422 0.006348 0.007812
0 0.197021 0.328125 0.027832 0.042969
0 0.125732 0.308105 0.007324 0.013672
0 0.322266 0.295410 0.007812 0.008789
0 0.097900 0.329346 0.040527 0.079590
0 0.060547 0.264648 0.009766 0.016602
0 0.285156 0.272217 0.013672 0.013184
0 0.155762 0.271240 0.021484 0.030762
0 0.232178 0.274414 0.038574 0.038086
0 0.094727 0.276367 0.024414 0.043945
0 0.088867 0.224609 0.014648 0.020508
0 0.139404 0.233398 0.019043 0.023438
0 0.213135 0.208740 0.020020 0.018066
0 0.160400 0.191406 0.015137 0.017578
0 0.142578 0.178223 0.025391 0.034180
0 0.410889 0.349609 0.009277 0.007812
0 0.173584 0.190918 0.008301 0.008789