0 0.472168 0.952393 0.044922 0.016113
0 0.432861 0.930664 0.056152 0.014648
0 0.330322 0.835449 0.020020 0.012695
0 0.258301 0.769775 0.015625 0.013184
0 0.252930 0.691895 0.041016 0.038086
0 0.631348 0.577637 0.012695 0.011719
0 0.950928 0.511963 0.007324 0.012207
0 0.520264 0.356934 0.010254 0.007812
0 0.595947 0.353027 0.014160 0.010742
0 0.423584 0.345947 0.011230 0.008301
0 0.497803 0.345703 0.014160 0.011719
0 0.580566 0.341064 0.017578 0.013184
0 0.870361 0.333496 0.008301 0.009766
0 0.751221 0.317627 0.010254 0.011230
0 0.650391 0.315674 0.013672 0.012207
0 0.513184 0.308105 0.015625 0.012695
0 0.531006 0.289307 0.018066 0.009277
0 0.905762 0.277588 0.011719 0.014160
0 0.563721 0.268311 0.006348 0.006348
0 0.654785 0.251953 0.008789 0.007812
0 0.578125 0.248535 0.008789 0.006836
0 0.740234 0.080566 0.013672 0.011719