0 0.516113 0.948975 0.031250 0.017090
0 0.422119 0.901855 0.033691 0.011719
0 0.703857 0.796875 0.020996 0.017578
0 0.269775 0.735352 0.006348 0.006836
0 0.273682 0.667969 0.037598 0.041016
0 0.024902 0.623779 0.024414 0.034668
0 0.058350 0.595459 0.018066 0.041504
0 0.120117 0.577393 0.027344 0.047363
0 0.656250 0.552246 0.010742 0.011719
0 0.293945 0.525146 0.006836 0.014160
0 0.050537 0.528076 0.015137 0.026855
0 0.150879 0.508789 0.025391 0.053711
0 0.962402 0.457764 0.011719 0.020020
0 0.004639 0.448730 0.003418 0.005859
0 0.233398 0.443115 0.015625 0.015137
0 0.097168 0.441895 0.026367 0.036133
0 0.972412 0.403564 0.010254 0.032715
0 0.302734 0.388428 0.011719 0.014160
0 0.238037 0.389160 0.031738 0.022461
0 0.323486 0.354004 0.014160 0.016602
0 0.410889 0.346924 0.012207 0.010254
0 0.260986 0.347412 0.009277 0.013184
0 0.078369 0.337158 0.031738 0.040527
0 0.190430 0.318604 0.018555 0.026855
0 0.773193 0.289795 0.010254 0.012207
0 0.137207 0.279053 0.019531 0.021973
0 0.270264 0.266357 0.011230 0.012207
0 0.077393 0.262451 0.033691 0.054199
0 0.236572 0.235840 0.012207 0.012695
0 0.130371 0.224365 0.018555 0.025879
0 0.200928 0.203369 0.011230 0.012207
0 0.796143 0.185547 0.017090 0.015625
0 0.399658 0.338623 0.013184 0.011230