0 0.277832 0.784180 0.016602 0.013672
0 0.242432 0.681885 0.007324 0.006348
0 0.634277 0.573730 0.012695 0.015625
0 0.393066 0.386475 0.009766 0.009277
0 0.507812 0.360107 0.009766 0.007324
0 0.411621 0.356689 0.012695 0.009277
0 0.453369 0.345703 0.008301 0.006836
0 0.576172 0.344727 0.033203 0.021484
0 0.495117 0.312012 0.006836 0.005859
0 0.636230 0.308838 0.014648 0.012207
0 0.735596 0.302490 0.012207 0.013184
0 0.543945 0.267578 0.014648 0.007812
0 0.554688 0.246582 0.009766 0.006836
0 0.633789 0.244385 0.013672 0.009277
0 0.817871 0.213379 0.021484 0.023438
0 0.767090 0.135010 0.036133 0.026855