0 0.381836 0.952637 0.039062 0.017578
0 0.364990 0.827637 0.012207 0.008789
0 0.317383 0.736572 0.023438 0.046387
0 0.069092 0.694580 0.039551 0.043457
0 0.116455 0.668701 0.020996 0.036621
0 0.178711 0.648682 0.031250 0.037598
0 0.351074 0.597656 0.011719 0.012695
0 0.029541 0.605225 0.037598 0.054199
0 0.207764 0.591064 0.025879 0.029785
0 0.291260 0.507324 0.020020 0.022461
0 0.151123 0.506592 0.030762 0.032715
0 0.301270 0.456787 0.020508 0.027832
0 0.233887 0.434326 0.012695 0.022949
0 0.278564 0.410889 0.007324 0.013184
0 0.399414 0.382812 0.006836 0.006836
0 0.131348 0.402100 0.033203 0.046387
0 0.581543 0.379639 0.012695 0.010254
0 0.177246 0.383545 0.009766 0.020996
0 0.254395 0.380371 0.021484 0.041016
0 0.366699 0.358887 0.008789 0.008789
0 0.589600 0.359375 0.011230 0.010742
0 0.607666 0.340088 0.009277 0.007324
0 0.329346 0.335938 0.010254 0.010742
0 0.201660 0.343262 0.021484 0.036133
0 0.247559 0.324463 0.012695 0.014160
0 0.141113 0.332031 0.018555 0.030273
0 0.183350 0.300781 0.013184 0.016602
0 0.258301 0.277588 0.009766 0.011230
0 0.068848 0.287842 0.031250 0.059082
0 0.209717 0.264160 0.013184 0.015625
0 0.220459 0.251953 0.009277 0.008789
0 0.185059 0.251709 0.013672 0.016113
0 0.117432 0.294434 0.075684 0.101562
0 0.083008 0.244629 0.022461 0.023438