0 0.278320 0.782959 0.017578 0.015137
0 0.236816 0.671875 0.005859 0.004883
0 0.632568 0.576660 0.012207 0.013672
0 0.397217 0.382812 0.010254 0.009766
0 0.512695 0.360596 0.009766 0.007324
0 0.416748 0.353760 0.013184 0.009277
0 0.458740 0.343750 0.008301 0.006836
0 0.581543 0.347168 0.033203 0.023438
0 0.501953 0.311768 0.006836 0.006348
0 0.642822 0.313721 0.014160 0.012207
0 0.742432 0.311035 0.012207 0.013672
0 0.552002 0.269043 0.015137 0.007812
0 0.563477 0.248779 0.009766 0.007324
0 0.642578 0.249268 0.013672 0.009277
0 0.827881 0.224854 0.020996 0.022949
0 0.779297 0.144531 0.035156 0.027344
0 0.373535 0.368652 0.011719 0.010742