0 0.457275 0.951660 0.045410 0.016602
0 0.419189 0.928467 0.056152 0.016113
0 0.319580 0.830322 0.020020 0.014160
0 0.249512 0.761230 0.015625 0.014648
0 0.246094 0.683350 0.039062 0.036621
0 0.628906 0.581543 0.012695 0.011719
0 0.950195 0.487061 0.012695 0.014160
0 0.514893 0.357178 0.010254 0.007324
0 0.417969 0.348877 0.010742 0.008301
0 0.590332 0.349609 0.016602 0.011719
0 0.493164 0.345215 0.014648 0.011719
0 0.571533 0.337891 0.018066 0.011719
0 0.641357 0.309814 0.013184 0.011230
0 0.503906 0.309082 0.013672 0.009766
0 0.740234 0.303955 0.013672 0.015137
0 0.522705 0.288818 0.015137 0.009277
0 0.551270 0.265625 0.014648 0.008789
0 0.899170 0.260498 0.011230 0.017090
0 0.566406 0.245850 0.009766 0.007324
0 0.641602 0.244629 0.011719 0.008789
0 0.646729 0.126221 0.023926 0.013184
0 0.719727 0.067139 0.019531 0.012207