0 0.588867 0.784668 0.020508 0.014648
0 0.582520 0.738770 0.009766 0.005859
0 0.647949 0.610352 0.009766 0.010742
0 0.433594 0.427490 0.012695 0.009277
0 0.608887 0.388428 0.013672 0.009277
0 0.356934 0.385254 0.009766 0.009766
0 0.434326 0.383301 0.006348 0.005859
0 0.590576 0.375000 0.013184 0.009766
0 0.661377 0.350586 0.012207 0.012695
0 0.761719 0.349121 0.009766 0.011719
0 0.562988 0.339844 0.013672 0.011719
0 0.541504 0.325439 0.013672 0.009277
0 0.265869 0.320557 0.012207 0.014160
0 0.231445 0.290283 0.011719 0.013184
0 0.587158 0.281982 0.008301 0.006348
0 0.155518 0.234863 0.014160 0.015625
0 0.704834 0.081787 0.019043 0.012207
0 0.392334 0.396973 0.011230 0.011719