0 0.572021 0.645508 0.007324 0.006836
0 0.657959 0.645752 0.008301 0.008301
0 0.621826 0.418457 0.015137 0.015625
0 0.606201 0.408936 0.016113 0.014160
0 0.251709 0.395996 0.012207 0.015625
0 0.015381 0.395996 0.012207 0.020508
0 0.084229 0.403564 0.026855 0.039551
0 0.195068 0.393555 0.020020 0.021484
0 0.676514 0.383301 0.009277 0.010742
0 0.777344 0.384277 0.010742 0.015625
0 0.538330 0.374756 0.011230 0.008301
0 0.317871 0.368652 0.009766 0.009766
0 0.201172 0.366699 0.012695 0.015625
0 0.238770 0.363770 0.015625 0.020508
0 0.557373 0.357178 0.013184 0.010254
0 0.279297 0.346924 0.010742 0.011230
0 0.147461 0.349365 0.018555 0.032715
0 0.588379 0.334717 0.012695 0.010254
0 0.091553 0.334717 0.021973 0.025879
0 0.680420 0.318604 0.012207 0.011230
0 0.247314 0.315186 0.012207 0.012207
0 0.052979 0.325195 0.030762 0.038086
0 0.137451 0.303223 0.017090 0.024414
0 0.211914 0.283447 0.011719 0.013184
0 0.172852 0.259277 0.012695 0.016602
0 0.138184 0.263672 0.031250 0.038086
0 0.089111 0.278320 0.042480 0.068359
0 0.133789 0.237549 0.008789 0.012207
0 0.863281 0.234863 0.015625 0.019531
0 0.761719 0.172607 0.025391 0.020996