0 0.350342 0.923340 0.018066 0.009766
0 0.286133 0.791016 0.014648 0.011719
0 0.630615 0.582275 0.012207 0.014160
0 0.401367 0.382812 0.011719 0.008789
0 0.383545 0.378662 0.009277 0.008301
0 0.513184 0.361816 0.011719 0.008789
0 0.459961 0.356445 0.007812 0.006836
0 0.414795 0.355469 0.012207 0.009766
0 0.590576 0.355713 0.016113 0.011230
0 0.572754 0.344482 0.016602 0.012207
0 0.643799 0.317383 0.012207 0.009766
0 0.744141 0.316406 0.011719 0.013672
0 0.552002 0.271240 0.012207 0.008301
0 0.641602 0.250977 0.005859 0.004883
0 0.830078 0.228271 0.019531 0.020996
0 0.781982 0.147949 0.036621 0.030273
0 0.503174 0.313721 0.015137 0.007324
0 0.522461 0.294434 0.015625 0.007812
0 0.565918 0.252197 0.010742 0.007324
0 0.373291 0.371338 0.011230 0.010254