0 0.315430 0.774170 0.016602 0.014160
0 0.275391 0.684082 0.024414 0.044922
0 0.032471 0.626709 0.040527 0.049316
0 0.080322 0.609375 0.025879 0.041992
0 0.142334 0.593994 0.034668 0.040527
0 0.678955 0.581299 0.011230 0.018066
0 0.313721 0.545410 0.008301 0.012695
0 0.077637 0.537598 0.011719 0.020508
0 0.170654 0.529053 0.026855 0.038574
0 0.257324 0.453125 0.019531 0.020508
0 0.115723 0.446289 0.029297 0.035156
0 0.012207 0.432129 0.008789 0.022461
0 0.396484 0.406494 0.008789 0.009277
0 0.270264 0.403076 0.026855 0.030762
0 0.333496 0.363281 0.005859 0.006836
0 0.426514 0.362305 0.011230 0.008789
0 0.105713 0.351318 0.027832 0.049316
0 0.212402 0.340088 0.023438 0.036621
0 0.142578 0.320068 0.018555 0.029785
0 0.299805 0.284424 0.009766 0.010254
0 0.231445 0.284424 0.013672 0.016113
0 0.165527 0.293213 0.027344 0.049316
0 0.110596 0.282959 0.026855 0.041504
0 0.071777 0.268311 0.027344 0.041504
0 0.153809 0.245361 0.015625 0.014160
0 0.097412 0.233887 0.023926 0.039062
0 0.175537 0.202637 0.013184 0.014648
0 0.112305 0.201172 0.027344 0.027344
0 0.157715 0.196045 0.021484 0.020996
0 0.367188 0.333008 0.013672 0.013672