0 0.586426 0.812744 0.013672 0.008301
0 0.497803 0.804932 0.015137 0.007324
0 0.788330 0.719238 0.015137 0.016602
0 0.462646 0.626221 0.010254 0.006348
0 0.924316 0.617432 0.014648 0.033691
0 0.780029 0.578369 0.008301 0.013184
0 0.897217 0.568604 0.008301 0.018066
0 0.730469 0.563477 0.008789 0.012695
0 0.628662 0.554688 0.006348 0.005859
0 0.925781 0.524414 0.011719 0.017578
0 0.955811 0.508301 0.028809 0.037109
0 0.668213 0.495605 0.011230 0.018555
0 0.980469 0.476074 0.018555 0.053711
0 0.919922 0.407959 0.006836 0.007324