0 0.360840 0.923340 0.013672 0.007812
0 0.339111 0.797852 0.015137 0.009766
0 0.296875 0.706299 0.022461 0.042480
0 0.040283 0.653076 0.028809 0.038574
0 0.094238 0.629639 0.018555 0.044434
0 0.158691 0.614746 0.036133 0.038086
0 0.611084 0.600098 0.010254 0.010742
0 0.331055 0.566650 0.010742 0.012207
0 0.010986 0.570557 0.018066 0.066895
0 0.189453 0.552490 0.027344 0.034668
0 0.274170 0.474609 0.017090 0.016602
0 0.031006 0.457520 0.005371 0.004883
0 0.132080 0.469727 0.030762 0.034180
0 0.286621 0.424316 0.022461 0.027344
0 0.220215 0.400391 0.010742 0.016602
0 0.445068 0.382568 0.012207 0.008301
0 0.311035 0.380127 0.012695 0.015137
0 0.418457 0.375000 0.005859 0.005859
0 0.124023 0.373291 0.024414 0.041504
0 0.387451 0.351807 0.010254 0.009277
0 0.162354 0.342773 0.012207 0.018555
0 0.235840 0.346924 0.023438 0.031738
0 0.318115 0.304443 0.009277 0.009277
0 0.190918 0.300537 0.021484 0.032715
0 0.127930 0.294434 0.026367 0.028320
0 0.249512 0.290283 0.026367 0.028809
0 0.285400 0.273682 0.009277 0.009277
0 0.090088 0.283447 0.036621 0.048340
0 0.175049 0.261963 0.020020 0.027832
0 0.064941 0.259277 0.022461 0.037109
0 0.197510 0.223633 0.015137 0.015625
0 0.211426 0.215332 0.005859 0.005859
0 0.176758 0.209961 0.029297 0.040039
0 0.117920 0.254395 0.010254 0.011719
0 0.134766 0.218994 0.037109 0.030762