0 0.458984 0.951416 0.047852 0.017090
0 0.407959 0.927002 0.034668 0.015137
0 0.320557 0.829102 0.025879 0.016602
0 0.248779 0.761230 0.018066 0.016602
0 0.242920 0.681641 0.040527 0.042969
0 0.632324 0.575684 0.012695 0.011719
0 0.950928 0.505615 0.007324 0.012207
0 0.518311 0.356445 0.010254 0.007812
0 0.593994 0.351562 0.014160 0.010742
0 0.421387 0.346436 0.011719 0.009277
0 0.495850 0.345703 0.014160 0.011719
0 0.578125 0.339844 0.017578 0.012695
0 0.868164 0.328369 0.007812 0.009277
0 0.748779 0.314209 0.010254 0.011230
0 0.647705 0.313965 0.014160 0.011719
0 0.510498 0.307861 0.015137 0.012207
0 0.528076 0.289062 0.018066 0.009766
0 0.902832 0.271973 0.012695 0.014648
0 0.560303 0.267334 0.006348 0.006348
0 0.651123 0.249268 0.008301 0.007324
0 0.574707 0.247314 0.008789 0.007324
0 0.734375 0.078125 0.013672 0.009766