0 0.555420 0.614746 0.010254 0.008789
0 0.640381 0.610840 0.012207 0.011719
0 0.395752 0.407227 0.006348 0.005859
0 0.350098 0.387939 0.008789 0.008301
0 0.597168 0.383545 0.015625 0.012207
0 0.580566 0.372803 0.013672 0.010254
0 0.510742 0.345459 0.010742 0.007324
0 0.650635 0.345703 0.011230 0.009766
0 0.750732 0.341797 0.010254 0.010742
0 0.917969 0.327881 0.007812 0.008301
0 0.528564 0.325195 0.014160 0.009766
0 0.258057 0.323730 0.012207 0.012695
0 0.224121 0.293457 0.010742 0.009766
0 0.648926 0.280273 0.011719 0.009766
0 0.573486 0.279541 0.012207 0.009277
0 0.148438 0.238037 0.013672 0.016113
0 0.114014 0.232178 0.025879 0.034668
0 0.108154 0.218018 0.013184 0.016113
0 0.834717 0.219238 0.020020 0.022461
0 0.752686 0.149170 0.040527 0.029785
0 0.385742 0.398926 0.010742 0.010742