0 0.366943 0.944092 0.040527 0.016113
0 0.349121 0.818604 0.017578 0.010254
0 0.307129 0.725098 0.025391 0.044922
0 0.060059 0.679932 0.039062 0.036621
0 0.107666 0.656006 0.020996 0.036621
0 0.619141 0.625977 0.009766 0.010742
0 0.168701 0.637451 0.030762 0.039551
0 0.343994 0.589111 0.012207 0.011230
0 0.201416 0.578613 0.027832 0.030273
0 0.020996 0.593506 0.030273 0.069824
0 0.287354 0.498535 0.020020 0.020508
0 0.145508 0.491455 0.025391 0.032715
0 0.298584 0.445068 0.020996 0.027832
0 0.230225 0.423828 0.010254 0.021484
0 0.284912 0.402588 0.006348 0.006348
0 0.396484 0.376953 0.007812 0.007812
0 0.133057 0.394531 0.027832 0.043945
0 0.174561 0.373047 0.009277 0.014648
0 0.252686 0.366943 0.023926 0.041504
0 0.327148 0.327881 0.011719 0.012207
0 0.199463 0.332275 0.016113 0.025879
0 0.138916 0.322510 0.015137 0.021973
0 0.246582 0.317383 0.010742 0.013672
0 0.064453 0.283691 0.028320 0.046875
0 0.178955 0.293457 0.020996 0.028320
0 0.113037 0.297607 0.047363 0.069824
0 0.210938 0.250488 0.026367 0.026367
0 0.138916 0.248535 0.024902 0.022461
0 0.183594 0.243164 0.015625 0.016602
0 0.081543 0.237061 0.022461 0.039551