0 0.564453 0.794434 0.017578 0.009766
0 0.554199 0.744629 0.015625 0.009766
0 0.578369 0.642822 0.011230 0.008301
0 0.662842 0.641113 0.014160 0.015625
0 0.483643 0.441406 0.010254 0.008789
0 0.409668 0.422607 0.006836 0.006348
0 0.625000 0.418457 0.016602 0.013672
0 0.607666 0.406250 0.016113 0.012695
0 0.085205 0.387207 0.008301 0.010742
0 0.677734 0.380615 0.010742 0.011230
0 0.777588 0.379883 0.010254 0.014648
0 0.540527 0.373535 0.010742 0.008789
0 0.206787 0.377441 0.018066 0.029297
0 0.322266 0.362793 0.011719 0.011719
0 0.557861 0.355713 0.011230 0.008301
0 0.608398 0.345703 0.015625 0.013672
0 0.285400 0.341309 0.008301 0.007812
0 0.590332 0.333496 0.010742 0.009766
0 0.151611 0.340088 0.023926 0.030762
0 0.100342 0.325928 0.016113 0.021973
0 0.681885 0.317139 0.010254 0.010254
0 0.059326 0.314697 0.015137 0.019043
0 0.144775 0.292725 0.019043 0.021973
0 0.220215 0.274902 0.009766 0.008789
0 0.638916 0.274414 0.014160 0.010742
0 0.180664 0.250000 0.014648 0.015625
0 0.096436 0.268799 0.039551 0.059082
0 0.134766 0.243896 0.014648 0.017090
0 0.142090 0.228271 0.012695 0.016113
0 0.717285 0.133301 0.015625 0.011719
0 0.784912 0.091309 0.025879 0.017578