0 0.314941 0.775879 0.017578 0.013672
0 0.277100 0.685303 0.022949 0.045410
0 0.033691 0.625732 0.041992 0.045410
0 0.593506 0.591553 0.010254 0.009277
0 0.080322 0.605469 0.025879 0.041992
0 0.141113 0.591309 0.030273 0.041016
0 0.319092 0.547119 0.013184 0.012207
0 0.085693 0.538574 0.007324 0.012695
0 0.173828 0.531494 0.032227 0.032715
0 0.262207 0.454834 0.019531 0.021973
0 0.123047 0.447998 0.031250 0.031738
0 0.019531 0.432373 0.006836 0.016113
0 0.277588 0.400146 0.024902 0.038574
0 0.375732 0.336914 0.008301 0.008789
0 0.115723 0.348633 0.030273 0.049805
0 0.220703 0.342529 0.023438 0.039551
0 0.151123 0.323242 0.013184 0.019531
0 0.238037 0.283936 0.017090 0.019043
0 0.178711 0.291748 0.020508 0.036621
0 0.119141 0.279297 0.016602 0.015625
0 0.161865 0.245361 0.011230 0.015137
0 0.089600 0.255127 0.053223 0.083496
0 0.186768 0.204590 0.013184 0.013672
0 0.124512 0.199951 0.026367 0.024902
0 0.167725 0.191406 0.024902 0.035156
0 0.208984 0.383789 0.007812 0.008789
0 0.434814 0.368164 0.011230 0.008789