0 0.342529 0.920410 0.018066 0.009766
0 0.280518 0.787109 0.014160 0.011719
0 0.635498 0.572998 0.011230 0.013184
0 0.403320 0.381592 0.011719 0.008301
0 0.385498 0.376709 0.009277 0.008301
0 0.516113 0.361816 0.011719 0.008789
0 0.462891 0.355713 0.007812 0.006348
0 0.417725 0.354004 0.012207 0.009766
0 0.579346 0.348389 0.019043 0.011230
0 0.565186 0.340576 0.007324 0.006348
0 0.628662 0.305664 0.013184 0.010742
0 0.729736 0.297119 0.013184 0.013184
0 0.556396 0.272217 0.012207 0.008301
0 0.624268 0.240723 0.014160 0.009766
0 0.808105 0.204102 0.017578 0.016602
0 0.754395 0.125977 0.034180 0.025391
0 0.506348 0.313721 0.014648 0.006348
0 0.526367 0.295410 0.014648 0.009766
0 0.570312 0.253174 0.010742 0.007324
0 0.375488 0.368896 0.011719 0.010254