0 0.310303 0.865234 0.022949 0.014648
0 0.290039 0.786621 0.036133 0.052734
0 0.085938 0.706543 0.017578 0.023438
0 0.601807 0.679688 0.012207 0.010742
0 0.685791 0.677979 0.016113 0.013184
0 0.147705 0.687256 0.037598 0.038574
0 0.321777 0.642334 0.009766 0.012207
0 0.179688 0.626953 0.028320 0.031250
0 0.220215 0.559326 0.013672 0.021973
0 0.264160 0.548584 0.023438 0.027832
0 0.042236 0.544434 0.013184 0.019531
0 0.130859 0.541016 0.025391 0.038086
0 0.187988 0.528564 0.008789 0.014160
0 0.186768 0.503662 0.012207 0.019043
0 0.276611 0.503174 0.022949 0.025879
0 0.213135 0.474121 0.013184 0.019531
0 0.649658 0.452393 0.014160 0.014160
0 0.295654 0.442383 0.010254 0.013672
0 0.634033 0.440430 0.014160 0.011719
0 0.309082 0.434326 0.010742 0.015137
0 0.044678 0.437988 0.013184 0.023438
0 0.115723 0.442383 0.025391 0.043945
0 0.228760 0.427002 0.015137 0.020020
0 0.259033 0.416748 0.009277 0.015137
0 0.704590 0.414062 0.009766 0.013672
0 0.803711 0.412354 0.007812 0.014160
0 0.348633 0.402588 0.006836 0.008301
0 0.025635 0.415039 0.030762 0.042969
0 0.592285 0.387695 0.009766 0.009766
0 0.310547 0.378906 0.006836 0.008789
0 0.175537 0.385742 0.020996 0.028320
0 0.613281 0.365967 0.011719 0.011230
0 0.082031 0.360107 0.019531 0.033691
0 0.704346 0.346680 0.008301 0.009766
0 0.202393 0.335449 0.012207 0.015625
0 0.168945 0.333252 0.014648 0.020996
0 0.050049 0.328613 0.025879 0.041992
0 0.110107 0.323486 0.020020 0.033691
0 0.164551 0.286377 0.010742 0.016113
0 0.127930 0.290771 0.020508 0.027832
0 0.074951 0.267822 0.024902 0.029785
0 0.886719 0.227051 0.012695 0.016602
0 0.754150 0.179688 0.022949 0.021484
0 0.006348 0.433838 0.008789 0.030762
0 0.652588 0.305420 0.012207 0.011230
0 0.583008 0.389648 0.008789 0.008789