0 0.309814 0.770264 0.015137 0.011230
0 0.273682 0.679688 0.022949 0.043945
0 0.030518 0.620117 0.040527 0.054688
0 0.078125 0.602051 0.029297 0.038086
0 0.675293 0.582275 0.009766 0.016113
0 0.140625 0.587158 0.035156 0.043457
0 0.311523 0.541260 0.010742 0.012207
0 0.076172 0.527832 0.013672 0.029297
0 0.166992 0.525635 0.032227 0.036621
0 0.255859 0.449463 0.018555 0.020020
0 0.114746 0.442383 0.030273 0.034180
0 0.011475 0.425293 0.008301 0.018555
0 0.270264 0.391357 0.027832 0.043457
0 0.435547 0.368896 0.008789 0.007324
0 0.335449 0.361816 0.008789 0.009766
0 0.391602 0.348389 0.010742 0.008301
0 0.369385 0.328613 0.008301 0.007812
0 0.105713 0.346191 0.026855 0.045898
0 0.213623 0.333984 0.020020 0.034180
0 0.141602 0.319336 0.012695 0.018555
0 0.298584 0.282715 0.012207 0.011719
0 0.231934 0.280762 0.014648 0.016602
0 0.108887 0.273926 0.024414 0.021484
0 0.262695 0.253662 0.006836 0.007324
0 0.181152 0.270508 0.031250 0.042969
0 0.154053 0.241211 0.010254 0.012695
0 0.071045 0.266602 0.026855 0.032227
0 0.230957 0.217773 0.010742 0.011719
0 0.092773 0.228516 0.032227 0.045898
0 0.180908 0.194824 0.006348 0.005859
0 0.114502 0.196777 0.024902 0.022461
0 0.165039 0.183105 0.036133 0.038086
0 0.425293 0.360840 0.010742 0.009766