0 0.567871 0.793945 0.017578 0.009766
0 0.555176 0.743896 0.017578 0.009277
0 0.564941 0.649658 0.010742 0.008301
0 0.662842 0.642578 0.013184 0.013672
0 0.485596 0.443359 0.011230 0.006836
0 0.183838 0.430908 0.009277 0.011230
0 0.621826 0.419434 0.011230 0.010742
0 0.376221 0.411133 0.008301 0.007812
0 0.608398 0.409424 0.015625 0.013184
0 0.088623 0.399414 0.030762 0.041992
0 0.678467 0.383301 0.011230 0.013672
0 0.777588 0.382568 0.009277 0.013184
0 0.541016 0.375488 0.010742 0.008789
0 0.944824 0.373047 0.008789 0.013672
0 0.207764 0.380615 0.017090 0.029785
0 0.322266 0.364990 0.008789 0.010254
0 0.610352 0.346680 0.014648 0.010742
0 0.590576 0.335693 0.012207 0.009277
0 0.150146 0.343018 0.023926 0.030762
0 0.100830 0.327637 0.018066 0.025391
0 0.681885 0.319580 0.011230 0.011230
0 0.252197 0.311523 0.007324 0.006836
0 0.059814 0.318848 0.019043 0.023438
0 0.143311 0.294434 0.019043 0.023438
0 0.219727 0.277832 0.009766 0.009766
0 0.638428 0.278076 0.012207 0.011230
0 0.179932 0.252197 0.012207 0.012207
0 0.094971 0.271729 0.039551 0.058105
0 0.143799 0.239014 0.033691 0.031738
0 0.717773 0.137939 0.015625 0.012207
0 0.783936 0.094971 0.022949 0.018066