0 0.578857 0.794189 0.021973 0.014160
0 0.558350 0.741699 0.018066 0.009766
0 0.570801 0.657471 0.012695 0.009277
0 0.657227 0.656494 0.014648 0.016113
0 0.235352 0.531738 0.018555 0.028320
0 0.102295 0.521973 0.025879 0.045898
0 0.369873 0.500000 0.008301 0.010742
0 0.247314 0.487549 0.022949 0.028809
0 0.416016 0.463379 0.006836 0.006836
0 0.178467 0.460205 0.013184 0.020996
0 0.493408 0.448242 0.008301 0.006836
0 0.621338 0.431396 0.012207 0.009277
0 0.602295 0.417236 0.009277 0.009277
0 0.082031 0.431152 0.029297 0.041992
0 0.344727 0.410645 0.007812 0.008789
0 0.197754 0.406738 0.018555 0.027344
0 0.675049 0.394531 0.010254 0.012695
0 0.774902 0.393799 0.009766 0.016113
0 0.941650 0.383301 0.007324 0.012695
0 0.554199 0.367920 0.010742 0.008301
0 0.140137 0.373535 0.020508 0.029297
0 0.090088 0.358887 0.014160 0.029297
0 0.616699 0.347900 0.013672 0.013184
0 0.586670 0.346436 0.011230 0.009277
0 0.047852 0.351318 0.024414 0.039551
0 0.679443 0.328857 0.012207 0.011230
0 0.601318 0.324707 0.006348 0.005859
0 0.132080 0.323486 0.017090 0.021973
0 0.081299 0.298584 0.046387 0.064941
0 0.124023 0.274658 0.015625 0.019043
0 0.913574 0.229004 0.015625 0.020508
0 0.708496 0.153809 0.018555 0.014648
0 0.773926 0.108643 0.023438 0.018066