0 0.485840 0.975098 0.018555 0.010742
0 0.602783 0.781738 0.027832 0.014648
0 0.597168 0.735352 0.014648 0.009766
0 0.641846 0.600098 0.012207 0.013672
0 0.411621 0.424805 0.009766 0.008789
0 0.393311 0.398926 0.009277 0.009766
0 0.470459 0.376221 0.010254 0.007324
0 0.599609 0.374756 0.016602 0.011230
0 0.582764 0.363525 0.015137 0.012207
0 0.541260 0.338623 0.014160 0.009277
0 0.652832 0.336914 0.012695 0.011719
0 0.753662 0.335693 0.010254 0.011230
0 0.512939 0.334717 0.010254 0.008301
0 0.919678 0.322266 0.009277 0.013672
0 0.530762 0.314941 0.013672 0.009766
0 0.561523 0.291992 0.014648 0.009766
0 0.654053 0.272461 0.010254 0.008789
0 0.576172 0.270752 0.011719 0.008301
0 0.695068 0.061035 0.022949 0.013672
0 0.383545 0.390381 0.011230 0.010254