0 0.647949 0.635254 0.010742 0.010742
0 0.398193 0.415039 0.010254 0.009766
0 0.614502 0.409912 0.011230 0.008301
0 0.597412 0.396484 0.014160 0.010742
0 0.240234 0.379883 0.014648 0.021484
0 0.768311 0.373291 0.010254 0.013184
0 0.667969 0.370605 0.006836 0.007812
0 0.530273 0.364502 0.010742 0.007324
0 0.187012 0.354004 0.013672 0.018555
0 0.549316 0.346436 0.014648 0.011230
0 0.217529 0.341553 0.016113 0.020020
0 0.271973 0.336182 0.010742 0.012207
0 0.138184 0.338623 0.024414 0.034668
0 0.580566 0.324219 0.010742 0.007812
0 0.044678 0.315430 0.013184 0.020508
0 0.671387 0.307861 0.010742 0.009277
0 0.085693 0.321289 0.027832 0.041992
0 0.128906 0.290283 0.016602 0.021973
0 0.203857 0.272217 0.010254 0.010254
0 0.164551 0.248291 0.012695 0.013184
0 0.110840 0.251953 0.016602 0.022461
0 0.854736 0.233154 0.006348 0.006348
0 0.127686 0.244629 0.014160 0.019531
0 0.125488 0.226074 0.010742 0.012695
0 0.083252 0.263672 0.043457 0.070312
0 0.763916 0.170410 0.026855 0.023438