0 0.586914 0.789307 0.027344 0.015137
0 0.572998 0.739502 0.019043 0.010254
0 0.653809 0.639404 0.014648 0.016113
0 0.384521 0.445312 0.007324 0.007812
0 0.472168 0.437744 0.009766 0.008301
0 0.404297 0.418457 0.009766 0.009766
0 0.543945 0.415039 0.007812 0.006836
0 0.619141 0.408203 0.015625 0.011719
0 0.370117 0.406738 0.008789 0.008789
0 0.603516 0.397461 0.015625 0.012695
0 0.673096 0.370361 0.011230 0.012207
0 0.534424 0.366455 0.009277 0.007324
0 0.772705 0.367432 0.011230 0.016113
0 0.314941 0.362549 0.007812 0.007324
0 0.594482 0.342285 0.014160 0.009766
0 0.277832 0.341064 0.008789 0.007324
0 0.142822 0.348877 0.020996 0.026855
0 0.095947 0.324219 0.006348 0.005859
0 0.584473 0.324219 0.010742 0.008789
0 0.244873 0.310303 0.011230 0.011230
0 0.674316 0.305908 0.009766 0.008301
0 0.599365 0.303467 0.008301 0.007324
0 0.134521 0.297119 0.016113 0.022949
0 0.635010 0.257568 0.013184 0.010254
0 0.168945 0.254395 0.012695 0.013672
0 0.085449 0.275391 0.043945 0.064453
0 0.125488 0.242188 0.023438 0.033203
0 0.708008 0.117920 0.018555 0.012207