0 0.477051 0.949951 0.072266 0.017090
0 0.406494 0.925537 0.035645 0.016113
0 0.323486 0.828125 0.032715 0.015625
0 0.244385 0.756836 0.017090 0.015625
0 0.242920 0.682129 0.038574 0.047852
0 0.629639 0.575684 0.011230 0.011719
0 0.094238 0.588135 0.032227 0.036621
0 0.943848 0.503906 0.009766 0.010742
0 0.517822 0.352783 0.011230 0.008301
0 0.488037 0.346191 0.013184 0.012695
0 0.419678 0.342041 0.013184 0.009277
0 0.585205 0.342529 0.034668 0.022949
0 0.857910 0.320068 0.011719 0.012207
0 0.749268 0.313721 0.010254 0.011230
0 0.647705 0.311523 0.012207 0.010742
0 0.527832 0.285645 0.016602 0.008789
0 0.559570 0.263184 0.008789 0.006836
0 0.883789 0.254639 0.014648 0.016113
0 0.651855 0.248047 0.009766 0.006836
0 0.572510 0.243896 0.008301 0.007324
0 0.666992 0.122314 0.020508 0.012207
0 0.726562 0.081055 0.011719 0.008789
0 0.029297 0.599121 0.019531 0.042969