0 0.304932 0.863037 0.017090 0.012207
0 0.286865 0.782471 0.036621 0.051270
0 0.080811 0.701416 0.017090 0.031738
0 0.598633 0.679932 0.009766 0.007324
0 0.681885 0.679443 0.013184 0.013184
0 0.143799 0.678711 0.037598 0.048828
0 0.318359 0.639160 0.010742 0.012695
0 0.175537 0.619141 0.029785 0.035156
0 0.218506 0.554688 0.013184 0.023438
0 0.261475 0.546631 0.020996 0.025879
0 0.037598 0.537109 0.015625 0.024414
0 0.128662 0.537354 0.024902 0.033691
0 0.272949 0.508301 0.020508 0.017578
0 0.208252 0.488281 0.013184 0.022461
0 0.647461 0.450684 0.011719 0.009766
0 0.110107 0.462891 0.027832 0.042969
0 0.632812 0.440430 0.014648 0.014648
0 0.290039 0.452393 0.014648 0.015137
0 0.220459 0.438232 0.019043 0.024902
0 0.250000 0.427246 0.007812 0.013672
0 0.802979 0.412354 0.006348 0.007324
0 0.702393 0.413574 0.008301 0.011719
0 0.023926 0.433838 0.032227 0.055176
0 0.339355 0.409912 0.006836 0.008301
0 0.166260 0.402588 0.019043 0.029785
0 0.582275 0.388428 0.007324 0.006348
0 0.300781 0.388672 0.007812 0.010742
0 0.067383 0.384277 0.028320 0.030273
0 0.612793 0.366699 0.010742 0.009766
0 0.703613 0.347168 0.007812 0.009766
0 0.157471 0.352539 0.015137 0.023438
0 0.186523 0.347656 0.014648 0.019531
0 0.037598 0.353271 0.023438 0.043457
0 0.097168 0.346680 0.016602 0.032227
0 0.148193 0.304443 0.010254 0.016113
0 0.112061 0.312012 0.020996 0.030273
0 0.055664 0.292725 0.020508 0.026855
0 0.887695 0.231689 0.016602 0.021973
0 0.754395 0.180664 0.027344 0.023438
0 0.590576 0.388916 0.008301 0.010254
0 0.184570 0.522705 0.014648 0.018066
0 0.115234 0.385986 0.006836 0.012207
0 0.038086 0.463135 0.017578 0.028809
0 0.296875 0.439453 0.018555 0.021484
0 0.651611 0.304443 0.012207 0.011230