0 0.558594 0.796631 0.019531 0.014160
0 0.537109 0.742920 0.020508 0.014160
0 0.563232 0.669678 0.009277 0.008301
0 0.648193 0.669678 0.016113 0.015137
0 0.141846 0.610107 0.028809 0.035645
0 0.226807 0.535156 0.017090 0.021484
0 0.368164 0.508789 0.008789 0.011719
0 0.094238 0.517090 0.024414 0.053711
0 0.240234 0.492920 0.018555 0.029785
0 0.427002 0.468262 0.009277 0.007812
0 0.172607 0.472168 0.012207 0.015625
0 0.498047 0.452881 0.008789 0.006348
0 0.614502 0.443359 0.012207 0.008789
0 0.075439 0.448242 0.028809 0.049805
0 0.340820 0.421631 0.011719 0.011230
0 0.193359 0.417480 0.015625 0.025391
0 0.769043 0.407471 0.008789 0.012207
0 0.936523 0.403809 0.005859 0.005859
0 0.668213 0.405762 0.010254 0.011719
0 0.546875 0.379639 0.011719 0.008301
0 0.133545 0.382812 0.021973 0.028320
0 0.579102 0.356934 0.009766 0.007812
0 0.082520 0.361084 0.013672 0.023926
0 0.619385 0.350830 0.015137 0.011230
0 0.042480 0.363525 0.026367 0.048340
0 0.672852 0.339355 0.008789 0.008789
0 0.594238 0.336670 0.006836 0.006348
0 0.125000 0.331055 0.013672 0.020508
0 0.615234 0.318848 0.014648 0.012695
0 0.077148 0.311035 0.039062 0.065430
0 0.904785 0.238281 0.011719 0.014648
0 0.696289 0.172852 0.014648 0.012695
0 0.761230 0.127197 0.023438 0.019043
0 0.619141 0.296387 0.011719 0.009766