0 0.645508 0.638916 0.011719 0.009277
0 0.616699 0.412354 0.011719 0.009277
0 0.362549 0.405518 0.009277 0.009277
0 0.599854 0.398682 0.014160 0.011230
0 0.240723 0.385498 0.013672 0.016113
0 0.770996 0.379150 0.009766 0.013184
0 0.670410 0.374512 0.006836 0.007812
0 0.529785 0.365234 0.012695 0.010742
0 0.308838 0.360596 0.007324 0.007324
0 0.185791 0.357910 0.014160 0.022461
0 0.548828 0.346924 0.012695 0.008301
0 0.218262 0.345703 0.015625 0.020508
0 0.271484 0.339600 0.012695 0.014160
0 0.136475 0.342529 0.023926 0.031738
0 0.579834 0.324951 0.013184 0.009277
0 0.083008 0.328613 0.024414 0.026367
0 0.676025 0.311768 0.010254 0.010254
0 0.045166 0.320312 0.024902 0.041016
0 0.127930 0.294922 0.017578 0.025391
0 0.202881 0.276611 0.013184 0.015137
0 0.163330 0.251709 0.017090 0.020020
0 0.860352 0.240723 0.005859 0.005859
0 0.080566 0.270264 0.041992 0.067871
0 0.123535 0.231201 0.012695 0.015137
0 0.770996 0.176025 0.027344 0.023926
0 0.122314 0.247803 0.040527 0.046387
0 0.618408 0.265137 0.009277 0.008789
0 0.398438 0.416992 0.010742 0.009766