0 0.448242 0.955322 0.008789 0.006348
0 0.534912 0.876953 0.036621 0.017578
0 0.325928 0.798828 0.019043 0.014648
0 0.317871 0.717529 0.031250 0.039551
0 0.047852 0.667480 0.032227 0.037109
0 0.101562 0.643311 0.018555 0.033691
0 0.167480 0.630127 0.030273 0.036621
0 0.621582 0.611084 0.009766 0.008301
0 0.340576 0.577393 0.010254 0.012207
0 0.018066 0.586670 0.027344 0.057129
0 0.197998 0.566895 0.029785 0.034180
0 0.281738 0.490723 0.018555 0.021484
0 0.115723 0.472900 0.008789 0.018066
0 0.144043 0.479492 0.023438 0.033203
0 0.281006 0.438965 0.047363 0.022461
0 0.427734 0.426270 0.008789 0.006836
0 0.341309 0.416016 0.013672 0.018555
0 0.228027 0.416504 0.014648 0.026367
0 0.305176 0.381592 0.008789 0.010254
0 0.395752 0.362549 0.007324 0.006348
0 0.128906 0.381836 0.034180 0.045898
0 0.311035 0.351074 0.015625 0.015625
0 0.362793 0.338867 0.006836 0.005859
0 0.249756 0.354248 0.030762 0.039551
0 0.044434 0.350098 0.028320 0.045898
0 0.193115 0.327148 0.025879 0.029297
0 0.134766 0.308594 0.025391 0.029297
0 0.181152 0.273193 0.015625 0.019043
0 0.065674 0.277344 0.024902 0.033203
0 0.216064 0.231201 0.008301 0.008301
0 0.106201 0.282959 0.059082 0.076660
0 0.140137 0.236328 0.029297 0.028320
0 0.162598 0.229492 0.020508 0.021484