0 0.653809 0.644287 0.007812 0.009277
0 0.404297 0.426270 0.005859 0.005859
0 0.619873 0.417236 0.014160 0.012207
0 0.602783 0.403809 0.011230 0.009766
0 0.078369 0.409180 0.014160 0.024414
0 0.247559 0.400635 0.012695 0.017090
0 0.191650 0.398926 0.019043 0.024414
0 0.674072 0.380615 0.011230 0.010254
0 0.774658 0.379883 0.010254 0.015625
0 0.534424 0.373535 0.010254 0.007812
0 0.941895 0.372314 0.005859 0.008301
0 0.195312 0.373047 0.010742 0.018555
0 0.232178 0.366211 0.015137 0.019531
0 0.553467 0.355469 0.011230 0.011719
0 0.275635 0.351807 0.007324 0.008301
0 0.143555 0.356689 0.017578 0.033691
0 0.086670 0.343750 0.022949 0.026367
0 0.584961 0.332520 0.013672 0.010742
0 0.044189 0.333496 0.033691 0.039062
0 0.676270 0.314941 0.009766 0.010742
0 0.600342 0.311279 0.007324 0.007324
0 0.131104 0.310791 0.018066 0.024902
0 0.206543 0.287842 0.011719 0.013184
0 0.165771 0.265625 0.012207 0.014648
0 0.081299 0.286621 0.043457 0.068359
0 0.129883 0.263428 0.025391 0.048340
0 0.125488 0.244385 0.013672 0.018066
0 0.858398 0.229980 0.014648 0.018555
0 0.758301 0.169922 0.031250 0.024414
0 0.344727 0.396240 0.008789 0.010254