0 0.353760 0.877686 0.016113 0.012207
0 0.307129 0.786133 0.027344 0.045898
0 0.064209 0.735596 0.025879 0.040527
0 0.111328 0.721680 0.017578 0.025391
0 0.171143 0.698730 0.033691 0.037109
0 0.707520 0.686768 0.015625 0.017090
0 0.344971 0.651611 0.008301 0.010254
0 0.029785 0.656738 0.020508 0.041016
0 0.202881 0.638428 0.028809 0.028809
0 0.049805 0.573242 0.024414 0.016602
0 0.285400 0.561035 0.020020 0.022461
0 0.148193 0.552734 0.025879 0.036133
0 0.685547 0.523438 0.007812 0.010742
0 0.298340 0.507080 0.019531 0.022949
0 0.909180 0.491211 0.007812 0.018555
0 0.231201 0.487061 0.014160 0.021973
0 0.193848 0.470703 0.007812 0.013672
0 0.597412 0.466309 0.005371 0.005859
0 0.673584 0.464111 0.014160 0.014160
0 0.659180 0.452393 0.010742 0.011230
0 0.133545 0.456299 0.026855 0.043457
0 0.865723 0.449219 0.014648 0.034180
0 0.024414 0.447266 0.010742 0.031250
0 0.179688 0.439209 0.009766 0.018066
0 0.249512 0.434082 0.015625 0.024414
0 0.728027 0.425293 0.008789 0.012695
0 0.365967 0.412598 0.008301 0.010742
0 0.046387 0.430664 0.026367 0.056641
0 0.607178 0.398926 0.006348 0.006836
0 0.201904 0.389648 0.022949 0.028320
0 0.141602 0.379395 0.020508 0.030273
0 0.233887 0.365967 0.012695 0.017090
0 0.096436 0.374023 0.029785 0.038086
0 0.294922 0.357666 0.006836 0.008301
0 0.185059 0.348633 0.012695 0.018555
0 0.236816 0.338379 0.010742 0.014648
0 0.070801 0.346680 0.032227 0.035156
0 0.260254 0.328613 0.004883 0.003906
0 0.128418 0.337891 0.022461 0.034180
0 0.190430 0.300049 0.012695 0.017090
0 0.085449 0.286377 0.020508 0.031738
0 0.142578 0.313965 0.025391 0.042969