0 0.587158 0.791992 0.017090 0.013672
0 0.568359 0.739990 0.016602 0.010254
0 0.574219 0.651855 0.009766 0.007812
0 0.659912 0.650146 0.014160 0.014160
0 0.098389 0.517090 0.010254 0.027344
0 0.369141 0.497314 0.009766 0.010254
0 0.248291 0.485107 0.020996 0.025879
0 0.411377 0.459961 0.012207 0.008789
0 0.180176 0.460449 0.012695 0.021484
0 0.489014 0.446777 0.010254 0.007812
0 0.368896 0.426514 0.006348 0.006348
0 0.624512 0.427002 0.010742 0.010254
0 0.083252 0.432373 0.029785 0.043457
0 0.604980 0.412598 0.010742 0.008789
0 0.199219 0.408203 0.017578 0.025391
0 0.778076 0.390381 0.008301 0.010254
0 0.677490 0.389648 0.011230 0.013672
0 0.313965 0.383789 0.010742 0.011719
0 0.140869 0.373047 0.020996 0.027344
0 0.275146 0.364258 0.010254 0.010742
0 0.551514 0.362061 0.012207 0.009277
0 0.088867 0.362549 0.014648 0.020996
0 0.613525 0.347900 0.014160 0.012207
0 0.043945 0.353027 0.025391 0.031250
0 0.581787 0.339355 0.012207 0.008789
0 0.239990 0.333984 0.007324 0.007812
0 0.598145 0.318115 0.005859 0.005371
0 0.132080 0.323486 0.016113 0.022949
0 0.627930 0.283936 0.023438 0.015137
0 0.163818 0.280518 0.011230 0.014160
0 0.080811 0.303955 0.038574 0.063965
0 0.127686 0.268799 0.029785 0.034668
0 0.917236 0.227051 0.016113 0.021484
0 0.696533 0.139404 0.014160 0.012207
0 0.778809 0.102051 0.019531 0.014648
0 0.124512 0.260010 0.011719 0.016113