0 0.071533 0.697021 0.016113 0.022949
0 0.587158 0.662109 0.012207 0.008789
0 0.136963 0.676514 0.034668 0.041504
0 0.673340 0.659424 0.020508 0.020996
0 0.165283 0.613770 0.027832 0.034180
0 0.206055 0.544434 0.012695 0.023438
0 0.250000 0.537842 0.015625 0.022949
0 0.024170 0.534180 0.021973 0.027344
0 0.112305 0.531738 0.029297 0.037109
0 0.192871 0.517578 0.008789 0.012695
0 0.170410 0.487061 0.011719 0.014160
0 0.259521 0.489502 0.025879 0.024902
0 0.195312 0.463135 0.011719 0.021973
0 0.418945 0.446045 0.006836 0.006348
0 0.636475 0.441162 0.013184 0.011230
0 0.620605 0.429199 0.015625 0.013672
0 0.026855 0.428223 0.012695 0.021484
0 0.270264 0.423828 0.013184 0.016602
0 0.098145 0.434082 0.029297 0.041992
0 0.360352 0.415283 0.008789 0.009277
0 0.959473 0.404785 0.006836 0.006836
0 0.207275 0.414551 0.018066 0.027344
0 0.690674 0.404053 0.009277 0.010254
0 0.791016 0.405518 0.009766 0.016113
0 0.268555 0.402588 0.015625 0.016113
0 0.231934 0.395508 0.008789 0.016602
0 0.327881 0.391113 0.010254 0.011719
0 0.014404 0.404541 0.015137 0.043457
0 0.569824 0.376465 0.010742 0.008789
0 0.290527 0.367188 0.010742 0.011719
0 0.157471 0.374023 0.021973 0.033203
0 0.602051 0.354004 0.010742 0.009766
0 0.064209 0.349365 0.020020 0.035645
0 0.617432 0.333740 0.007324 0.007324
0 0.034668 0.327148 0.012695 0.025391
0 0.154785 0.318604 0.028320 0.032715
0 0.182373 0.282959 0.009277 0.014160
0 0.139893 0.280518 0.012207 0.018066
0 0.101074 0.300049 0.039062 0.062988
0 0.142334 0.260986 0.012207 0.016113
0 0.879639 0.239746 0.013184 0.015625
0 0.762939 0.184082 0.028809 0.025391
0 0.100342 0.361816 0.020996 0.021484