0 0.279785 0.898926 0.026367 0.016602
0 0.245117 0.815430 0.027344 0.044922
0 0.562988 0.727051 0.012695 0.007812
0 0.650635 0.726807 0.014160 0.012207
0 0.115479 0.717773 0.036621 0.045898
0 0.147949 0.662598 0.030273 0.036133
0 0.237061 0.587891 0.018066 0.022461
0 0.853271 0.569580 0.011230 0.019043
0 0.099609 0.577148 0.026367 0.039062
0 0.715820 0.554443 0.006836 0.009277
0 0.089355 0.534424 0.006836 0.016113
0 0.252441 0.536133 0.023438 0.026367
0 0.183105 0.511963 0.012695 0.020020
0 0.778809 0.472656 0.006836 0.011719
0 0.679199 0.469238 0.008789 0.012695
0 0.136963 0.466309 0.007324 0.015625
0 0.092041 0.476562 0.031738 0.049805
0 0.006104 0.468994 0.012207 0.043457
0 0.963623 0.465820 0.016113 0.038086
0 0.784424 0.448975 0.012207 0.021973
0 0.687012 0.404785 0.004883 0.005859
0 0.923584 0.312500 0.011230 0.019531