0 0.353271 0.877197 0.016113 0.012207
0 0.306885 0.786133 0.026855 0.045898
0 0.062256 0.734863 0.027832 0.038086
0 0.108887 0.723389 0.016602 0.024902
0 0.168457 0.699707 0.031250 0.036133
0 0.706543 0.685303 0.016602 0.018066
0 0.342529 0.653320 0.008301 0.009766
0 0.027344 0.653809 0.014648 0.038086
0 0.200195 0.638916 0.029297 0.031738
0 0.050293 0.574707 0.028320 0.017578
0 0.283691 0.562744 0.020508 0.020020
0 0.146729 0.554199 0.023926 0.036133
0 0.686768 0.521240 0.007324 0.012207
0 0.296387 0.509521 0.020508 0.023926
0 0.907227 0.490723 0.007812 0.019531
0 0.229492 0.487549 0.011719 0.020020
0 0.189453 0.473633 0.006836 0.014648
0 0.669678 0.460693 0.011230 0.012207
0 0.651611 0.448975 0.005371 0.007324
0 0.131836 0.455322 0.027344 0.045410
0 0.861328 0.442139 0.014648 0.023926
0 0.178467 0.438721 0.010254 0.020996
0 0.022217 0.441650 0.012207 0.034668
0 0.824463 0.423584 0.005371 0.005371
0 0.247803 0.434570 0.015137 0.027344
0 0.725586 0.425293 0.008789 0.013672
0 0.043457 0.425293 0.024414 0.050781
0 0.603760 0.399170 0.006348 0.006348
0 0.200195 0.389648 0.020508 0.032227
0 0.140625 0.378662 0.016602 0.032715
0 0.230957 0.369385 0.011719 0.017090
0 0.292480 0.361084 0.006836 0.008301
0 0.092529 0.375000 0.033691 0.036133
0 0.182373 0.349854 0.012207 0.020020
0 0.235352 0.341309 0.008789 0.014648
0 0.066650 0.346680 0.032715 0.043945
0 0.134277 0.327148 0.035156 0.059570
0 0.187256 0.302246 0.013184 0.016602
0 0.084229 0.287109 0.022949 0.030273