0 0.470947 0.973145 0.021973 0.007812
0 0.569824 0.885254 0.041016 0.022461
0 0.344971 0.822266 0.015137 0.010742
0 0.331543 0.737061 0.034180 0.035645
0 0.064453 0.694336 0.034180 0.040039
0 0.115723 0.675049 0.016602 0.031738
0 0.179688 0.656250 0.030273 0.035156
0 0.352295 0.600830 0.011230 0.011230
0 0.030518 0.614502 0.037598 0.052246
0 0.207764 0.595703 0.033691 0.028320
0 0.059082 0.525635 0.017578 0.039551
0 0.289062 0.515625 0.021484 0.019531
0 0.155762 0.512451 0.025391 0.033691
0 0.138428 0.498047 0.007324 0.013672
0 0.297363 0.466064 0.024414 0.023926
0 0.413574 0.440186 0.009766 0.007324
0 0.233887 0.440186 0.012695 0.019043
0 0.341797 0.435059 0.011719 0.012695
0 0.132568 0.415771 0.029785 0.036621
0 0.298584 0.397461 0.012207 0.015625
0 0.396240 0.386719 0.007324 0.007812
0 0.247803 0.391113 0.016113 0.023438
0 0.046387 0.385498 0.032227 0.048340
0 0.362305 0.362793 0.009766 0.008789
0 0.292480 0.363281 0.013672 0.016602
0 0.192871 0.357910 0.023438 0.028320
0 0.323975 0.341309 0.010254 0.011719
0 0.605225 0.339600 0.012207 0.009277
0 0.092773 0.338135 0.028320 0.027832
0 0.136719 0.335693 0.017578 0.030762
0 0.180908 0.307373 0.013184 0.019043
0 0.062256 0.303467 0.024902 0.039551
0 0.253174 0.282959 0.010254 0.012207
0 0.211914 0.261719 0.006836 0.005859
0 0.130127 0.285400 0.043457 0.064941
0 0.161621 0.259033 0.014648 0.015137
0 0.078857 0.249756 0.021973 0.025879
0 0.171875 0.240967 0.010742 0.012207
0 0.672363 0.256104 0.009766 0.008301