0 0.547607 0.988281 0.027832 0.018555
0 0.437012 0.925293 0.010742 0.007812
0 0.462891 0.844482 0.037109 0.026855
0 0.294434 0.762207 0.014648 0.011719
0 0.291748 0.684570 0.039551 0.041016
0 0.033447 0.622559 0.045410 0.045898
0 0.078857 0.606445 0.029785 0.033203
0 0.677979 0.581787 0.012207 0.015137
0 0.140625 0.591553 0.030273 0.042480
0 0.316650 0.542969 0.011230 0.012695
0 0.081787 0.535645 0.016113 0.022461
0 0.173584 0.531250 0.028809 0.029297
0 0.260010 0.456787 0.019043 0.020996
0 0.059814 0.450439 0.006348 0.010254
0 0.124268 0.442139 0.027832 0.035645
0 0.323242 0.398682 0.008789 0.015137
0 0.266846 0.403809 0.033691 0.026367
0 0.450928 0.391846 0.006348 0.006348
0 0.429199 0.361816 0.011719 0.008789
0 0.293213 0.361572 0.011230 0.015137
0 0.323486 0.349365 0.011230 0.011230
0 0.110596 0.343994 0.031738 0.054199
0 0.035889 0.319580 0.003418 0.005371
0 0.211670 0.350098 0.039551 0.072266
0 0.304932 0.281494 0.006348 0.006348
0 0.171143 0.299316 0.031738 0.051758
0 0.116943 0.267578 0.028809 0.038086
0 0.270508 0.251221 0.005859 0.006348
0 0.160889 0.241455 0.013184 0.016113
0 0.093018 0.235596 0.072754 0.095215
0 0.135010 0.196777 0.014160 0.016602