0 0.238770 0.862793 0.039062 0.043945
0 0.633057 0.741699 0.008301 0.007812
0 0.089111 0.763916 0.035645 0.053223
0 0.265625 0.718750 0.014648 0.015625
0 0.121338 0.700684 0.045410 0.066406
0 0.200684 0.633057 0.023438 0.032715
0 0.039307 0.626953 0.023926 0.028320
0 0.070312 0.621338 0.018555 0.028809
0 0.401611 0.576172 0.008301 0.008789
0 0.212646 0.578369 0.020996 0.026855
0 0.639648 0.480225 0.007812 0.010254
0 0.741943 0.474365 0.006348 0.009277
0 0.908203 0.458740 0.005859 0.006348
0 0.751709 0.448486 0.012207 0.018066
0 0.587646 0.432861 0.008301 0.009277
0 0.640381 0.412842 0.007324 0.009277
0 0.953125 0.361816 0.028320 0.034180
0 0.634766 0.347656 0.012695 0.010742
0 0.868896 0.298096 0.014160 0.020020
0 0.663330 0.267334 0.016113 0.013184
0 0.894531 0.266602 0.017578 0.026367
0 0.854248 0.177979 0.015137 0.015137
0 0.961426 0.319336 0.009766 0.017578