0 0.257324 0.842529 0.018555 0.014160
0 0.553955 0.735107 0.013184 0.009277
0 0.097900 0.760254 0.062012 0.080078
0 0.272217 0.710449 0.014160 0.015625
0 0.135010 0.706299 0.052246 0.079590
0 0.206055 0.617432 0.026367 0.032715
0 0.074463 0.612549 0.019043 0.032715
0 0.047607 0.605225 0.017090 0.027832
0 0.395264 0.572754 0.007324 0.007812
0 0.217285 0.569824 0.019531 0.031250
0 0.148438 0.542969 0.012695 0.030273
0 0.373047 0.521729 0.007812 0.010254
0 0.572510 0.454590 0.009277 0.009766
0 0.724854 0.453613 0.017090 0.015625
0 0.655762 0.423340 0.005859 0.008789
0 0.973145 0.417969 0.029297 0.027344
0 0.898926 0.342529 0.008789 0.016113
0 0.680176 0.329102 0.013672 0.016602
0 0.927734 0.313721 0.017578 0.031738
0 0.710205 0.264648 0.017090 0.016602
0 0.861572 0.211182 0.022949 0.021973