0 0.538818 0.799805 0.029785 0.011719
0 0.247070 0.773438 0.015625 0.012695
0 0.518799 0.746094 0.028809 0.010742
0 0.554932 0.691162 0.012207 0.008301
0 0.638916 0.693604 0.018066 0.015137
0 0.277832 0.647217 0.011719 0.013184
0 0.096680 0.675049 0.049805 0.071777
0 0.134277 0.626709 0.028320 0.036621
0 0.220459 0.553223 0.020996 0.043945
0 0.370605 0.529053 0.008789 0.009277
0 0.085938 0.536865 0.024414 0.051270
0 0.234131 0.506836 0.022949 0.024414
0 0.166748 0.481201 0.014160 0.018066
0 0.513916 0.460449 0.006348 0.005859
0 0.072266 0.449463 0.027344 0.044434
0 0.763672 0.432373 0.008789 0.014160
0 0.187744 0.427246 0.018066 0.026367
0 0.574951 0.380859 0.008301 0.006836
0 0.130615 0.389648 0.021973 0.029297
0 0.669189 0.365234 0.007324 0.006836
0 0.037598 0.373047 0.022461 0.024414
0 0.082275 0.372559 0.015137 0.026367
0 0.598145 0.362061 0.013672 0.011230
0 0.640625 0.360596 0.011719 0.010254
0 0.904297 0.268799 0.014648 0.020020
0 0.688965 0.212646 0.016602 0.012207
0 0.690430 0.188477 0.019531 0.013672
0 0.751953 0.161621 0.017578 0.014648