0 0.329346 0.884277 0.028809 0.015625
0 0.281006 0.748779 0.016113 0.016113
0 0.246338 0.656982 0.031738 0.047363
0 0.013428 0.605713 0.006348 0.017090
0 0.044189 0.572266 0.016113 0.037109
0 0.647705 0.551025 0.009277 0.014160
0 0.105713 0.567871 0.026855 0.065430
0 0.281006 0.515137 0.007324 0.012695
0 0.046631 0.506348 0.020996 0.030273
0 0.137939 0.488770 0.025879 0.063477
0 0.952881 0.447021 0.012207 0.026855
0 0.229004 0.419434 0.017578 0.027344
0 0.087158 0.411133 0.027832 0.039062
0 0.957764 0.383789 0.011230 0.020508
0 0.324219 0.378906 0.010742 0.012695
0 0.240723 0.373291 0.025391 0.026855
0 0.366943 0.349365 0.011230 0.011230
0 0.173340 0.347656 0.013672 0.015625
0 0.588623 0.319092 0.036621 0.021973
0 0.078613 0.312012 0.032227 0.044922
0 0.187744 0.298828 0.020020 0.027344
0 0.647949 0.285156 0.010742 0.009766
0 0.751953 0.281006 0.014648 0.018066
0 0.112549 0.272217 0.020996 0.031738
0 0.212158 0.263672 0.025879 0.028320
0 0.275879 0.252197 0.016602 0.015137
0 0.554932 0.243408 0.011230 0.008301
0 0.144531 0.247803 0.026367 0.034668
0 0.085449 0.241699 0.025391 0.027344
0 0.648193 0.219482 0.013184 0.010254
0 0.242676 0.220703 0.014648 0.013672
0 0.129883 0.209229 0.022461 0.025879
0 0.209473 0.187012 0.014648 0.014648
0 0.171631 0.163330 0.012207 0.014160
0 0.154053 0.165039 0.028809 0.030273
0 0.820312 0.135986 0.029297 0.023926