0 0.529785 0.801758 0.015625 0.014648
0 0.484131 0.748047 0.008301 0.005859
0 0.558105 0.712646 0.014648 0.009277
0 0.644043 0.707031 0.010742 0.009766
0 0.097168 0.724854 0.055664 0.086426
0 0.273193 0.677002 0.010254 0.012207
0 0.131836 0.665283 0.028320 0.041504
0 0.212646 0.586914 0.022949 0.021484
0 0.081787 0.578857 0.023926 0.040527
0 0.378174 0.555176 0.010254 0.010742
0 0.227295 0.538086 0.021973 0.026367
0 0.159180 0.514160 0.013672 0.021484
0 0.063477 0.485596 0.027344 0.037598
0 0.179688 0.464844 0.011719 0.018555
0 0.651855 0.446289 0.005859 0.006836
0 0.752197 0.442871 0.007324 0.011719
0 0.920410 0.429443 0.006836 0.015137
0 0.653809 0.379883 0.006836 0.007812
0 0.659912 0.372314 0.015137 0.015137
0 0.965820 0.338135 0.025391 0.034668
0 0.885010 0.273926 0.014160 0.019531
0 0.911377 0.241211 0.019043 0.025391
0 0.687500 0.225586 0.019531 0.017578
0 0.716797 0.187500 0.017578 0.015625
0 0.750000 0.126221 0.018555 0.015137