0 0.540527 0.944580 0.029297 0.017090
0 0.442139 0.904785 0.036621 0.012695
0 0.714844 0.782715 0.026367 0.019531
0 0.273438 0.741455 0.016602 0.016113
0 0.269287 0.664307 0.035645 0.041504
0 0.018555 0.604736 0.023438 0.060059
0 0.051758 0.576660 0.017578 0.066406
0 0.655762 0.541016 0.010742 0.014648
0 0.113525 0.573242 0.026855 0.098633
0 0.146973 0.520020 0.026367 0.045898
0 0.229004 0.435547 0.018555 0.026367
0 0.093506 0.425537 0.029785 0.039551
0 0.945068 0.407959 0.010254 0.015137
0 0.302490 0.380859 0.014160 0.016602
0 0.233887 0.378906 0.035156 0.027344
0 0.957764 0.358154 0.006348 0.009277
0 0.327148 0.353760 0.016602 0.014160
0 0.384766 0.345703 0.006836 0.007812
0 0.260010 0.339355 0.012207 0.014648
0 0.077637 0.328857 0.030273 0.035645
0 0.592773 0.312744 0.028320 0.019043
0 0.194336 0.298828 0.028320 0.036133
0 0.310547 0.281006 0.007812 0.008301
0 0.646729 0.274902 0.005371 0.005859
0 0.750488 0.267090 0.011719 0.012695
0 0.136719 0.269531 0.023438 0.026367
0 0.271484 0.258057 0.008789 0.009277
0 0.238770 0.227295 0.008789 0.010254
0 0.081299 0.253418 0.041504 0.070312
0 0.646484 0.209473 0.007812 0.007812
0 0.127930 0.217041 0.018555 0.023926
0 0.201904 0.195801 0.012207 0.013672
0 0.163086 0.173584 0.011719 0.013184
0 0.776123 0.170166 0.020996 0.020020
0 0.738770 0.095703 0.019531 0.012695
0 0.043701 0.519775 0.009277 0.020020