0 0.204102 0.845215 0.031250 0.047852
0 0.610352 0.762207 0.015625 0.009766
0 0.520752 0.759033 0.014160 0.007324
0 0.074463 0.754150 0.030762 0.047363
0 0.252197 0.713135 0.011230 0.014160
0 0.110107 0.698242 0.026855 0.031250
0 0.149170 0.642090 0.017090 0.024414
0 0.809326 0.635010 0.011230 0.017090
0 0.195557 0.620605 0.020020 0.026367
0 0.061523 0.609619 0.024414 0.038574
0 0.399902 0.588135 0.008789 0.009277
0 0.736328 0.568848 0.007812 0.014648
0 0.478271 0.559814 0.005371 0.005371
0 0.212158 0.569092 0.020020 0.028809
0 0.932373 0.535156 0.014160 0.039062
0 0.741211 0.513184 0.006836 0.011719
0 0.908691 0.511230 0.005859 0.010742
0 0.639648 0.505127 0.006836 0.007324
0 0.989502 0.481934 0.007324 0.020508
0 0.713867 0.460449 0.014648 0.019531
0 0.647949 0.440186 0.008789 0.012207
0 0.963135 0.422363 0.024902 0.035156
0 0.979736 0.379639 0.017090 0.036621
0 0.888916 0.353760 0.010254 0.017090
0 0.916992 0.323242 0.012695 0.021484