0 0.200928 0.872803 0.047363 0.047363
0 0.597412 0.788574 0.012207 0.007812
0 0.233398 0.731934 0.008789 0.009766
0 0.557617 0.720703 0.015625 0.008789
0 0.103516 0.717285 0.013672 0.021484
0 0.398926 0.598389 0.014648 0.014160
0 0.397705 0.577148 0.009277 0.009766
0 0.803223 0.566650 0.014648 0.020996
0 0.628662 0.529785 0.007324 0.008789
0 0.897949 0.530518 0.007812 0.012207
0 0.636230 0.463135 0.006836 0.008301
0 0.647461 0.445801 0.010742 0.011719
0 0.957275 0.442383 0.039551 0.033203
0 0.624023 0.425049 0.010742 0.011230
0 0.977295 0.400391 0.021973 0.035156
0 0.874756 0.368408 0.010254 0.017090
0 0.650879 0.352783 0.012695 0.012207
0 0.904053 0.334717 0.018066 0.042480
0 0.924805 0.272461 0.012695 0.018555