0 0.385254 0.940674 0.032227 0.014160
0 0.363525 0.816650 0.016113 0.011230
0 0.315430 0.729492 0.022461 0.041992
0 0.058350 0.694580 0.028809 0.039551
0 0.108887 0.669189 0.022461 0.042480
0 0.171875 0.649414 0.030273 0.038086
0 0.620361 0.604736 0.008301 0.009277
0 0.021729 0.619873 0.025879 0.062988
0 0.341064 0.588379 0.010254 0.011719
0 0.198975 0.586914 0.028809 0.029297
0 0.282227 0.499023 0.019531 0.025391
0 0.139648 0.500732 0.028320 0.038574
0 0.287842 0.443115 0.021973 0.025879
0 0.291504 0.401855 0.010742 0.011719
0 0.122314 0.397949 0.026855 0.044922
0 0.382812 0.370361 0.006836 0.006348
0 0.233398 0.375977 0.015625 0.023438
0 0.160645 0.371826 0.013672 0.023926
0 0.350098 0.346436 0.006836 0.008301
0 0.312012 0.326904 0.009766 0.008301
0 0.185303 0.332031 0.021973 0.028320
0 0.122803 0.323730 0.014160 0.020508
0 0.235352 0.320068 0.015625 0.019043
0 0.082520 0.318359 0.032227 0.035156
0 0.276367 0.299316 0.009766 0.010742
0 0.054199 0.299316 0.015625 0.029297
0 0.166260 0.290771 0.017090 0.027832
0 0.191650 0.250732 0.027832 0.024902
0 0.168945 0.235596 0.024414 0.036621
0 0.107666 0.287598 0.015137 0.024414