0 0.238770 0.818359 0.029297 0.045898
0 0.644287 0.732910 0.018066 0.013672
0 0.109375 0.723877 0.035156 0.046387
0 0.286377 0.685059 0.009277 0.010742
0 0.142822 0.665283 0.027832 0.035645
0 0.230957 0.592285 0.021484 0.024414
0 0.848145 0.581055 0.010742 0.025391
0 0.094482 0.579102 0.025879 0.040039
0 0.717285 0.559082 0.008789 0.013672
0 0.077881 0.542480 0.006348 0.012695
0 0.246094 0.537842 0.018555 0.028809
0 0.178223 0.514648 0.013672 0.022461
0 0.775879 0.479248 0.005859 0.005371
0 0.088135 0.486816 0.013184 0.029297
0 0.676514 0.473633 0.007324 0.010742
0 0.961914 0.472900 0.014648 0.034668
0 0.778076 0.452881 0.012207 0.020996
0 0.922363 0.319824 0.012695 0.022461
0 0.947266 0.282471 0.015625 0.028809
0 0.921631 0.238770 0.011230 0.016602