0 0.325195 0.785889 0.017578 0.013184
0 0.286377 0.695312 0.020020 0.042969
0 0.040527 0.633789 0.041992 0.045898
0 0.087402 0.616699 0.027344 0.043945
0 0.601807 0.596680 0.006348 0.006836
0 0.152344 0.599609 0.034180 0.042969
0 0.326172 0.556152 0.008789 0.012695
0 0.008301 0.562256 0.009766 0.029785
0 0.183594 0.545166 0.026367 0.021973
0 0.268799 0.468750 0.019043 0.023438
0 0.128418 0.463135 0.030273 0.033691
0 0.029053 0.451416 0.012207 0.020020
0 0.281738 0.418945 0.022461 0.027344
0 0.215332 0.398193 0.007812 0.011230
0 0.440674 0.377930 0.009277 0.007812
0 0.120117 0.367432 0.028320 0.043457
0 0.156738 0.339600 0.011719 0.018066
0 0.236084 0.338867 0.032715 0.045898
0 0.239502 0.295410 0.011230 0.013672
0 0.121582 0.292480 0.023438 0.028320
0 0.194092 0.294189 0.040527 0.058105
0 0.279053 0.270508 0.012207 0.013672
0 0.164795 0.261719 0.012207 0.016602
0 0.233398 0.242188 0.009766 0.009766
0 0.091309 0.270996 0.061523 0.077148
0 0.190674 0.220215 0.016113 0.016602
0 0.126465 0.220215 0.024414 0.022461
0 0.156494 0.197266 0.006348 0.007812
0 0.166260 0.210938 0.026855 0.037109
0 0.382080 0.347900 0.008301 0.006348