0 0.484863 0.945557 0.041992 0.015137
0 0.409180 0.912598 0.040039 0.015625
0 0.346436 0.819092 0.021973 0.011230
0 0.245361 0.743408 0.009277 0.010254
0 0.246826 0.664551 0.039551 0.043945
0 0.631592 0.563965 0.011230 0.012695
0 0.094238 0.570801 0.025391 0.041992
0 0.270264 0.523682 0.009277 0.014160
0 0.024902 0.519043 0.010742 0.021484
0 0.126465 0.506836 0.030273 0.044922
0 0.944824 0.479248 0.008789 0.027832
0 0.214111 0.437988 0.017090 0.020508
0 0.951660 0.422852 0.007812 0.016602
0 0.078613 0.422119 0.028320 0.043457
0 0.292725 0.390869 0.013184 0.016113
0 0.218750 0.385986 0.038086 0.022949
0 0.474609 0.350098 0.015625 0.011719
0 0.242920 0.344971 0.008301 0.011230
0 0.523193 0.340576 0.011230 0.009277
0 0.590088 0.331055 0.032715 0.022461
0 0.062256 0.336670 0.032715 0.049316
0 0.652832 0.301025 0.006836 0.006348
0 0.754150 0.303711 0.013184 0.015625
0 0.177002 0.307373 0.020996 0.027832
0 0.514160 0.293457 0.009766 0.007812
0 0.533691 0.272705 0.017578 0.009277
0 0.126465 0.275146 0.018555 0.026855
0 0.826904 0.260010 0.015137 0.019043
0 0.564209 0.253174 0.012207 0.008301
0 0.656494 0.235596 0.011230 0.008301
0 0.074219 0.251221 0.025391 0.041504
0 0.834229 0.195557 0.018066 0.018066
0 0.682129 0.093018 0.023438 0.014160
0 0.718018 0.088867 0.019043 0.012695
0 0.155273 0.359375 0.010742 0.016602
0 0.032959 0.583496 0.015137 0.043945