0 0.514648 0.869873 0.036133 0.016113
0 0.317871 0.789062 0.019531 0.013672
0 0.306396 0.712158 0.041504 0.051270
0 0.043457 0.653564 0.033203 0.032715
0 0.095703 0.633545 0.016602 0.032715
0 0.612061 0.603027 0.006348 0.006836
0 0.160645 0.615723 0.032227 0.044922
0 0.334717 0.568359 0.007324 0.010742
0 0.012451 0.573975 0.018066 0.057129
0 0.192383 0.555420 0.026367 0.028809
0 0.275391 0.480957 0.017578 0.021484
0 0.142334 0.471436 0.028809 0.038574
0 0.281982 0.429443 0.034668 0.024902
0 0.432861 0.418701 0.009277 0.006348
0 0.337402 0.413086 0.011719 0.013672
0 0.223145 0.403076 0.013672 0.020020
0 0.447021 0.384521 0.008301 0.007324
0 0.304688 0.377441 0.012695 0.015625
0 0.123047 0.370850 0.033203 0.039551
0 0.387207 0.356445 0.011719 0.009766
0 0.236328 0.353271 0.019531 0.020996
0 0.316650 0.352051 0.020020 0.022461
0 0.040771 0.342773 0.028809 0.041016
0 0.186768 0.319336 0.020996 0.027344
0 0.319824 0.307373 0.011719 0.009277
0 0.126709 0.298096 0.029785 0.026855
0 0.287598 0.276367 0.007812 0.005859
0 0.063232 0.268066 0.016113 0.024414
0 0.177490 0.261963 0.018066 0.023926
0 0.211182 0.221191 0.007324 0.007812
0 0.112061 0.259033 0.081543 0.103027