0 0.492432 0.861084 0.037598 0.015137
0 0.314209 0.782715 0.019043 0.015625
0 0.304199 0.706543 0.040039 0.047852
0 0.043457 0.648438 0.044922 0.038086
0 0.091553 0.627441 0.018066 0.039062
0 0.607178 0.596924 0.010254 0.009277
0 0.158203 0.611572 0.034180 0.045410
0 0.330566 0.561768 0.010742 0.013184
0 0.010254 0.575928 0.012695 0.050293
0 0.186523 0.551758 0.029297 0.031250
0 0.271484 0.474854 0.018555 0.023926
0 0.138672 0.468018 0.024414 0.029785
0 0.437744 0.413086 0.008301 0.006836
0 0.332764 0.408936 0.013184 0.017090
0 0.274414 0.417236 0.048828 0.038574
0 0.216797 0.393311 0.014648 0.028809
0 0.441895 0.377930 0.009766 0.007812
0 0.302002 0.375488 0.010254 0.012695
0 0.316895 0.351562 0.007812 0.007812
0 0.382812 0.348389 0.009766 0.008301
0 0.118408 0.364990 0.034668 0.050293
0 0.233643 0.346191 0.020020 0.025391
0 0.041748 0.344238 0.017090 0.041016
0 0.183594 0.309814 0.030273 0.032715
0 0.055176 0.275391 0.003906 0.004883
0 0.125488 0.292725 0.036133 0.049316
0 0.169189 0.260498 0.013184 0.016113
0 0.245361 0.238770 0.009277 0.010742
0 0.204102 0.216553 0.007812 0.006348
0 0.148193 0.216064 0.014160 0.016113
0 0.166992 0.192139 0.010742 0.011230
0 0.102051 0.255859 0.075195 0.097656
0 0.351807 0.323486 0.010254 0.009277