0 0.661133 0.652832 0.008789 0.008789
0 0.579590 0.652100 0.005859 0.008301
0 0.016113 0.533691 0.023438 0.024414
0 0.102051 0.524902 0.019531 0.031250
0 0.197998 0.512451 0.008301 0.015137
0 0.254150 0.486328 0.022949 0.023438
0 0.164551 0.479980 0.011719 0.019531
0 0.186523 0.457275 0.012695 0.023926
0 0.374268 0.427490 0.008301 0.008301
0 0.627686 0.427002 0.015137 0.011230
0 0.016846 0.427734 0.013184 0.018555
0 0.258301 0.417725 0.011719 0.017090
0 0.609131 0.413330 0.010254 0.010254
0 0.089355 0.430664 0.028320 0.046875
0 0.350830 0.408691 0.006348 0.005859
0 0.009277 0.412598 0.004883 0.015625
0 0.198242 0.411865 0.018555 0.024902
0 0.782227 0.391602 0.008789 0.014648
0 0.682617 0.389893 0.009766 0.012207
0 0.211426 0.392090 0.014648 0.015625
0 0.249023 0.392334 0.013672 0.020020
0 0.318848 0.385254 0.006836 0.007812
0 0.281738 0.364258 0.006836 0.007812
0 0.145020 0.373779 0.021484 0.029785
0 0.564209 0.363037 0.011230 0.007324
0 0.094238 0.362549 0.013672 0.019043
0 0.048828 0.355957 0.031250 0.030273
0 0.594727 0.343018 0.011719 0.009277
0 0.246582 0.335205 0.008789 0.008301
0 0.079834 0.321777 0.019043 0.031250
0 0.208740 0.306396 0.013184 0.016113
0 0.137939 0.302979 0.017090 0.025879
0 0.169189 0.282715 0.012207 0.014648
0 0.093994 0.282959 0.023926 0.037598
0 0.127930 0.261963 0.006836 0.007324
0 0.133789 0.270752 0.026367 0.037598
0 0.870850 0.237061 0.013184 0.017090
0 0.763916 0.178467 0.028809 0.022949
0 0.137207 0.326172 0.018555 0.028320