0 0.247070 0.827393 0.024414 0.021973
0 0.475830 0.791260 0.018066 0.011230
0 0.086670 0.727295 0.048340 0.062988
0 0.264893 0.693359 0.014160 0.014648
0 0.120850 0.667236 0.038574 0.054199
0 0.208496 0.614258 0.032227 0.039062
0 0.038818 0.593994 0.020996 0.026855
0 0.076660 0.597168 0.022461 0.036133
0 0.388672 0.569580 0.009766 0.009277
0 0.221680 0.551758 0.022461 0.034180
0 0.153564 0.531982 0.013184 0.020996
0 0.650146 0.483398 0.007324 0.009766
0 0.556152 0.466553 0.008789 0.009277
0 0.708252 0.430664 0.011230 0.014648
0 0.660889 0.418945 0.007324 0.007812
0 0.977051 0.408447 0.026367 0.029785
0 0.593994 0.357422 0.009277 0.008789
0 0.904053 0.338867 0.011230 0.017578
0 0.698730 0.305664 0.013672 0.016602
0 0.932373 0.305908 0.018066 0.022949
0 0.730957 0.252686 0.016602 0.015137
0 0.836426 0.194092 0.017578 0.019043
0 0.541016 0.461670 0.007812 0.007324