0 0.219727 0.834961 0.027344 0.043945
0 0.089355 0.742188 0.037109 0.044922
0 0.265381 0.703369 0.012207 0.014160
0 0.121582 0.685547 0.031250 0.039062
0 0.161133 0.634766 0.010742 0.015625
0 0.209473 0.612549 0.019531 0.024902
0 0.825684 0.608643 0.013672 0.022949
0 0.072510 0.602783 0.022949 0.034668
0 0.034424 0.584717 0.005371 0.016113
0 0.224854 0.558838 0.021973 0.027832
0 0.753662 0.491943 0.007324 0.012207
0 0.654297 0.489502 0.007812 0.012207
0 0.922852 0.490479 0.005859 0.017090
0 0.946045 0.498535 0.013184 0.042969
0 0.741699 0.452881 0.011719 0.020996
0 0.973389 0.398193 0.022949 0.031738
0 0.898682 0.330078 0.007324 0.010742
0 0.927002 0.300781 0.017090 0.027344
0 0.897461 0.248779 0.014648 0.020020