0 0.508545 0.802734 0.051270 0.015625
0 0.247803 0.779785 0.012207 0.010742
0 0.499756 0.746826 0.026855 0.011230
0 0.629639 0.706055 0.015137 0.014648
0 0.545654 0.701172 0.014160 0.008789
0 0.099121 0.691162 0.038086 0.045410
0 0.273438 0.651855 0.010742 0.011719
0 0.132324 0.630859 0.030273 0.039062
0 0.216309 0.557373 0.023438 0.025879
0 0.374756 0.535889 0.009277 0.010254
0 0.087891 0.557861 0.023438 0.055176
0 0.234375 0.514648 0.022461 0.026367
0 0.604248 0.479004 0.005371 0.004883
0 0.166260 0.481689 0.013184 0.028809
0 0.522461 0.464600 0.005859 0.005371
0 0.934326 0.461670 0.006348 0.011230
0 0.765625 0.458252 0.007812 0.013184
0 0.666260 0.448975 0.007324 0.009277
0 0.071777 0.449707 0.026367 0.041992
0 0.187256 0.433350 0.019043 0.031738
0 0.583984 0.394531 0.007812 0.006836
0 0.130371 0.398438 0.021484 0.027344
0 0.678223 0.386230 0.007812 0.008789
0 0.601807 0.383057 0.010254 0.009277
0 0.083984 0.382324 0.016602 0.020508
0 0.042236 0.378418 0.009277 0.014648
0 0.656738 0.375000 0.015625 0.011719
0 0.982910 0.375977 0.007812 0.019531
0 0.918457 0.304688 0.009766 0.013672
0 0.943848 0.272949 0.013672 0.023438
0 0.706299 0.238770 0.019043 0.016602
0 0.717773 0.215576 0.017578 0.016113
0 0.772461 0.193604 0.015625 0.016113
0 0.628662 0.337402 0.009277 0.008789