0 0.348633 0.897949 0.021484 0.012695
0 0.304199 0.764404 0.013672 0.012207
0 0.265869 0.672852 0.028809 0.043945
0 0.026611 0.619873 0.027832 0.037598
0 0.067139 0.593262 0.022949 0.039062
0 0.580322 0.571533 0.006348 0.007324
0 0.668213 0.570557 0.011230 0.014160
0 0.132080 0.581543 0.033691 0.040039
0 0.303467 0.533936 0.010254 0.012207
0 0.066162 0.523682 0.024902 0.024902
0 0.162109 0.519775 0.031250 0.037598
0 0.247559 0.440430 0.019531 0.027344
0 0.105713 0.432373 0.031738 0.043457
0 0.371826 0.397949 0.008301 0.009766
0 0.257568 0.399902 0.023926 0.036133
0 0.428223 0.360107 0.007812 0.008301
0 0.344727 0.357422 0.006836 0.007812
0 0.096191 0.348633 0.026367 0.055664
0 0.202393 0.327881 0.024902 0.041504
0 0.131836 0.309326 0.010742 0.013184
0 0.327393 0.298584 0.006348 0.007324
0 0.287109 0.277344 0.014648 0.014648
0 0.161377 0.272461 0.021973 0.032227
0 0.237305 0.277344 0.040039 0.044922
0 0.100098 0.265381 0.021484 0.021973
0 0.065430 0.257812 0.015625 0.023438
0 0.256104 0.244385 0.011230 0.012207
0 0.080322 0.233887 0.011230 0.012695
0 0.144531 0.234375 0.014648 0.019531
0 0.219482 0.210449 0.019043 0.019531
0 0.154297 0.199463 0.007812 0.009277
0 0.168457 0.191162 0.018555 0.019043
0 0.102783 0.200928 0.038574 0.051270
0 0.416748 0.353027 0.014160 0.008789