0 0.465820 0.975586 0.030273 0.009766
0 0.576416 0.882568 0.037598 0.031738
0 0.345459 0.825195 0.019043 0.011719
0 0.331787 0.741455 0.035645 0.037598
0 0.062744 0.693115 0.030762 0.042480
0 0.115967 0.680664 0.017090 0.026367
0 0.179932 0.657227 0.031738 0.040039
0 0.632812 0.628418 0.006836 0.006836
0 0.352295 0.602783 0.009277 0.010254
0 0.031250 0.614990 0.036133 0.051270
0 0.210449 0.595459 0.028320 0.029785
0 0.289551 0.517822 0.021484 0.019043
0 0.058105 0.522949 0.018555 0.038086
0 0.154297 0.509033 0.029297 0.038574
0 0.298584 0.466064 0.030762 0.020996
0 0.412354 0.439941 0.011230 0.008789
0 0.235352 0.439941 0.013672 0.018555
0 0.343018 0.433838 0.011230 0.015137
0 0.134521 0.412109 0.032715 0.039062
0 0.300049 0.395996 0.010254 0.012695
0 0.399414 0.387451 0.006836 0.006348
0 0.249512 0.389404 0.019531 0.024902
0 0.590576 0.362061 0.009277 0.008301
0 0.367432 0.362793 0.010254 0.008789
0 0.294678 0.359375 0.010254 0.011719
0 0.050293 0.378906 0.029297 0.052734
0 0.195312 0.356201 0.021484 0.025879
0 0.608398 0.343018 0.012695 0.010254
0 0.328857 0.340820 0.010254 0.010742
0 0.143066 0.336914 0.020508 0.027344
0 0.098389 0.334473 0.023926 0.030273
0 0.185791 0.301270 0.020020 0.025391
0 0.066162 0.304199 0.024902 0.037109
0 0.123291 0.298584 0.019043 0.031738
0 0.259277 0.281006 0.011719 0.011230
0 0.218506 0.258789 0.012207 0.013672
0 0.141602 0.269287 0.027344 0.035645
0 0.176514 0.247070 0.034668 0.037109
0 0.085693 0.242920 0.019043 0.027832
0 0.690186 0.266602 0.015137 0.013672
0 0.639160 0.321289 0.013672 0.012695
0 0.677246 0.260498 0.007812 0.007324