0 0.603027 0.780273 0.026367 0.015625
0 0.597900 0.735352 0.016113 0.010742
0 0.643799 0.599609 0.012207 0.014648
0 0.410889 0.425781 0.009277 0.009766
0 0.391602 0.400635 0.009766 0.009277
0 0.468994 0.376465 0.010254 0.007812
0 0.597900 0.374756 0.016113 0.011230
0 0.580322 0.363525 0.016113 0.011230
0 0.538818 0.338135 0.014160 0.009277
0 0.510498 0.334473 0.010254 0.008789
0 0.650146 0.334229 0.012207 0.011230
0 0.750732 0.331787 0.009277 0.011230
0 0.527832 0.314453 0.013672 0.009766
0 0.558594 0.291016 0.014648 0.009766
0 0.572998 0.269043 0.011230 0.006836
0 0.688965 0.058350 0.023438 0.013184
0 0.382080 0.391846 0.011230 0.010254