0 0.581787 0.793701 0.023926 0.016113
0 0.563477 0.741211 0.017578 0.010742
0 0.574463 0.654297 0.012207 0.009766
0 0.659180 0.654053 0.014648 0.015137
0 0.236328 0.533691 0.018555 0.028320
0 0.102539 0.527344 0.026367 0.060547
0 0.369629 0.500732 0.009766 0.010254
0 0.247070 0.488037 0.023438 0.025879
0 0.416992 0.462402 0.006836 0.006836
0 0.178955 0.463135 0.012207 0.019043
0 0.490234 0.447266 0.007812 0.006836
0 0.403564 0.440430 0.007324 0.007812
0 0.622070 0.428467 0.011719 0.009277
0 0.081787 0.437256 0.029785 0.049316
0 0.605957 0.416504 0.011719 0.011719
0 0.344727 0.410645 0.009766 0.011719
0 0.198242 0.406494 0.018555 0.031738
0 0.775635 0.389893 0.008301 0.009277
0 0.675293 0.390869 0.010742 0.011230
0 0.312500 0.386475 0.006836 0.006348
0 0.941650 0.378906 0.007324 0.009766
0 0.554688 0.365723 0.010742 0.007812
0 0.275146 0.365723 0.009277 0.010742
0 0.139160 0.374268 0.020508 0.030762
0 0.088623 0.363281 0.014160 0.024414
0 0.614258 0.346191 0.010742 0.011719
0 0.585938 0.343262 0.011719 0.009766
0 0.239990 0.337891 0.008301 0.007812
0 0.048584 0.351318 0.024902 0.044434
0 0.678955 0.325439 0.009277 0.009277
0 0.600586 0.321777 0.006836 0.005859
0 0.130615 0.325439 0.017090 0.025879
0 0.629150 0.290527 0.016113 0.012695
0 0.081543 0.304199 0.040039 0.067383
0 0.121338 0.278076 0.018066 0.021973
0 0.125488 0.260010 0.010742 0.012207
0 0.910645 0.221924 0.005859 0.005371
0 0.707031 0.149902 0.019531 0.014648
0 0.774170 0.105713 0.020996 0.016113