0 0.388428 0.959473 0.044434 0.015625
0 0.371338 0.834717 0.020020 0.011230
0 0.324707 0.742188 0.024414 0.048828
0 0.069092 0.697021 0.030762 0.044434
0 0.122314 0.676270 0.020020 0.032227
0 0.185303 0.655273 0.032715 0.037109
0 0.636475 0.632324 0.009277 0.007812
0 0.356934 0.604980 0.009766 0.010742
0 0.036133 0.610107 0.038086 0.053223
0 0.212891 0.593262 0.025391 0.029297
0 0.297363 0.514404 0.020508 0.018066
0 0.157715 0.509033 0.027344 0.036621
0 0.310303 0.462158 0.023926 0.024902
0 0.239990 0.441895 0.014160 0.017578
0 0.606934 0.416748 0.007812 0.010254
0 0.273438 0.415039 0.010742 0.016602
0 0.139893 0.412109 0.032715 0.043945
0 0.588623 0.391113 0.012207 0.009766
0 0.406982 0.388916 0.007324 0.007324
0 0.257080 0.388916 0.023926 0.024902
0 0.185791 0.385986 0.013184 0.022949
0 0.598633 0.368408 0.009766 0.009277
0 0.374512 0.364502 0.006836 0.007324
0 0.617676 0.348633 0.013672 0.011719
0 0.336426 0.340820 0.006836 0.008789
0 0.210449 0.343506 0.022461 0.027832
0 0.252197 0.328369 0.013184 0.016113
0 0.648926 0.326904 0.013672 0.013184
0 0.147705 0.332520 0.022949 0.033203
0 0.107910 0.330811 0.027344 0.033691
0 0.741455 0.313232 0.010254 0.010254
0 0.192627 0.302490 0.022949 0.028809
0 0.074463 0.298828 0.025879 0.040039
0 0.220459 0.271484 0.011230 0.012695
0 0.226807 0.258057 0.010254 0.009277
0 0.190430 0.261475 0.021484 0.023926
0 0.093506 0.244385 0.022949 0.026855
0 0.156250 0.260986 0.065430 0.096191
0 0.177490 0.240479 0.012207 0.013184