0 0.219482 0.842529 0.037598 0.049316
0 0.619873 0.749268 0.014160 0.010254
0 0.081299 0.755127 0.057129 0.085449
0 0.251709 0.708496 0.011230 0.011719
0 0.110840 0.689697 0.032227 0.039551
0 0.194336 0.613281 0.021484 0.028320
0 0.030273 0.609619 0.019531 0.028809
0 0.062988 0.598389 0.019531 0.044434
0 0.396484 0.572021 0.007812 0.008301
0 0.208008 0.566406 0.022461 0.025391
0 0.639160 0.489746 0.005859 0.008789
0 0.757324 0.468506 0.013672 0.016113
0 0.562988 0.454590 0.006836 0.006836
0 0.593750 0.434082 0.007812 0.007812
0 0.643066 0.421631 0.008789 0.011230
0 0.957275 0.389404 0.028809 0.038574
0 0.635986 0.363037 0.012207 0.012207
0 0.973633 0.348877 0.012695 0.027832
0 0.876709 0.318604 0.012207 0.019043
0 0.669922 0.280518 0.015625 0.013184
0 0.903076 0.285645 0.015137 0.027344
0 0.874756 0.198975 0.017090 0.020020
0 0.580811 0.709229 0.008301 0.008301