0 0.462646 0.949463 0.042480 0.015137
0 0.404541 0.922119 0.035645 0.023926
0 0.322266 0.826660 0.032227 0.018555
0 0.239746 0.752930 0.011719 0.011719
0 0.241211 0.671143 0.047852 0.060059
0 0.628662 0.574707 0.012207 0.011719
0 0.093750 0.584717 0.032227 0.036621
0 0.947510 0.507812 0.008301 0.014648
0 0.519043 0.352783 0.011719 0.008301
0 0.489502 0.346191 0.013184 0.012695
0 0.421143 0.341553 0.013184 0.009277
0 0.586426 0.343262 0.034180 0.023438
0 0.859375 0.322998 0.011719 0.012207
0 0.750732 0.315918 0.010254 0.010742
0 0.649414 0.312988 0.012695 0.010742
0 0.529541 0.285645 0.017090 0.008789
0 0.561523 0.263916 0.008789 0.006348
0 0.885986 0.257568 0.015137 0.016113
0 0.653809 0.249268 0.009766 0.006348
0 0.574707 0.244141 0.007812 0.005859
0 0.669922 0.123779 0.020508 0.012207
0 0.729980 0.083496 0.011719 0.008789
0 0.028809 0.595703 0.018555 0.042969