0 0.317383 0.893311 0.018555 0.011230
0 0.270020 0.757568 0.014648 0.014160
0 0.236816 0.666016 0.033203 0.046875
0 0.033936 0.586914 0.018066 0.046875
0 0.633789 0.561523 0.011719 0.011719
0 0.095459 0.573242 0.038574 0.053711
0 0.269775 0.525391 0.010254 0.018555
0 0.030029 0.516602 0.022949 0.023438
0 0.124756 0.518799 0.031738 0.055176
0 0.947754 0.478760 0.016602 0.037598
0 0.214844 0.436279 0.018555 0.024902
0 0.074219 0.431152 0.027344 0.038086
0 0.951416 0.415283 0.007324 0.011230
0 0.478027 0.374268 0.005859 0.005371
0 0.517822 0.343018 0.011230 0.008301
0 0.594727 0.337402 0.017578 0.011719
0 0.421631 0.334717 0.009277 0.006348
0 0.576660 0.325195 0.017578 0.011719
0 0.647461 0.299316 0.012695 0.010742
0 0.506836 0.295166 0.005859 0.005371
0 0.747559 0.297119 0.010742 0.012207
0 0.834473 0.236084 0.015625 0.017090
0 0.810303 0.147949 0.035645 0.032227
0 0.595215 0.193115 0.010742 0.008301
0 0.525879 0.275146 0.016602 0.008301