0 0.192627 0.860352 0.033691 0.050781
0 0.597412 0.780762 0.011230 0.007812
0 0.510010 0.776611 0.013184 0.007324
0 0.240723 0.728271 0.015625 0.015137
0 0.098145 0.710449 0.031250 0.036133
0 0.795898 0.667725 0.012695 0.017090
0 0.142822 0.658447 0.013184 0.021973
0 0.188477 0.639160 0.019531 0.027344
0 0.389893 0.604980 0.008301 0.007812
0 0.746338 0.576416 0.009277 0.012207
0 0.925781 0.567383 0.016602 0.031250
0 0.898438 0.539062 0.005859 0.012695
0 0.732178 0.534668 0.006348 0.008789
0 0.629639 0.525391 0.006348 0.007812
0 0.961182 0.492432 0.008301 0.020996
0 0.691895 0.471436 0.012695 0.015137
0 0.953857 0.449707 0.025879 0.033203
0 0.976562 0.402344 0.024414 0.053711
0 0.882812 0.378418 0.009766 0.015625
0 0.912109 0.348877 0.013672 0.022949
0 0.888184 0.294678 0.011719 0.017090