0 0.537109 0.800537 0.031250 0.012207
0 0.245605 0.771973 0.015625 0.012695
0 0.511963 0.746338 0.016113 0.011230
0 0.555176 0.693115 0.012695 0.008301
0 0.640381 0.694092 0.016113 0.016113
0 0.097656 0.681641 0.047852 0.065430
0 0.278076 0.649658 0.012207 0.014160
0 0.135254 0.636719 0.031250 0.055664
0 0.220459 0.565430 0.021973 0.029297
0 0.088867 0.548096 0.025391 0.038574
0 0.373291 0.531250 0.010254 0.008789
0 0.234375 0.509521 0.022461 0.026855
0 0.166748 0.485840 0.014160 0.019531
0 0.515381 0.460693 0.006348 0.005371
0 0.763184 0.434814 0.007812 0.012207
0 0.662598 0.432373 0.009766 0.011230
0 0.071533 0.450684 0.026855 0.048828
0 0.931396 0.427734 0.006348 0.005859
0 0.187744 0.430908 0.017090 0.026855
0 0.130371 0.394775 0.019531 0.028809
0 0.668701 0.366699 0.006348 0.005859
0 0.596924 0.365723 0.012207 0.010742
0 0.037109 0.374756 0.022461 0.028809
0 0.081299 0.374756 0.017090 0.031738
0 0.643311 0.362061 0.013184 0.013184
0 0.970459 0.335205 0.004395 0.006348
0 0.904053 0.270996 0.011230 0.014648
0 0.688965 0.216309 0.013672 0.010742
0 0.691895 0.191406 0.022461 0.015625
0 0.752686 0.165039 0.018066 0.014648
0 0.616455 0.322754 0.007324 0.005859