0 0.594482 0.784668 0.018066 0.013672
0 0.586670 0.738037 0.014160 0.008301
0 0.562256 0.616211 0.008301 0.006836
0 0.646729 0.616699 0.012207 0.012695
0 0.436768 0.430664 0.013184 0.008789
0 0.355957 0.392822 0.008789 0.009277
0 0.432617 0.387939 0.007812 0.006348
0 0.606445 0.386963 0.013672 0.010254
0 0.588379 0.375244 0.015625 0.012207
0 0.299316 0.350830 0.006836 0.007324
0 0.519531 0.346924 0.011719 0.009277
0 0.657471 0.346680 0.011230 0.010742
0 0.758057 0.342041 0.012207 0.016113
0 0.561035 0.337646 0.014648 0.010254
0 0.260498 0.330811 0.009277 0.010254
0 0.536377 0.327148 0.010254 0.007812
0 0.924805 0.325928 0.006836 0.007324
0 0.567627 0.303223 0.008301 0.006836
0 0.226318 0.302490 0.012207 0.013184
0 0.657227 0.282471 0.009766 0.008301
0 0.190430 0.270020 0.009766 0.011719
0 0.148926 0.249512 0.012695 0.014648
0 0.627197 0.214600 0.015137 0.010254
0 0.692871 0.081543 0.024414 0.012695
0 0.390869 0.403809 0.012207 0.010742
0 0.109619 0.229248 0.007324 0.007324