0 0.229492 0.812012 0.008789 0.006836
0 0.479004 0.798096 0.020508 0.010254
0 0.077637 0.705078 0.041992 0.052734
0 0.253662 0.675293 0.011230 0.012695
0 0.110840 0.641113 0.033203 0.060547
0 0.198242 0.580078 0.024414 0.020508
0 0.375244 0.559082 0.010254 0.008789
0 0.007812 0.556885 0.009766 0.017090
0 0.069336 0.565186 0.020508 0.038574
0 0.215332 0.524170 0.021484 0.041504
0 0.373779 0.501221 0.007324 0.008301
0 0.149170 0.502197 0.013184 0.020020
0 0.748535 0.474365 0.007812 0.011230
0 0.646484 0.469238 0.007812 0.009766
0 0.536865 0.467773 0.008301 0.006836
0 0.916016 0.469971 0.006836 0.016113
0 0.056885 0.470215 0.022949 0.036133
0 0.682617 0.402344 0.014648 0.015625
0 0.968262 0.378174 0.026367 0.031738
0 0.891357 0.310059 0.014160 0.021484
0 0.917236 0.275146 0.019043 0.026855
0 0.689697 0.268555 0.019043 0.017578
0 0.718506 0.221924 0.018066 0.016113
0 0.785645 0.152100 0.017578 0.014160
0 0.587646 0.504395 0.007324 0.005859