0 0.518799 0.800293 0.022949 0.013672
0 0.554199 0.713867 0.011719 0.008789
0 0.093994 0.727539 0.050293 0.078125
0 0.274658 0.682861 0.014160 0.015137
0 0.131104 0.675049 0.030762 0.047363
0 0.211426 0.592041 0.024414 0.022949
0 0.080811 0.585693 0.022949 0.042480
0 0.377686 0.557861 0.008301 0.009277
0 0.225586 0.542725 0.021484 0.027832
0 0.156250 0.517578 0.012695 0.024414
0 0.380859 0.498535 0.005859 0.006836
0 0.527588 0.466309 0.005371 0.005859
0 0.060303 0.486084 0.024902 0.050293
0 0.177979 0.468262 0.007324 0.016602
0 0.650391 0.445801 0.007812 0.010742
0 0.750244 0.443359 0.007324 0.012695
0 0.659668 0.371338 0.012695 0.014160
0 0.962646 0.331787 0.022949 0.033691
0 0.881592 0.270020 0.012207 0.016602
0 0.907959 0.238770 0.022949 0.033203
0 0.682129 0.225586 0.016602 0.014648
0 0.711426 0.187500 0.018555 0.014648
0 0.745605 0.123047 0.023438 0.017578
0 0.651123 0.379395 0.007324 0.008789