0 0.302979 0.919189 0.014160 0.010254
0 0.241699 0.806641 0.010742 0.010742
0 0.502686 0.800781 0.020996 0.016602
0 0.542969 0.717529 0.012695 0.007324
0 0.089355 0.719727 0.041992 0.061523
0 0.262451 0.671631 0.009277 0.013184
0 0.118652 0.649658 0.029297 0.041504
0 0.203369 0.577637 0.025879 0.024414
0 0.005615 0.557373 0.005371 0.014160
0 0.373535 0.553223 0.009766 0.012695
0 0.072998 0.563721 0.020996 0.043457
0 0.218994 0.527588 0.020996 0.029785
0 0.153320 0.497559 0.012695 0.030273
0 0.646729 0.446777 0.008301 0.011719
0 0.915771 0.429688 0.006348 0.008789
0 0.058838 0.452881 0.025879 0.066895
0 0.659180 0.371826 0.012695 0.014160
0 0.959717 0.330322 0.027832 0.032715
0 0.874268 0.264404 0.005371 0.005371
0 0.710693 0.260254 0.013184 0.013672
0 0.899658 0.232178 0.020996 0.024902
0 0.743896 0.222412 0.014160 0.013184
0 0.796875 0.161133 0.016602 0.013672