0 0.444092 0.992920 0.026855 0.010254
0 0.581055 0.911865 0.042969 0.016113
0 0.336426 0.837158 0.016602 0.013184
0 0.322510 0.755615 0.043457 0.048340
0 0.074219 0.698242 0.035156 0.041016
0 0.116455 0.683594 0.016113 0.020508
0 0.178955 0.662109 0.034668 0.044922
0 0.354248 0.616455 0.008301 0.009277
0 0.211182 0.605957 0.025879 0.026367
0 0.032471 0.617432 0.037598 0.051270
0 0.295654 0.530762 0.020996 0.020508
0 0.068359 0.525146 0.024414 0.033691
0 0.161621 0.527344 0.027344 0.066406
0 0.308105 0.481934 0.026367 0.021484
0 0.395996 0.447021 0.009766 0.007324
0 0.243164 0.452881 0.012695 0.020020
0 0.344238 0.442139 0.011719 0.013184
0 0.604492 0.428711 0.008789 0.009766
0 0.679688 0.421875 0.014648 0.012695
0 0.142090 0.426270 0.032227 0.039062
0 0.306641 0.411621 0.009766 0.012695
0 0.663330 0.410400 0.014160 0.014160
0 0.407227 0.406738 0.007812 0.006836
0 0.257324 0.406006 0.019531 0.020996
0 0.374512 0.382324 0.008789 0.007812
0 0.730225 0.382812 0.010254 0.013672
0 0.594727 0.380127 0.008789 0.008301
0 0.832520 0.379150 0.007812 0.010254
0 0.054199 0.391113 0.026367 0.043945
0 0.612793 0.361572 0.009766 0.008301
0 0.205078 0.368896 0.021484 0.030762
0 0.337158 0.359375 0.013184 0.012695
0 0.279053 0.360596 0.014160 0.016113
0 0.150879 0.349365 0.028320 0.028809
0 0.303223 0.331055 0.011719 0.010742
0 0.109375 0.338623 0.018555 0.044434
0 0.732666 0.317627 0.010254 0.011230
0 0.194336 0.319336 0.014648 0.016602
0 0.672363 0.306885 0.012695 0.011230
0 0.077881 0.314941 0.028809 0.039062
0 0.268555 0.297607 0.006836 0.006348
0 0.228516 0.275146 0.014648 0.015137
0 0.143555 0.294189 0.036133 0.061035
0 0.095215 0.259521 0.019531 0.028809
0 0.189697 0.264648 0.036621 0.033203
0 0.074463 0.415771 0.006348 0.004395
0 0.642578 0.338623 0.011719 0.010254
0 0.189209 0.250488 0.011230 0.012695