0 0.490723 0.959717 0.051758 0.016113
0 0.447754 0.942139 0.041016 0.011230
0 0.624023 0.779785 0.012695 0.012695
0 0.634033 0.585449 0.012207 0.012695
0 0.512695 0.365723 0.007812 0.005859
0 0.414307 0.360596 0.011230 0.009277
0 0.589111 0.358154 0.015137 0.010254
0 0.572998 0.348145 0.019043 0.012695
0 0.506592 0.342529 0.016113 0.011230
0 0.642578 0.319580 0.012695 0.012207
0 0.500977 0.317627 0.011719 0.009277
0 0.742676 0.316650 0.011719 0.013184
0 0.950684 0.315186 0.012695 0.021973
0 0.519775 0.298584 0.014160 0.009277
0 0.639893 0.253662 0.006348 0.005371
0 0.738037 0.061768 0.022949 0.014160
0 0.373535 0.376465 0.011719 0.010742