0 0.363525 0.957275 0.042480 0.026855
0 0.355713 0.831787 0.017090 0.012207
0 0.314453 0.741455 0.027344 0.045410
0 0.080078 0.708496 0.041992 0.045898
0 0.128174 0.690674 0.018066 0.032715
0 0.190674 0.667969 0.033691 0.035156
0 0.632324 0.644775 0.009766 0.008301
0 0.362793 0.613770 0.012695 0.010742
0 0.041504 0.623535 0.037109 0.050781
0 0.219238 0.604980 0.027344 0.030273
0 0.299072 0.525635 0.020996 0.018066
0 0.162842 0.524414 0.025879 0.030273
0 0.312256 0.471680 0.023926 0.024414
0 0.243652 0.452393 0.014648 0.020020
0 0.264893 0.427002 0.010254 0.014160
0 0.609375 0.421143 0.009766 0.011230
0 0.684570 0.417480 0.015625 0.014648
0 0.144531 0.423096 0.026367 0.042480
0 0.665283 0.402588 0.011230 0.011230
0 0.186768 0.402344 0.011230 0.017578
0 0.588135 0.396973 0.011230 0.009766
0 0.259766 0.400879 0.019531 0.023438
0 0.736084 0.378662 0.009277 0.012207
0 0.600098 0.371094 0.007812 0.007812
0 0.052002 0.387451 0.020020 0.042480
0 0.617676 0.353271 0.011719 0.010254
0 0.210205 0.354736 0.020996 0.027832
0 0.146729 0.350830 0.021973 0.027832
0 0.251465 0.339600 0.013672 0.016113
0 0.102783 0.347412 0.032715 0.031738
0 0.648926 0.331543 0.011719 0.010742
0 0.739746 0.312012 0.010742 0.010742
0 0.190430 0.314941 0.013672 0.018555
0 0.267578 0.291992 0.007812 0.007812
0 0.077148 0.308594 0.032227 0.056641
0 0.221680 0.285889 0.011719 0.012207
0 0.192627 0.268555 0.016113 0.019531
0 0.143066 0.291992 0.038086 0.067383
0 0.097412 0.258057 0.025879 0.032715
0 0.065674 0.407227 0.012207 0.023438
0 0.375732 0.373535 0.007324 0.007812