0 0.373047 0.978027 0.042969 0.017578
0 0.367432 0.852783 0.020020 0.012207
0 0.320557 0.762451 0.030762 0.050293
0 0.080078 0.708740 0.032227 0.038574
0 0.122559 0.694336 0.017578 0.025391
0 0.185059 0.672119 0.032227 0.034668
0 0.359863 0.625244 0.009766 0.010254
0 0.037842 0.626953 0.035645 0.047852
0 0.218506 0.613281 0.029785 0.027344
0 0.302002 0.535645 0.024902 0.020508
0 0.161621 0.528809 0.029297 0.034180
0 0.313232 0.484619 0.021973 0.026855
0 0.245361 0.462402 0.013184 0.016602
0 0.611572 0.441162 0.007324 0.008301
0 0.923828 0.446045 0.009766 0.021973
0 0.247070 0.436035 0.006836 0.005859
0 0.687012 0.437500 0.014648 0.012695
0 0.898682 0.441650 0.014160 0.022949
0 0.435059 0.430664 0.006836 0.005859
0 0.587891 0.423096 0.007812 0.007324
0 0.671143 0.425293 0.013184 0.013672
0 0.146973 0.431396 0.029297 0.041504
0 0.191650 0.411865 0.010254 0.017090
0 0.263428 0.409180 0.016113 0.020508
0 0.740234 0.400879 0.006836 0.008789
0 0.379883 0.387939 0.011719 0.009277
0 0.057129 0.396484 0.023438 0.037109
0 0.620605 0.372803 0.008789 0.007324
0 0.341309 0.364746 0.009766 0.010742
0 0.212158 0.364990 0.024902 0.025879
0 0.652832 0.351562 0.006836 0.005859
0 0.112793 0.350830 0.015625 0.022949
0 0.252441 0.347412 0.016602 0.018066
0 0.152832 0.356201 0.021484 0.035645
0 0.743652 0.334473 0.012695 0.013672
0 0.197998 0.325684 0.017090 0.023438
0 0.272461 0.303467 0.009766 0.009277
0 0.233643 0.302246 0.012207 0.012695
0 0.082275 0.317139 0.031738 0.055176
0 0.232178 0.280762 0.012207 0.012695
0 0.200195 0.278320 0.014648 0.015625
0 0.148193 0.301514 0.039551 0.062012
0 0.103516 0.268311 0.030273 0.033691
0 0.066895 0.414551 0.007812 0.014648
0 0.038818 0.417969 0.009277 0.019531
0 0.840820 0.399902 0.009766 0.015625