0 0.533447 0.969238 0.035645 0.018555
0 0.424805 0.912598 0.031250 0.012695
0 0.439453 0.828125 0.016602 0.010742
0 0.736084 0.817383 0.027832 0.023438
0 0.282227 0.746094 0.013672 0.011719
0 0.279785 0.669189 0.039062 0.041504
0 0.026367 0.610352 0.032227 0.038086
0 0.066162 0.588135 0.019043 0.033691
0 0.668701 0.569824 0.012207 0.015625
0 0.133789 0.573730 0.034180 0.045898
0 0.304688 0.527832 0.009766 0.013672
0 0.064453 0.519043 0.027344 0.027344
0 0.989502 0.506104 0.014160 0.018066
0 0.163330 0.512695 0.029785 0.037109
0 0.034180 0.436035 0.006836 0.014648
0 0.249268 0.440918 0.019043 0.026367
0 0.113525 0.427002 0.028809 0.033691
0 0.317139 0.386963 0.012207 0.015137
0 0.252197 0.390381 0.045410 0.024902
0 0.430420 0.354980 0.007324 0.006836
0 0.281006 0.348389 0.006348 0.006348
0 0.328125 0.347900 0.012695 0.012207
0 0.420166 0.346436 0.012207 0.009277
0 0.098389 0.333496 0.029785 0.038086
0 0.210205 0.312744 0.023926 0.033691
0 0.292725 0.268555 0.006348 0.007812
0 0.162109 0.280518 0.025391 0.035645
0 0.106934 0.256104 0.032227 0.043457
0 0.260742 0.236084 0.008789 0.009277
0 0.152344 0.222412 0.013672 0.015137
0 0.078857 0.239014 0.045410 0.078613
0 0.223877 0.204834 0.009277 0.011230
0 0.187744 0.180176 0.011230 0.008789
0 0.120117 0.182617 0.033203 0.028320
0 0.148682 0.154541 0.008301 0.008301