0 0.212646 0.876953 0.041504 0.045898
0 0.085449 0.777100 0.005859 0.006348
0 0.243164 0.735840 0.007812 0.006836
0 0.564453 0.717529 0.015625 0.010254
0 0.105469 0.718750 0.035156 0.041992
0 0.400635 0.596924 0.012207 0.011230
0 0.414551 0.570801 0.007812 0.007812
0 0.798096 0.544678 0.009277 0.018066
0 0.733154 0.525146 0.006348 0.007324
0 0.630859 0.521240 0.007812 0.009277
0 0.900391 0.517578 0.006836 0.013672
0 0.636963 0.455078 0.008301 0.010742
0 0.635742 0.440186 0.011719 0.012207
0 0.611084 0.433105 0.011230 0.011719
0 0.953613 0.427979 0.031250 0.032715
0 0.976318 0.387695 0.020996 0.038086
0 0.875244 0.359131 0.011230 0.017090
0 0.654297 0.337891 0.013672 0.012695
0 0.903076 0.325684 0.017090 0.028320
0 0.918457 0.257812 0.014648 0.018555