0 0.322754 0.901611 0.024414 0.014160
0 0.272461 0.767334 0.016602 0.013184
0 0.236084 0.678711 0.030762 0.046875
0 0.034424 0.602539 0.028809 0.037109
0 0.096436 0.595703 0.032715 0.056641
0 0.632080 0.566162 0.013184 0.013184
0 0.268066 0.537598 0.010742 0.011719
0 0.025879 0.534180 0.022461 0.028320
0 0.123535 0.525635 0.031250 0.040527
0 0.948975 0.512939 0.008301 0.018066
0 0.518555 0.349365 0.011719 0.007324
0 0.595215 0.346436 0.018555 0.012207
0 0.421143 0.338623 0.009277 0.008301
0 0.578369 0.333740 0.018066 0.012207
0 0.750977 0.312256 0.008789 0.009277
0 0.651123 0.310059 0.012207 0.010742
0 0.509766 0.301025 0.010742 0.008301
0 0.653076 0.245605 0.009277 0.006836
0 0.574707 0.241699 0.006836 0.005859
0 0.840820 0.245361 0.017578 0.020996
0 0.814941 0.160645 0.028320 0.026367