0 0.467773 0.964600 0.032227 0.017090
0 0.427002 0.945801 0.046387 0.014648
0 0.599609 0.784424 0.030273 0.015137
0 0.633789 0.593750 0.012695 0.013672
0 0.519043 0.373047 0.009766 0.006836
0 0.465576 0.365479 0.008301 0.006348
0 0.594482 0.366699 0.015137 0.011719
0 0.420654 0.364990 0.008301 0.007324
0 0.576416 0.354492 0.013184 0.009766
0 0.521729 0.341553 0.015137 0.013184
0 0.749023 0.328857 0.011719 0.015137
0 0.509277 0.323975 0.010742 0.007324
0 0.560059 0.282959 0.013672 0.009277
0 0.650146 0.264404 0.010254 0.008301
0 0.573486 0.261475 0.012207 0.008301
0 0.700684 0.044434 0.030273 0.016602
0 0.378418 0.378418 0.011719 0.010742