0 0.462158 0.983643 0.033691 0.010254
0 0.581787 0.894043 0.038574 0.024414
0 0.341797 0.830078 0.016602 0.011719
0 0.322510 0.754883 0.049316 0.057617
0 0.071777 0.688965 0.033203 0.035156
0 0.116699 0.678223 0.015625 0.026367
0 0.179199 0.659180 0.032227 0.036133
0 0.353027 0.607666 0.011719 0.012207
0 0.031006 0.613770 0.035645 0.050781
0 0.208252 0.597412 0.030762 0.030762
0 0.293701 0.527588 0.021973 0.020996
0 0.064209 0.527588 0.025879 0.030762
0 0.156250 0.520508 0.034180 0.044922
0 0.303711 0.478027 0.026367 0.020508
0 0.404541 0.445068 0.006348 0.005371
0 0.238037 0.451416 0.012207 0.020996
0 0.343262 0.440674 0.013672 0.014160
0 0.602295 0.418945 0.007324 0.007812
0 0.677490 0.412842 0.014160 0.014160
0 0.136230 0.424316 0.032227 0.040039
0 0.300537 0.405762 0.011230 0.015625
0 0.401367 0.397705 0.006836 0.006348
0 0.660889 0.401367 0.016113 0.014648
0 0.252930 0.402100 0.016602 0.020996
0 0.050537 0.400146 0.030762 0.045410
0 0.368652 0.374268 0.009766 0.009277
0 0.728516 0.374512 0.011719 0.014648
0 0.592041 0.370361 0.008301 0.007324
0 0.284668 0.366211 0.011719 0.011719
0 0.198486 0.367676 0.023926 0.032227
0 0.329834 0.353027 0.010254 0.009766
0 0.610596 0.351074 0.010254 0.008789
0 0.141846 0.349854 0.023926 0.027832
0 0.101807 0.346436 0.018066 0.026855
0 0.640137 0.327393 0.012695 0.010254
0 0.294922 0.325195 0.006836 0.006836
0 0.184570 0.312012 0.014648 0.021484
0 0.069824 0.319092 0.020508 0.037598
0 0.259766 0.294189 0.011719 0.012207
0 0.679688 0.283691 0.014648 0.012695
0 0.168945 0.270020 0.013672 0.016602
0 0.135498 0.296387 0.040527 0.068359
0 0.087646 0.257568 0.019043 0.022949
0 0.677246 0.266602 0.010742 0.008789