0 0.209229 0.871582 0.052246 0.043945
0 0.594971 0.781250 0.013184 0.008789
0 0.510986 0.776123 0.014160 0.007324
0 0.081055 0.769531 0.013672 0.014648
0 0.240234 0.729004 0.010742 0.010742
0 0.555664 0.719727 0.011719 0.007812
0 0.102539 0.710938 0.033203 0.038086
0 0.188721 0.640625 0.010254 0.014648
0 0.398926 0.592285 0.011719 0.010742
0 0.794678 0.536621 0.014160 0.017578
0 0.631104 0.518066 0.006348 0.007812
0 0.733398 0.519775 0.007812 0.012207
0 0.900879 0.513184 0.006836 0.011719
0 0.636719 0.452393 0.008789 0.010254
0 0.634521 0.437500 0.012207 0.010742
0 0.610596 0.431885 0.007324 0.008301
0 0.951172 0.421875 0.026367 0.040039
0 0.976807 0.384033 0.020996 0.039551
0 0.873779 0.353760 0.010254 0.016113
0 0.653076 0.334473 0.012207 0.013672
0 0.901611 0.324951 0.017090 0.032715
0 0.915771 0.253174 0.017090 0.022949