0 0.458252 0.996582 0.029785 0.006836
0 0.596680 0.913574 0.041016 0.017578
0 0.344727 0.844482 0.020508 0.014160
0 0.323242 0.767578 0.045898 0.060547
0 0.076660 0.704834 0.033203 0.033691
0 0.120850 0.693604 0.015137 0.020020
0 0.184570 0.672363 0.030273 0.033203
0 0.356934 0.622559 0.009766 0.010742
0 0.035645 0.626465 0.038086 0.049805
0 0.218018 0.610840 0.032715 0.031250
0 0.299072 0.535645 0.022949 0.020508
0 0.070312 0.531982 0.025391 0.031738
0 0.162842 0.525146 0.027832 0.038574
0 0.177246 0.509033 0.010742 0.015137
0 0.625488 0.489502 0.006836 0.006348
0 0.311035 0.487793 0.025391 0.020508
0 0.245361 0.458984 0.012207 0.019531
0 0.391846 0.449951 0.005371 0.007324
0 0.344238 0.444092 0.011719 0.014160
0 0.685303 0.434570 0.015137 0.016602
0 0.668701 0.421631 0.012207 0.011230
0 0.145752 0.430176 0.029785 0.036133
0 0.308594 0.416016 0.008789 0.009766
0 0.036621 0.415039 0.013672 0.016602
0 0.261230 0.407959 0.015625 0.022949
0 0.839111 0.399414 0.009277 0.014648
0 0.737793 0.397705 0.008789 0.012207
0 0.379639 0.385986 0.010254 0.007324
0 0.057861 0.394043 0.025879 0.046875
0 0.620117 0.371826 0.011719 0.010254
0 0.342041 0.362305 0.008301 0.008789
0 0.208984 0.371338 0.020508 0.031738
0 0.277588 0.356445 0.017090 0.019531
0 0.651611 0.350098 0.011230 0.011719
0 0.155029 0.356934 0.016113 0.023438
0 0.308105 0.333740 0.008789 0.008301
0 0.741943 0.331787 0.007324 0.008301
0 0.111816 0.343994 0.026367 0.036621
0 0.677246 0.325439 0.013672 0.013184
0 0.199219 0.319824 0.018555 0.024414
0 0.139893 0.316162 0.020020 0.030762
0 0.081055 0.315918 0.026367 0.046875
0 0.232666 0.278076 0.012207 0.014160
0 0.158936 0.278320 0.032715 0.041016
0 0.195068 0.265869 0.036621 0.031738
0 0.101318 0.257568 0.026855 0.030762
0 0.080078 0.422119 0.003906 0.005371
0 0.689697 0.289795 0.010254 0.009277