0 0.325928 0.868652 0.018066 0.012695
0 0.309082 0.781494 0.035156 0.039551
0 0.060547 0.728516 0.027344 0.036133
0 0.103760 0.714600 0.017090 0.024902
0 0.618164 0.680664 0.007812 0.007812
0 0.700928 0.681396 0.016113 0.015137
0 0.164307 0.691650 0.033691 0.042480
0 0.028076 0.655273 0.012207 0.023438
0 0.338623 0.646484 0.009277 0.010742
0 0.196289 0.632080 0.028320 0.029785
0 0.235596 0.567139 0.014160 0.016113
0 0.278809 0.556396 0.020508 0.024902
0 0.055908 0.551025 0.011230 0.017090
0 0.145752 0.543945 0.023926 0.040039
0 0.189941 0.531494 0.008789 0.017090
0 0.201660 0.509766 0.012695 0.021484
0 0.291504 0.507080 0.022461 0.021973
0 0.227295 0.475830 0.012207 0.021973
0 0.670654 0.462402 0.008301 0.009766
0 0.650635 0.448486 0.006348 0.008301
0 0.316406 0.450928 0.011719 0.015137
0 0.337158 0.448730 0.010254 0.014648
0 0.130371 0.449951 0.027344 0.039551
0 0.393311 0.431396 0.007324 0.008301
0 0.017578 0.437500 0.014648 0.020508
0 0.725342 0.428467 0.007324 0.010254
0 0.278809 0.423096 0.010742 0.016113
0 0.242676 0.427490 0.017578 0.024902
0 0.361572 0.406982 0.007324 0.008301
0 0.041748 0.416016 0.029785 0.048828
0 0.605713 0.396729 0.010254 0.011230
0 0.631348 0.383545 0.007812 0.008301
0 0.191406 0.390381 0.020508 0.034668
0 0.636963 0.375488 0.008301 0.008789
0 0.729492 0.361572 0.005859 0.006348
0 0.293213 0.352783 0.007324 0.009277
0 0.091553 0.364014 0.031738 0.033691
0 0.227539 0.351074 0.015625 0.021484
0 0.183838 0.340820 0.014160 0.022461
0 0.059814 0.330811 0.035645 0.052246
0 0.218018 0.295654 0.011230 0.014160
0 0.132324 0.313721 0.041016 0.069824
0 0.182617 0.284180 0.029297 0.030273
0 0.086182 0.273926 0.020996 0.029297
0 0.785889 0.196289 0.026855 0.026367
0 0.058105 0.442627 0.011719 0.021973
0 0.677490 0.316650 0.011230 0.012207
0 0.178955 0.271729 0.010254 0.015137