0 0.295654 0.899658 0.017090 0.011230
0 0.256104 0.815430 0.024902 0.045898
0 0.068115 0.748535 0.014160 0.022461
0 0.580811 0.717285 0.013184 0.008789
0 0.668213 0.713135 0.016113 0.013184
0 0.125977 0.724365 0.037109 0.043457
0 0.300049 0.679443 0.006348 0.006348
0 0.157715 0.666016 0.029297 0.032227
0 0.016357 0.595215 0.018066 0.022461
0 0.243164 0.590576 0.020508 0.021973
0 0.104004 0.578613 0.028320 0.040039
0 0.713379 0.540283 0.006836 0.010254
0 0.100586 0.536621 0.005859 0.009766
0 0.862549 0.545166 0.009277 0.028809
0 0.257568 0.537842 0.020996 0.024902
0 0.188721 0.514648 0.013184 0.022461
0 0.141113 0.471191 0.009766 0.018555
0 0.207031 0.463867 0.010742 0.021484
0 0.092529 0.479736 0.021973 0.054199
0 0.684570 0.454834 0.007812 0.011230
0 0.784424 0.453613 0.006348 0.010742
0 0.951172 0.440430 0.004883 0.005859
0 0.010742 0.455078 0.018555 0.050781
0 0.793945 0.438965 0.013672 0.025391
0 0.966309 0.428955 0.018555 0.035645
0 0.922363 0.288818 0.011719 0.018066