0 0.361328 0.960938 0.040039 0.017578
0 0.353271 0.833984 0.018066 0.010742
0 0.313721 0.743164 0.027832 0.051758
0 0.058594 0.679932 0.031250 0.044434
0 0.114990 0.661865 0.017090 0.026855
0 0.630859 0.650391 0.008789 0.007812
0 0.178467 0.643311 0.031738 0.039551
0 0.352783 0.604736 0.010254 0.012207
0 0.212646 0.586182 0.029785 0.029785
0 0.032471 0.586182 0.035645 0.054199
0 0.299072 0.510742 0.024902 0.019531
0 0.163818 0.498779 0.024902 0.030762
0 0.314697 0.464600 0.018066 0.014160
0 0.260986 0.429199 0.007324 0.009766
0 0.610596 0.426270 0.010254 0.010742
0 0.687744 0.422363 0.013184 0.011719
0 0.924072 0.421875 0.011230 0.027344
0 0.671143 0.411377 0.014160 0.012207
0 0.145264 0.415283 0.019043 0.022949
0 0.590088 0.403076 0.011230 0.010254
0 0.186523 0.406494 0.010742 0.019043
0 0.258545 0.402832 0.020996 0.025391
0 0.738525 0.384521 0.008301 0.012207
0 0.047852 0.397461 0.041016 0.049805
0 0.602539 0.377197 0.011719 0.008301
0 0.376953 0.376465 0.008789 0.006836
0 0.620361 0.358154 0.012207 0.009277
0 0.337891 0.354736 0.010742 0.010254
0 0.211182 0.357422 0.021973 0.031250
0 0.148682 0.352539 0.022949 0.029297
0 0.251953 0.343750 0.012695 0.012695
0 0.104736 0.349121 0.033691 0.038086
0 0.304443 0.327393 0.009277 0.008301
0 0.192139 0.319580 0.012207 0.016113
0 0.225098 0.291260 0.016602 0.018066
0 0.142578 0.297363 0.037109 0.061523
0 0.085449 0.297607 0.048828 0.088379
0 0.195801 0.270752 0.020508 0.020996
0 0.626709 0.477539 0.007324 0.009766
0 0.690186 0.276611 0.010254 0.010254