0 0.273926 0.860107 0.025391 0.026855
0 0.112061 0.775391 0.059082 0.061523
0 0.561035 0.735107 0.009766 0.008301
0 0.285400 0.721436 0.012207 0.012207
0 0.136719 0.710938 0.047852 0.072266
0 0.206543 0.607666 0.022461 0.032715
0 0.047607 0.596924 0.017090 0.024902
0 0.074707 0.598877 0.019531 0.037598
0 0.399658 0.582520 0.009277 0.010742
0 0.221680 0.569824 0.025391 0.047852
0 0.375977 0.518555 0.007812 0.009766
0 0.150635 0.527832 0.013184 0.029297
0 0.646729 0.469727 0.007324 0.010742
0 0.748291 0.467285 0.006348 0.006836
0 0.563721 0.453857 0.007324 0.009277
0 0.713379 0.418213 0.010742 0.015137
0 0.648682 0.405762 0.008301 0.010742
0 0.961914 0.355957 0.028320 0.030273
0 0.666992 0.302979 0.007812 0.009277
0 0.879395 0.293945 0.011719 0.016602
0 0.903076 0.261719 0.016113 0.022461
0 0.693848 0.240479 0.017578 0.015137
0 0.817871 0.168701 0.018555 0.019043