0 0.623047 0.924072 0.036133 0.024902
0 0.347168 0.860596 0.016602 0.009277
0 0.325439 0.784180 0.043457 0.053711
0 0.073486 0.713379 0.032715 0.039062
0 0.119629 0.704834 0.018555 0.025879
0 0.723389 0.670654 0.009277 0.010254
0 0.184082 0.681152 0.036133 0.040039
0 0.356201 0.635254 0.011230 0.011719
0 0.215576 0.618652 0.031738 0.035156
0 0.031738 0.628174 0.041992 0.056152
0 0.252930 0.558105 0.005859 0.008789
0 0.297852 0.545410 0.023438 0.021484
0 0.073242 0.538086 0.019531 0.027344
0 0.165527 0.530518 0.027344 0.038574
0 0.191895 0.516357 0.009766 0.017090
0 0.218994 0.499023 0.014160 0.013672
0 0.310547 0.496094 0.024414 0.022461
0 0.247314 0.463623 0.012207 0.018066
0 0.373047 0.452881 0.006836 0.007324
0 0.607910 0.449219 0.004883 0.004883
0 0.342773 0.445801 0.010742 0.012695
0 0.683350 0.440674 0.013184 0.012207
0 0.666016 0.428711 0.014648 0.012695
0 0.149902 0.433105 0.029297 0.040039
0 0.307373 0.419434 0.008301 0.013672
0 0.038574 0.417969 0.014648 0.019531
0 0.266113 0.415771 0.016602 0.019043
0 0.734131 0.401123 0.010254 0.013184
0 0.835938 0.398193 0.010742 0.019043
0 0.061279 0.397949 0.025879 0.041992
0 0.347900 0.370850 0.010254 0.010254
0 0.213379 0.376953 0.021484 0.029297
0 0.156982 0.359131 0.022949 0.024902
0 0.268066 0.351562 0.013672 0.015625
0 0.314697 0.338135 0.009277 0.010254
0 0.118652 0.345459 0.024414 0.038574
0 0.205811 0.323486 0.016113 0.023926
0 0.281006 0.306641 0.010254 0.010742
0 0.072266 0.315674 0.048828 0.034668
0 0.240967 0.283691 0.014160 0.013672
0 0.158203 0.297363 0.043945 0.064453
0 0.203369 0.267578 0.031738 0.035156
0 0.110107 0.258301 0.023926 0.026367
0 0.202393 0.257812 0.016113 0.019531