0 0.345703 0.881592 0.015625 0.010254
0 0.298096 0.794434 0.027832 0.044922
0 0.066162 0.745117 0.008301 0.011719
0 0.104736 0.728027 0.018066 0.026367
0 0.164307 0.706299 0.032715 0.033691
0 0.612061 0.691895 0.009277 0.008789
0 0.699707 0.689453 0.015625 0.017578
0 0.030518 0.664795 0.010254 0.019043
0 0.337158 0.656982 0.008301 0.011230
0 0.195557 0.644531 0.028809 0.029297
0 0.047852 0.579590 0.028320 0.023438
0 0.278809 0.567383 0.022461 0.022461
0 0.140625 0.557373 0.025391 0.039551
0 0.692383 0.525391 0.007812 0.009766
0 0.291016 0.513428 0.020508 0.024902
0 0.898438 0.496338 0.007812 0.013184
0 0.224121 0.493164 0.012695 0.020508
0 0.177246 0.482666 0.007812 0.013184
0 0.663086 0.466797 0.012695 0.014648
0 0.649658 0.455811 0.005371 0.006348
0 0.125977 0.461182 0.028320 0.048340
0 0.018311 0.450439 0.013184 0.029785
0 0.173828 0.443848 0.009766 0.020508
0 0.242188 0.439209 0.014648 0.024902
0 0.849121 0.438721 0.012695 0.024902
0 0.718018 0.429932 0.006348 0.008301
0 0.817871 0.429199 0.008789 0.016602
0 0.359131 0.416748 0.006348 0.006348
0 0.039551 0.438232 0.024414 0.063965
0 0.597412 0.404541 0.007324 0.008301
0 0.194580 0.394531 0.020996 0.025391
0 0.984863 0.389648 0.012695 0.040039
0 0.134277 0.383789 0.016602 0.029297
0 0.090332 0.379639 0.023438 0.033691
0 0.225342 0.369873 0.012207 0.017090
0 0.177979 0.354248 0.012207 0.017090
0 0.233643 0.348145 0.012207 0.014648
0 0.059082 0.347656 0.025391 0.048828
0 0.124023 0.340332 0.027344 0.037109
0 0.134033 0.313477 0.019043 0.027344
0 0.182129 0.305176 0.010742 0.014648
0 0.078125 0.292236 0.022461 0.028809