0 0.198486 0.855469 0.029785 0.047852
0 0.602051 0.771240 0.014648 0.010254
0 0.516113 0.767334 0.014648 0.007324
0 0.246826 0.724121 0.010254 0.009766
0 0.089111 0.679199 0.027832 0.040039
0 0.800781 0.652588 0.013672 0.020020
0 0.134033 0.628418 0.017090 0.026367
0 0.180176 0.610352 0.019531 0.034180
0 0.393799 0.598145 0.008301 0.010742
0 0.472656 0.574463 0.005859 0.005371
0 0.740723 0.571533 0.006836 0.011230
0 0.928467 0.548340 0.014160 0.036133
0 0.901855 0.527100 0.004883 0.004395
0 0.633057 0.515381 0.007324 0.010254
0 0.972412 0.483154 0.006348 0.017090
0 0.699951 0.465820 0.014160 0.015625
0 0.642578 0.451660 0.006836 0.006836
0 0.956055 0.439453 0.024414 0.036133
0 0.980469 0.399902 0.021484 0.057617
0 0.882568 0.364014 0.012207 0.023926
0 0.912354 0.336182 0.014160 0.020996
0 0.888184 0.284424 0.011719 0.016113