0 0.457275 0.948730 0.057129 0.015625
0 0.401611 0.922607 0.045410 0.019043
0 0.323975 0.827881 0.030762 0.019043
0 0.239990 0.752197 0.015137 0.014160
0 0.243896 0.667969 0.051270 0.058594
0 0.629395 0.571533 0.013672 0.012207
0 0.089355 0.577148 0.028320 0.050781
0 0.263672 0.532471 0.009766 0.014160
0 0.509766 0.350342 0.012695 0.010254
0 0.476074 0.347900 0.014648 0.012207
0 0.409668 0.344971 0.012695 0.010254
0 0.579346 0.337646 0.035645 0.023926
0 0.640381 0.305176 0.012207 0.010742
0 0.742432 0.303711 0.014160 0.013672
0 0.516602 0.283447 0.013672 0.008301
0 0.548584 0.260010 0.009277 0.006348
0 0.646484 0.243652 0.005859 0.005859
0 0.562988 0.239502 0.008789 0.006348
0 0.868652 0.235840 0.011719 0.012695
0 0.650146 0.109619 0.017090 0.010254
0 0.708984 0.075684 0.016602 0.011719
0 0.456055 0.345215 0.008789 0.005859
0 0.026123 0.590820 0.020996 0.041016