0 0.338867 0.915527 0.007812 0.006836
0 0.279297 0.782715 0.014648 0.012695
0 0.634277 0.574463 0.010742 0.013184
0 0.395508 0.381104 0.009766 0.009277
0 0.373047 0.368164 0.006836 0.006836
0 0.511719 0.359131 0.010742 0.008301
0 0.415039 0.353027 0.007812 0.006836
0 0.580566 0.345215 0.033203 0.022461
0 0.640869 0.311768 0.013184 0.011230
0 0.740967 0.308105 0.013184 0.014648
0 0.548828 0.268066 0.013672 0.007812
0 0.640625 0.247314 0.012695 0.009277
0 0.824707 0.221436 0.013672 0.015137
0 0.779541 0.142578 0.032715 0.025391
0 0.502197 0.312012 0.012207 0.009766