0 0.577881 0.645020 0.005371 0.006836
0 0.661377 0.642090 0.006348 0.006836
0 0.244141 0.472412 0.008789 0.014160
0 0.183350 0.448730 0.013184 0.020508
0 0.625000 0.424316 0.014648 0.011719
0 0.370850 0.419922 0.006348 0.005859
0 0.608154 0.411377 0.011230 0.010254
0 0.015381 0.412109 0.013184 0.024414
0 0.349365 0.399658 0.007324 0.008301
0 0.252930 0.404297 0.011719 0.017578
0 0.083984 0.418213 0.031250 0.051270
0 0.195068 0.402100 0.020020 0.023926
0 0.781494 0.393799 0.008301 0.014160
0 0.680420 0.388672 0.011230 0.013672
0 0.541016 0.377930 0.009766 0.007812
0 0.203613 0.376709 0.010742 0.015137
0 0.240967 0.374756 0.015137 0.019043
0 0.559814 0.360107 0.012207 0.010254
0 0.278809 0.353760 0.008789 0.009277
0 0.146973 0.360596 0.016602 0.030762
0 0.592285 0.338623 0.013672 0.010254
0 0.683594 0.322998 0.009766 0.009277
0 0.048340 0.337646 0.032227 0.039551
0 0.246338 0.323242 0.010254 0.011719
0 0.136230 0.310303 0.016602 0.025879
0 0.209473 0.291504 0.012695 0.015625
0 0.130615 0.285889 0.017090 0.021973
0 0.170898 0.267090 0.013672 0.016602
0 0.088867 0.288086 0.041016 0.069336
0 0.135986 0.256592 0.024902 0.033691
0 0.868896 0.240234 0.014160 0.016602
0 0.766113 0.178467 0.031250 0.026855
0 0.096191 0.510742 0.009766 0.013672
0 0.089111 0.349121 0.020020 0.021484
0 0.132568 0.244873 0.010254 0.012207