0 0.550537 0.987793 0.027832 0.018555
0 0.431641 0.923584 0.022461 0.009277
0 0.458496 0.841309 0.034180 0.015625
0 0.292969 0.759277 0.017578 0.014648
0 0.289795 0.683350 0.039551 0.042480
0 0.033447 0.622803 0.045410 0.050293
0 0.079834 0.605469 0.030762 0.033203
0 0.678467 0.580811 0.012207 0.015137
0 0.140381 0.587158 0.034668 0.044434
0 0.315674 0.541260 0.012207 0.013184
0 0.081055 0.534668 0.016602 0.027344
0 0.173828 0.529785 0.025391 0.028320
0 0.260010 0.454102 0.019043 0.021484
0 0.058838 0.443115 0.006348 0.016113
0 0.122803 0.442139 0.027832 0.034668
0 0.262451 0.402344 0.041504 0.024414
0 0.323730 0.395996 0.012695 0.015625
0 0.203369 0.374512 0.013184 0.019531
0 0.428711 0.359863 0.009766 0.007812
0 0.291748 0.360352 0.009277 0.012695
0 0.323975 0.349121 0.011230 0.011719
0 0.109863 0.343506 0.032227 0.050293
0 0.220215 0.331543 0.026367 0.041992
0 0.302490 0.281250 0.008301 0.007812
0 0.170898 0.290039 0.026367 0.034180
0 0.115479 0.266846 0.025879 0.034668
0 0.268066 0.250977 0.009766 0.008789
0 0.156494 0.236572 0.008301 0.009277
0 0.234375 0.217529 0.010742 0.009277
0 0.101318 0.231445 0.082520 0.098633