0 0.379639 0.952637 0.040527 0.016602
0 0.361084 0.826660 0.018066 0.011719
0 0.316895 0.735107 0.024414 0.046387
0 0.062744 0.688965 0.030762 0.041992
0 0.115967 0.669189 0.017090 0.038574
0 0.178467 0.648193 0.032715 0.038574
0 0.628906 0.629883 0.005859 0.006836
0 0.351562 0.598145 0.007812 0.010742
0 0.208252 0.588379 0.026855 0.027344
0 0.029785 0.602295 0.038086 0.056152
0 0.292725 0.507080 0.021973 0.022949
0 0.153564 0.502930 0.026855 0.035156
0 0.305176 0.453857 0.022461 0.026855
0 0.235107 0.436768 0.015137 0.019043
0 0.459961 0.413574 0.007812 0.007812
0 0.279297 0.410645 0.008789 0.012695
0 0.134766 0.406494 0.034180 0.042480
0 0.401611 0.384277 0.008301 0.007812
0 0.583252 0.381592 0.011230 0.010254
0 0.179688 0.383545 0.011719 0.017090
0 0.589844 0.360596 0.007812 0.008301
0 0.257568 0.376221 0.025879 0.043457
0 0.369629 0.358398 0.010742 0.008789
0 0.609375 0.341309 0.010742 0.007812
0 0.331787 0.336182 0.012207 0.014160
0 0.250000 0.325684 0.010742 0.013672
0 0.641846 0.319092 0.012207 0.011230
0 0.143799 0.328857 0.022949 0.034668
0 0.210693 0.333740 0.033691 0.049316
0 0.297852 0.307617 0.008789 0.010742
0 0.185059 0.300537 0.012695 0.014160
0 0.217285 0.258301 0.022461 0.025391
0 0.187500 0.252197 0.012695 0.016113
0 0.121338 0.292236 0.073730 0.102051
0 0.075195 0.273438 0.041992 0.083984