0 0.376221 0.928955 0.019043 0.009277
0 0.348389 0.803711 0.016113 0.011719
0 0.302246 0.716553 0.023438 0.048340
0 0.051514 0.667236 0.036621 0.037598
0 0.099121 0.645020 0.022461 0.041016
0 0.164551 0.626465 0.036133 0.038086
0 0.614990 0.599609 0.008301 0.008789
0 0.335205 0.573242 0.006348 0.008789
0 0.015381 0.588623 0.021973 0.063965
0 0.191650 0.562744 0.029785 0.036621
0 0.030029 0.477539 0.005371 0.005859
0 0.274658 0.482666 0.018066 0.020996
0 0.134033 0.482178 0.031738 0.031738
0 0.283691 0.432617 0.021484 0.023438
0 0.218262 0.413574 0.006836 0.007812
0 0.442383 0.386230 0.010742 0.006836
0 0.304199 0.388428 0.011719 0.013184
0 0.120605 0.385010 0.025391 0.041504
0 0.158936 0.355225 0.013184 0.020020
0 0.232666 0.357910 0.023926 0.028320
0 0.312988 0.312256 0.010742 0.010254
0 0.238281 0.306885 0.013672 0.014160
0 0.187012 0.311768 0.023438 0.031738
0 0.125000 0.306152 0.028320 0.030273
0 0.280762 0.281006 0.007812 0.006348
0 0.082764 0.298828 0.037598 0.043945
0 0.165283 0.275879 0.017090 0.023438
0 0.058350 0.271973 0.026855 0.050781
0 0.192627 0.235107 0.027832 0.022949
0 0.120361 0.235352 0.033691 0.030273
0 0.171875 0.218506 0.027344 0.039551