0 0.183838 0.856689 0.033691 0.050293
0 0.505127 0.778809 0.015137 0.008789
0 0.235596 0.725342 0.011230 0.011230
0 0.094971 0.704346 0.032715 0.039551
0 0.792236 0.675293 0.012207 0.015625
0 0.186523 0.634521 0.013672 0.023926
0 0.387451 0.605469 0.009277 0.008789
0 0.747803 0.579590 0.008301 0.011719
0 0.925049 0.578613 0.017090 0.036133
0 0.898193 0.544922 0.007324 0.012695
0 0.730469 0.538818 0.006836 0.012207
0 0.629150 0.530273 0.007324 0.007812
0 0.957764 0.500244 0.007324 0.016113
0 0.690674 0.477051 0.015137 0.015625
0 0.640137 0.465088 0.008789 0.011230
0 0.954834 0.460449 0.024902 0.039062
0 0.979736 0.418945 0.021973 0.044922
0 0.884277 0.387451 0.009766 0.016113
0 0.914795 0.357422 0.014160 0.023438
0 0.890381 0.301758 0.012207 0.016602