0 0.647461 0.632568 0.009766 0.009277
0 0.614014 0.406494 0.009277 0.009277
0 0.357910 0.406982 0.009766 0.010254
0 0.499756 0.392822 0.009277 0.006348
0 0.593262 0.392334 0.011719 0.009277
0 0.234375 0.390869 0.012695 0.017090
0 0.664795 0.368164 0.010254 0.010742
0 0.765137 0.367432 0.009766 0.014160
0 0.179688 0.365479 0.009766 0.014160
0 0.931885 0.356445 0.010254 0.018555
0 0.207764 0.350098 0.015137 0.018555
0 0.264404 0.344971 0.008301 0.009277
0 0.543213 0.343994 0.014160 0.010254
0 0.131348 0.349121 0.024414 0.033203
0 0.079102 0.338379 0.016602 0.027344
0 0.666504 0.303711 0.007812 0.007812
0 0.121094 0.309570 0.016602 0.026367
0 0.590332 0.300049 0.008789 0.007324
0 0.195312 0.282471 0.009766 0.012207
0 0.153076 0.260010 0.014160 0.018066
0 0.100342 0.264648 0.020996 0.030273
0 0.072266 0.279785 0.042969 0.077148
0 0.120850 0.252441 0.025879 0.036133
0 0.114258 0.238770 0.011719 0.013672
0 0.754883 0.163818 0.030273 0.022949
0 0.393066 0.417480 0.010742 0.009766