0 0.535156 0.799805 0.025391 0.010742
0 0.504639 0.745850 0.020996 0.010254
0 0.634521 0.692383 0.014160 0.014648
0 0.551025 0.689209 0.009277 0.007324
0 0.096680 0.678223 0.051758 0.086914
0 0.274902 0.640625 0.012695 0.016602
0 0.133057 0.621826 0.028809 0.030762
0 0.217285 0.557129 0.024414 0.040039
0 0.369873 0.524170 0.008301 0.009277
0 0.088135 0.530273 0.023926 0.051758
0 0.235107 0.498779 0.020996 0.026855
0 0.447510 0.476562 0.006348 0.005859
0 0.610596 0.468506 0.007324 0.007324
0 0.166748 0.471436 0.013184 0.019043
0 0.513428 0.459473 0.006348 0.005859
0 0.357910 0.449951 0.006836 0.007324
0 0.933350 0.435547 0.006348 0.005859
0 0.764893 0.435791 0.008301 0.015137
0 0.664551 0.432129 0.010742 0.012695
0 0.073730 0.436035 0.026367 0.041992
0 0.189453 0.418701 0.018555 0.024902
0 0.545166 0.401611 0.007324 0.006348
0 0.134277 0.379883 0.020508 0.031250
0 0.669678 0.365234 0.006348 0.005859
0 0.640381 0.363281 0.013184 0.011719
0 0.602539 0.360596 0.011719 0.010254
0 0.084717 0.361328 0.015137 0.029297
0 0.041260 0.359131 0.022949 0.023926
0 0.619141 0.320068 0.006836 0.006348
0 0.070312 0.322510 0.011719 0.012207
0 0.910645 0.278076 0.011719 0.015137
0 0.696045 0.213867 0.014160 0.011719
0 0.694092 0.189697 0.014160 0.011230
0 0.762695 0.165527 0.020508 0.017578
0 0.593750 0.360107 0.006836 0.006348