0 0.209473 0.839600 0.026367 0.045410
0 0.529053 0.753418 0.019043 0.009766
0 0.077148 0.743896 0.034180 0.048340
0 0.254883 0.706787 0.011719 0.013184
0 0.112305 0.687500 0.032227 0.041992
0 0.153564 0.636475 0.014160 0.022949
0 0.817871 0.617920 0.010742 0.016113
0 0.201172 0.614258 0.020508 0.026367
0 0.064209 0.597412 0.024902 0.044434
0 0.735107 0.562988 0.004395 0.005859
0 0.215576 0.561279 0.022949 0.032715
0 0.937744 0.512451 0.012207 0.028809
0 0.748047 0.501465 0.006836 0.013672
0 0.646484 0.496826 0.006836 0.010254
0 0.915527 0.497803 0.006836 0.016113
0 0.725830 0.457031 0.016113 0.019531
0 0.966797 0.408936 0.020508 0.034668
0 0.979248 0.368164 0.007324 0.011719
0 0.893799 0.340820 0.010254 0.017578
0 0.919922 0.309326 0.014648 0.023926
0 0.893066 0.257324 0.008789 0.011719