0 0.481201 0.960449 0.027832 0.015625
0 0.423096 0.940430 0.055176 0.015625
0 0.617920 0.782227 0.021973 0.014648
0 0.634766 0.584717 0.011719 0.013184
0 0.380859 0.386719 0.007812 0.007812
0 0.512451 0.366699 0.008301 0.005859
0 0.413086 0.363037 0.009766 0.007324
0 0.588135 0.358154 0.018066 0.012207
0 0.571045 0.348145 0.018066 0.012695
0 0.504883 0.343018 0.016602 0.012207
0 0.499023 0.319580 0.009766 0.008301
0 0.640625 0.318848 0.012695 0.010742
0 0.740967 0.314209 0.009277 0.009277
0 0.909912 0.302979 0.006348 0.005371
0 0.517822 0.299072 0.014160 0.009277
0 0.548096 0.275146 0.012207 0.008301
0 0.638916 0.254150 0.009277 0.007324
0 0.583740 0.215088 0.010254 0.006348
0 0.372803 0.379395 0.012207 0.011719