0 0.281982 0.775391 0.034668 0.043945
0 0.076660 0.696289 0.016602 0.027344
0 0.592529 0.677979 0.014160 0.008301
0 0.677979 0.677979 0.011230 0.011230
0 0.140625 0.679199 0.034180 0.042969
0 0.313721 0.634766 0.010254 0.012695
0 0.171875 0.616943 0.029297 0.034668
0 0.214600 0.554443 0.013184 0.019043
0 0.258789 0.543457 0.021484 0.026367
0 0.034912 0.532715 0.017090 0.022461
0 0.187012 0.519287 0.010742 0.014160
0 0.122070 0.528320 0.028320 0.041016
0 0.271973 0.495605 0.023438 0.024414
0 0.180908 0.491699 0.011230 0.022461
0 0.207275 0.465820 0.012207 0.022461
0 0.645264 0.451172 0.014160 0.013672
0 0.629639 0.439453 0.015137 0.014648
0 0.289062 0.435059 0.012695 0.014648
0 0.109375 0.432617 0.029297 0.044922
0 0.800049 0.415771 0.008301 0.014160
0 0.222168 0.417969 0.016602 0.021484
0 0.699951 0.413574 0.009277 0.014648
0 0.251953 0.406982 0.007812 0.012207
0 0.966797 0.405518 0.006836 0.010254
0 0.343018 0.397217 0.007324 0.007324
0 0.582275 0.390137 0.011230 0.013672
0 0.021240 0.399170 0.029785 0.053223
0 0.170898 0.378418 0.019531 0.028320
0 0.610840 0.364746 0.008789 0.008789
0 0.077148 0.354736 0.020508 0.028809
0 0.165039 0.327881 0.013672 0.023926
0 0.191162 0.322510 0.017090 0.023926
0 0.045898 0.323730 0.023438 0.041992
0 0.106934 0.317871 0.021484 0.033203
0 0.158936 0.280029 0.014160 0.019043
0 0.124756 0.284668 0.023926 0.033203
0 0.068604 0.262451 0.018066 0.028809
0 0.888916 0.239258 0.014160 0.017578
0 0.760254 0.185059 0.029297 0.025391
0 0.039551 0.427734 0.017578 0.027344
0 0.296631 0.422607 0.013184 0.016113