0 0.306885 0.894043 0.023926 0.014648
0 0.261963 0.757324 0.017090 0.015625
0 0.229004 0.667969 0.031250 0.045898
0 0.030518 0.583740 0.028809 0.037598
0 0.630127 0.571533 0.013184 0.013184
0 0.093262 0.579346 0.033203 0.058105
0 0.266602 0.528320 0.010742 0.011719
0 0.025146 0.515137 0.021973 0.029297
0 0.122559 0.510742 0.031250 0.041016
0 0.942871 0.490723 0.007812 0.010742
0 0.518311 0.348633 0.010254 0.007812
0 0.595703 0.343994 0.017578 0.011230
0 0.422119 0.338379 0.012207 0.009766
0 0.466309 0.330078 0.007812 0.006836
0 0.578857 0.332520 0.018066 0.012695
0 0.750244 0.308594 0.007324 0.005859
0 0.649902 0.307373 0.012695 0.011230
0 0.510986 0.299561 0.010254 0.007324
0 0.560059 0.259277 0.014648 0.007812
0 0.652588 0.243408 0.010254 0.008301
0 0.839111 0.242676 0.013184 0.014648
0 0.810303 0.155518 0.027832 0.023926
0 0.466553 0.340576 0.011230 0.007324