0 0.234619 0.821289 0.028809 0.045898
0 0.552490 0.735352 0.013184 0.008789
0 0.640137 0.736084 0.013672 0.012207
0 0.104492 0.724854 0.034180 0.047363
0 0.280273 0.684814 0.003906 0.004395
0 0.138672 0.667969 0.026367 0.034180
0 0.227295 0.595459 0.020020 0.021973
0 0.843018 0.585449 0.011230 0.022461
0 0.089844 0.582764 0.024414 0.035645
0 0.720947 0.560303 0.008301 0.012207
0 0.068848 0.549561 0.005859 0.011230
0 0.242676 0.542236 0.021484 0.025879
0 0.174316 0.516113 0.013672 0.025391
0 0.087158 0.494385 0.005371 0.005371
0 0.771729 0.482178 0.006348 0.008301
0 0.672607 0.477051 0.010254 0.012695
0 0.959229 0.478516 0.014160 0.039062
0 0.769531 0.454346 0.020508 0.024902
0 0.985352 0.387451 0.006836 0.019043
0 0.918701 0.323486 0.009277 0.016113
0 0.949707 0.297852 0.022461 0.041992
0 0.918457 0.240234 0.011719 0.015625