0 0.546631 0.981934 0.035645 0.018555
0 0.443848 0.922119 0.005859 0.006348
0 0.453369 0.837402 0.026855 0.030273
0 0.760010 0.825439 0.023926 0.020020
0 0.291016 0.756104 0.015625 0.012207
0 0.287354 0.677734 0.038574 0.040039
0 0.032471 0.623779 0.041504 0.042480
0 0.074951 0.602539 0.033691 0.032227
0 0.140869 0.588867 0.035645 0.038086
0 0.673584 0.576660 0.016113 0.015625
0 0.314209 0.541504 0.012207 0.013672
0 0.079102 0.535645 0.018555 0.027344
0 0.171631 0.531738 0.028809 0.033203
0 0.255615 0.455811 0.017090 0.020996
0 0.052734 0.448486 0.007812 0.020020
0 0.115234 0.443604 0.038086 0.037598
0 0.321289 0.396240 0.013672 0.017090
0 0.256836 0.402344 0.043945 0.029297
0 0.195801 0.375977 0.016602 0.020508
0 0.435059 0.365723 0.009766 0.007812
0 0.286133 0.362549 0.011719 0.014160
0 0.424316 0.357910 0.009766 0.007812
0 0.323730 0.350098 0.010742 0.009766
0 0.103516 0.349365 0.030273 0.036621
0 0.217285 0.324707 0.020508 0.026367
0 0.297607 0.280762 0.011230 0.010742
0 0.164795 0.289795 0.026855 0.031738
0 0.111328 0.268311 0.030273 0.039551
0 0.151855 0.238281 0.007812 0.009766
0 0.227051 0.219482 0.009766 0.011230
0 0.095947 0.234863 0.081543 0.099609
0 0.336182 0.303711 0.011230 0.011719