0 0.361084 0.950195 0.042480 0.018555
0 0.352539 0.825684 0.018555 0.010742
0 0.321533 0.735596 0.024902 0.030762
0 0.071289 0.697998 0.039062 0.045410
0 0.121338 0.677246 0.017090 0.029297
0 0.184326 0.657715 0.032715 0.031250
0 0.356445 0.603271 0.011719 0.011230
0 0.033936 0.609863 0.038574 0.048828
0 0.212646 0.591309 0.025879 0.029297
0 0.296143 0.512451 0.020020 0.020020
0 0.158203 0.508057 0.026367 0.035645
0 0.308838 0.460205 0.021973 0.023926
0 0.239502 0.440430 0.014160 0.018555
0 0.464844 0.417236 0.006836 0.006348
0 0.273926 0.416992 0.006836 0.009766
0 0.605469 0.414307 0.009766 0.009277
0 0.587646 0.388184 0.013184 0.010742
0 0.140869 0.406494 0.025879 0.051270
0 0.183350 0.387695 0.012207 0.019531
0 0.255615 0.386719 0.016113 0.023438
0 0.615479 0.346436 0.008301 0.007324
0 0.334229 0.341064 0.008301 0.009277
0 0.252441 0.328125 0.010742 0.013672
0 0.146484 0.334473 0.022461 0.029297
0 0.214111 0.334961 0.034668 0.046875
0 0.105469 0.330078 0.026367 0.040039
0 0.739258 0.309570 0.010742 0.012695
0 0.187256 0.306152 0.017090 0.025391
0 0.265625 0.280762 0.007812 0.008789
0 0.079590 0.292725 0.041992 0.054199
0 0.221924 0.264160 0.021973 0.028320
0 0.192871 0.254150 0.014648 0.016113
0 0.140869 0.279297 0.048340 0.071289
0 0.089600 0.251465 0.020996 0.030273
0 0.177002 0.237305 0.010254 0.009766