0 0.466064 0.964111 0.033691 0.016113
0 0.426514 0.941895 0.045410 0.017578
0 0.603271 0.785156 0.024902 0.015625
0 0.633545 0.593262 0.009277 0.011719
0 0.520020 0.373291 0.009766 0.007324
0 0.466553 0.365234 0.008301 0.006836
0 0.595459 0.367188 0.015137 0.011719
0 0.421387 0.364502 0.008789 0.007324
0 0.577393 0.354980 0.013184 0.008789
0 0.522461 0.341797 0.015625 0.012695
0 0.750244 0.330566 0.012207 0.014648
0 0.510498 0.323975 0.010254 0.007324
0 0.561279 0.283447 0.013184 0.009277
0 0.651611 0.265625 0.010254 0.008789
0 0.575195 0.262207 0.012695 0.008789
0 0.703613 0.045654 0.031250 0.017090
0 0.379395 0.377686 0.011719 0.010254