0 0.440918 0.954346 0.008789 0.006348
0 0.528809 0.877197 0.036133 0.017090
0 0.321045 0.796143 0.019043 0.015137
0 0.317139 0.718750 0.026855 0.030273
0 0.058105 0.676514 0.045898 0.035645
0 0.105469 0.651611 0.018555 0.035645
0 0.170654 0.632812 0.030762 0.039062
0 0.620117 0.613037 0.009766 0.008301
0 0.342773 0.582520 0.009766 0.011719
0 0.019531 0.590576 0.029297 0.057129
0 0.199463 0.573486 0.030762 0.029785
0 0.279541 0.495850 0.023926 0.020020
0 0.117188 0.480957 0.005859 0.019531
0 0.146240 0.485596 0.027832 0.029785
0 0.282715 0.445557 0.041016 0.023926
0 0.426025 0.429199 0.009277 0.006836
0 0.340332 0.422363 0.011719 0.012695
0 0.228027 0.417480 0.014648 0.023438
0 0.304443 0.383789 0.010254 0.011719
0 0.127930 0.390625 0.033203 0.039062
0 0.393066 0.366943 0.007812 0.006348
0 0.307373 0.353516 0.014160 0.015625
0 0.247559 0.360596 0.027344 0.038574
0 0.040039 0.360596 0.037109 0.045410
0 0.189941 0.333740 0.021484 0.025879
0 0.130859 0.315918 0.022461 0.027344
0 0.090332 0.311035 0.028320 0.032227
0 0.062012 0.285400 0.019531 0.023926
0 0.176758 0.280029 0.016602 0.020020
0 0.211426 0.238525 0.011719 0.011230
0 0.130127 0.259766 0.041504 0.062500
0 0.158203 0.236084 0.014648 0.016113
0 0.171143 0.217773 0.010254 0.009766