0 0.504639 0.942627 0.032715 0.016113
0 0.412598 0.903320 0.040039 0.018555
0 0.683105 0.789062 0.025391 0.019531
0 0.251953 0.728271 0.017578 0.019043
0 0.256348 0.647705 0.057617 0.069824
0 0.010498 0.591309 0.006348 0.023438
0 0.645996 0.547363 0.010742 0.013672
0 0.099121 0.557617 0.033203 0.097656
0 0.279541 0.507324 0.007324 0.011719
0 0.034424 0.493896 0.006348 0.011230
0 0.137695 0.492920 0.026367 0.030762
0 0.939697 0.426514 0.009277 0.018066
0 0.225586 0.417969 0.021484 0.022461
0 0.091797 0.405029 0.027344 0.047363
0 0.307861 0.371338 0.020996 0.012207
0 0.234863 0.364746 0.039062 0.026367
0 0.520020 0.328613 0.010742 0.007812
0 0.586670 0.312988 0.032715 0.021484
0 0.081299 0.301758 0.037598 0.042969
0 0.242188 0.282959 0.011719 0.012207
0 0.645996 0.279541 0.013672 0.010254
0 0.749512 0.273926 0.014648 0.015625
0 0.524658 0.261230 0.014160 0.009766
0 0.206299 0.254639 0.010254 0.012207
0 0.553955 0.238037 0.017090 0.009277
0 0.167480 0.226807 0.011719 0.014160
0 0.088135 0.230469 0.020996 0.022461
0 0.646973 0.214600 0.011719 0.009277
0 0.126221 0.208496 0.007324 0.008789
0 0.789795 0.192627 0.018066 0.019043
0 0.769531 0.121094 0.018555 0.015625
0 0.689453 0.073730 0.017578 0.012695
0 0.667725 0.053223 0.028809 0.015625
0 0.039795 0.560059 0.015137 0.043945