0 0.531006 0.801025 0.023926 0.012207
0 0.504883 0.746338 0.023438 0.011230
0 0.553955 0.694824 0.008301 0.005859
0 0.638428 0.697021 0.016113 0.015137
0 0.090332 0.672363 0.039062 0.060547
0 0.273193 0.644043 0.012207 0.014648
0 0.133301 0.627441 0.033203 0.064453
0 0.215576 0.558594 0.023926 0.034180
0 0.372314 0.528809 0.009277 0.008789
0 0.086182 0.538818 0.021973 0.038574
0 0.233154 0.504150 0.020020 0.022949
0 0.166992 0.478027 0.012695 0.018555
0 0.392090 0.470703 0.006836 0.005859
0 0.516602 0.462158 0.006836 0.006348
0 0.763672 0.438477 0.008789 0.012695
0 0.663574 0.436279 0.007812 0.010254
0 0.072998 0.438965 0.025879 0.043945
0 0.188477 0.425293 0.018555 0.026367
0 0.575684 0.385010 0.008789 0.007324
0 0.133545 0.387207 0.020996 0.031250
0 0.669434 0.370117 0.009766 0.010742
0 0.595215 0.367676 0.009766 0.010742
0 0.645996 0.364258 0.011719 0.011719
0 0.041016 0.365723 0.021484 0.025391
0 0.084473 0.367188 0.016602 0.030273
0 0.972656 0.342285 0.007812 0.015625
0 0.906006 0.277100 0.014160 0.020020
0 0.690918 0.222168 0.015625 0.011719
0 0.695312 0.196045 0.017578 0.014160
0 0.755859 0.170654 0.018555 0.016113