0 0.185791 0.859619 0.038574 0.051270
0 0.594482 0.786133 0.011230 0.007812
0 0.507080 0.781006 0.013184 0.008301
0 0.237061 0.729248 0.011230 0.010254
0 0.095459 0.708252 0.032715 0.038574
0 0.793701 0.676758 0.011230 0.016602
0 0.387451 0.607422 0.011230 0.009766
0 0.467773 0.591309 0.005859 0.004883
0 0.750488 0.577148 0.008789 0.012695
0 0.925293 0.577637 0.013672 0.028320
0 0.898682 0.541504 0.007324 0.011719
0 0.730469 0.538330 0.007812 0.011230
0 0.629395 0.531006 0.006836 0.006348
0 0.955322 0.494629 0.009277 0.024414
0 0.687012 0.475098 0.014648 0.018555
0 0.953857 0.455811 0.025879 0.036621
0 0.978271 0.417236 0.021973 0.049316
0 0.882080 0.383301 0.011230 0.019531
0 0.911865 0.354980 0.014160 0.024414
0 0.887939 0.297363 0.011230 0.015625