0 0.551514 0.614014 0.009277 0.008301
0 0.636230 0.613037 0.013672 0.014160
0 0.394775 0.404053 0.010254 0.009277
0 0.603027 0.386719 0.011719 0.008789
0 0.427246 0.381592 0.007812 0.006348
0 0.584961 0.374512 0.015625 0.012695
0 0.756836 0.350098 0.009766 0.010742
0 0.656006 0.348877 0.012207 0.012207
0 0.296143 0.343506 0.010254 0.010254
0 0.924316 0.342285 0.007812 0.009766
0 0.516357 0.342529 0.013184 0.010254
0 0.257568 0.320068 0.012207 0.013184
0 0.566895 0.301270 0.011719 0.008789
0 0.223633 0.289062 0.010742 0.010742
0 0.658203 0.283691 0.010742 0.008789
0 0.188232 0.257812 0.008301 0.008789
0 0.111816 0.232422 0.006836 0.005859
0 0.148193 0.233643 0.013184 0.013184
0 0.843506 0.230713 0.016113 0.018066
0 0.109375 0.211914 0.010742 0.012695
0 0.769043 0.159668 0.028320 0.024414