0 0.530518 0.874023 0.033691 0.015625
0 0.322998 0.795654 0.021973 0.016113
0 0.315186 0.718994 0.039551 0.048340
0 0.048340 0.663330 0.030273 0.035645
0 0.101074 0.645264 0.016602 0.042480
0 0.164062 0.626709 0.034180 0.039551
0 0.619629 0.608154 0.008789 0.010254
0 0.339844 0.575928 0.006836 0.009277
0 0.017578 0.585205 0.026367 0.063965
0 0.197021 0.563965 0.030762 0.032227
0 0.278320 0.490479 0.022461 0.021973
0 0.109863 0.478760 0.009766 0.017090
0 0.140381 0.479980 0.021973 0.026367
0 0.281006 0.438965 0.042480 0.023438
0 0.339355 0.418457 0.013672 0.014648
0 0.225342 0.413086 0.013184 0.020508
0 0.304443 0.381104 0.010254 0.013184
0 0.124756 0.383301 0.034668 0.038086
0 0.242676 0.360596 0.020508 0.026855
0 0.312012 0.352783 0.017578 0.020020
0 0.041992 0.354492 0.033203 0.041992
0 0.189209 0.327881 0.025879 0.028809
0 0.322021 0.316162 0.009277 0.008301
0 0.288330 0.285400 0.008301 0.007324
0 0.125732 0.303223 0.030762 0.042969
0 0.062012 0.277588 0.022461 0.032715
0 0.177246 0.272217 0.019531 0.024902
0 0.119141 0.268311 0.092773 0.106934
0 0.169189 0.213135 0.006348 0.009277
0 0.156250 0.230957 0.019531 0.023438