0 0.316895 0.862549 0.016602 0.011230
0 0.306885 0.774170 0.030762 0.040527
0 0.099609 0.701172 0.018555 0.025391
0 0.052490 0.709473 0.030762 0.044922
0 0.697266 0.685059 0.013672 0.012695
0 0.160400 0.680908 0.034668 0.043457
0 0.335205 0.640381 0.008301 0.010254
0 0.021729 0.637207 0.011230 0.025391
0 0.192383 0.622070 0.031250 0.030273
0 0.057861 0.563477 0.012207 0.017578
0 0.280029 0.555908 0.015137 0.011230
0 0.146973 0.553467 0.024414 0.039551
0 0.190918 0.540283 0.008789 0.017090
0 0.202148 0.518066 0.012695 0.021484
0 0.291504 0.512695 0.022461 0.021484
0 0.226807 0.483643 0.012207 0.021973
0 0.669678 0.458008 0.008301 0.009766
0 0.315186 0.455811 0.011230 0.015137
0 0.335693 0.453125 0.010254 0.014648
0 0.129150 0.460449 0.027832 0.039062
0 0.016357 0.450928 0.015137 0.020020
0 0.649170 0.444580 0.006348 0.008301
0 0.391602 0.434326 0.006836 0.008301
0 0.240479 0.434814 0.017090 0.024902
0 0.276611 0.429199 0.011230 0.016602
0 0.723389 0.422363 0.007324 0.010742
0 0.359131 0.410889 0.007324 0.008301
0 0.039795 0.429199 0.029785 0.047852
0 0.602783 0.393799 0.010254 0.011230
0 0.188477 0.398682 0.020508 0.034668
0 0.628174 0.380127 0.008301 0.009277
0 0.633545 0.371582 0.008301 0.008789
0 0.092285 0.375488 0.022461 0.034180
0 0.289307 0.358643 0.007324 0.009277
0 0.725586 0.355225 0.005859 0.006348
0 0.223145 0.358887 0.015625 0.021484
0 0.179443 0.349609 0.014160 0.022461
0 0.055176 0.343018 0.035156 0.052246
0 0.212402 0.303467 0.010742 0.014160
0 0.176758 0.293457 0.028320 0.033203
0 0.080078 0.285645 0.020508 0.029297
0 0.777100 0.188477 0.027832 0.026367
0 0.127441 0.323242 0.040039 0.070312
0 0.056152 0.454346 0.011719 0.020020
0 0.672363 0.312012 0.011719 0.011719
0 0.172363 0.281494 0.010742 0.014160