0 0.344482 0.879639 0.016113 0.009277
0 0.297363 0.788574 0.026367 0.047852
0 0.063721 0.740234 0.018066 0.031250
0 0.104736 0.723633 0.018066 0.027344
0 0.612305 0.692383 0.012695 0.010742
0 0.163818 0.700928 0.033691 0.034668
0 0.698975 0.690186 0.015137 0.016113
0 0.337646 0.654541 0.010254 0.011230
0 0.029297 0.657715 0.011719 0.018555
0 0.196777 0.641357 0.027344 0.028809
0 0.047852 0.575195 0.028320 0.021484
0 0.278809 0.564697 0.021484 0.020996
0 0.139893 0.557129 0.031738 0.034180
0 0.691406 0.524902 0.006836 0.011719
0 0.293213 0.512207 0.018066 0.024414
0 0.901123 0.497070 0.006348 0.010742
0 0.225830 0.488037 0.012207 0.025879
0 0.181396 0.477539 0.007324 0.016602
0 0.589844 0.471191 0.006836 0.006836
0 0.665527 0.465820 0.013672 0.012695
0 0.175537 0.441895 0.009277 0.016602
0 0.128418 0.455322 0.028320 0.049316
0 0.854004 0.446289 0.013672 0.033203
0 0.018799 0.444336 0.011230 0.030273
0 0.721191 0.429443 0.007812 0.009277
0 0.244141 0.436768 0.022461 0.025879
0 0.820557 0.430908 0.007324 0.016113
0 0.358398 0.417480 0.006836 0.006836
0 0.039307 0.426270 0.026855 0.045898
0 0.196289 0.389648 0.021484 0.027344
0 0.984619 0.386963 0.011230 0.033691
0 0.137451 0.380371 0.017090 0.030273
0 0.723389 0.365479 0.006348 0.006348
0 0.228027 0.368164 0.010742 0.016602
0 0.095459 0.377197 0.020996 0.037598
0 0.180176 0.351318 0.011719 0.017090
0 0.234863 0.344727 0.009766 0.012695
0 0.063232 0.348877 0.022949 0.039551
0 0.183350 0.303467 0.011230 0.015137
0 0.132080 0.324951 0.037598 0.062012
0 0.081543 0.289795 0.020508 0.028809
0 0.654053 0.458252 0.009277 0.011230