0 0.317383 0.776367 0.014648 0.012695
0 0.280029 0.686279 0.021973 0.040527
0 0.033936 0.629883 0.041504 0.048828
0 0.082031 0.610840 0.025391 0.041992
0 0.592285 0.585205 0.009766 0.009277
0 0.679688 0.585449 0.011719 0.014648
0 0.142334 0.593506 0.027832 0.042480
0 0.317139 0.547363 0.011230 0.012695
0 0.084229 0.539307 0.010254 0.021973
0 0.170166 0.533203 0.031738 0.032227
0 0.260498 0.455566 0.019043 0.025391
0 0.118408 0.450684 0.031738 0.031250
0 0.015869 0.434814 0.008301 0.022949
0 0.406006 0.409912 0.005371 0.006348
0 0.270996 0.408691 0.024414 0.035156
0 0.197754 0.383057 0.012695 0.023926
0 0.429932 0.366455 0.012207 0.008301
0 0.142578 0.332031 0.016602 0.027344
0 0.110107 0.351807 0.030762 0.053223
0 0.219727 0.338623 0.033203 0.055176
0 0.114746 0.292725 0.018555 0.017090
0 0.233398 0.285889 0.016602 0.019043
0 0.176758 0.290039 0.041016 0.066406
0 0.154785 0.248779 0.015625 0.020996
0 0.084229 0.250000 0.024902 0.026367
0 0.230713 0.226318 0.020020 0.015137
0 0.114014 0.211670 0.032715 0.043457
0 0.163330 0.191650 0.025879 0.036621
0 0.147705 0.181885 0.020996 0.023926