0 0.358154 0.902100 0.018066 0.009277
0 0.310059 0.768311 0.016602 0.014160
0 0.272705 0.679932 0.025879 0.042480
0 0.030029 0.630371 0.029785 0.037109
0 0.071777 0.602295 0.027344 0.039551
0 0.671143 0.569092 0.011230 0.017090
0 0.134033 0.582764 0.034668 0.054199
0 0.305176 0.537842 0.011719 0.014160
0 0.069824 0.533203 0.020508 0.026367
0 0.161133 0.528320 0.032227 0.032227
0 0.247314 0.447510 0.020020 0.024902
0 0.106201 0.440186 0.031738 0.044434
0 0.372314 0.401123 0.006348 0.006348
0 0.262939 0.391357 0.029785 0.047363
0 0.426025 0.364014 0.011230 0.007324
0 0.129150 0.319092 0.009277 0.012207
0 0.203613 0.330811 0.024414 0.043457
0 0.099121 0.336182 0.036133 0.072754
0 0.223389 0.280762 0.016113 0.017578
0 0.099609 0.272217 0.026367 0.027832
0 0.164551 0.279785 0.041992 0.062500
0 0.141113 0.242676 0.019531 0.022461
0 0.060303 0.272705 0.048340 0.085449
0 0.108887 0.195312 0.030273 0.036133
0 0.148438 0.186035 0.030273 0.034180
0 0.416748 0.354736 0.013184 0.009277