0 0.229980 0.822754 0.028320 0.044922
0 0.635254 0.739258 0.012695 0.010742
0 0.099365 0.727539 0.032715 0.046875
0 0.277832 0.688721 0.010742 0.012207
0 0.135742 0.671875 0.029297 0.035156
0 0.224121 0.597168 0.018555 0.025391
0 0.839600 0.590332 0.013184 0.019531
0 0.085205 0.585693 0.023926 0.031738
0 0.723389 0.561768 0.007324 0.008301
0 0.062744 0.556885 0.004395 0.009277
0 0.238525 0.545654 0.023926 0.022949
0 0.170898 0.519775 0.013672 0.021973
0 0.768066 0.485352 0.006836 0.012695
0 0.667236 0.481445 0.011230 0.011719
0 0.954346 0.483887 0.014160 0.036133
0 0.762939 0.453369 0.013184 0.020996
0 0.674805 0.414551 0.007812 0.010742
0 0.982910 0.395020 0.016602 0.034180
0 0.913086 0.325195 0.012695 0.020508
0 0.939697 0.289062 0.019043 0.029297
0 0.912109 0.242432 0.012695 0.017090