0 0.597168 0.934082 0.034180 0.026367
0 0.361084 0.874268 0.013184 0.008301
0 0.338135 0.795898 0.040527 0.053711
0 0.080078 0.742188 0.032227 0.038086
0 0.124756 0.724854 0.016113 0.021973
0 0.187744 0.704102 0.038574 0.041992
0 0.707520 0.685791 0.016602 0.015137
0 0.359863 0.649414 0.008789 0.009766
0 0.215820 0.640381 0.030273 0.029785
0 0.035400 0.655762 0.030762 0.064453
0 0.250977 0.576904 0.011719 0.020020
0 0.071045 0.564453 0.017090 0.026367
0 0.295898 0.560791 0.020508 0.020996
0 0.159912 0.555908 0.029785 0.033691
0 0.194092 0.540527 0.009277 0.013672
0 0.213135 0.517334 0.018066 0.023926
0 0.305420 0.513184 0.022949 0.021484
0 0.239502 0.485840 0.012207 0.019531
0 0.359863 0.461914 0.009766 0.013672
0 0.684814 0.456299 0.009277 0.010254
0 0.331299 0.457764 0.010254 0.014160
0 0.065918 0.454346 0.008789 0.018066
0 0.664795 0.441895 0.012207 0.011719
0 0.141357 0.457520 0.028809 0.043945
0 0.253662 0.436279 0.013184 0.018066
0 0.294922 0.431885 0.007812 0.014160
0 0.736816 0.420898 0.007812 0.007812
0 0.837402 0.421387 0.007812 0.014648
0 0.043213 0.433350 0.042480 0.062988
0 0.615479 0.389648 0.006348 0.007812
0 0.200439 0.397461 0.021973 0.029297
0 0.334717 0.383545 0.008301 0.011230
0 0.101562 0.374512 0.031250 0.036133
0 0.247314 0.363525 0.014160 0.017090
0 0.300049 0.354004 0.010254 0.010742
0 0.741211 0.354736 0.010742 0.015137
0 0.191162 0.343994 0.016113 0.022949
0 0.068604 0.346680 0.030762 0.038086
0 0.225342 0.300537 0.010254 0.010254
0 0.148438 0.310791 0.022461 0.044434
0 0.185547 0.292480 0.029297 0.033203
0 0.089355 0.284668 0.024414 0.031250
0 0.655029 0.366455 0.008301 0.009277
0 0.132080 0.337646 0.022949 0.037598
0 0.646973 0.367188 0.008789 0.009766
0 0.182617 0.281738 0.014648 0.019531