0 0.331543 0.890625 0.020508 0.012695
0 0.281738 0.802246 0.028320 0.046875
0 0.088623 0.737305 0.018066 0.029297
0 0.599365 0.701660 0.008301 0.007812
0 0.148926 0.713867 0.035156 0.041992
0 0.686768 0.698975 0.013184 0.013184
0 0.180664 0.654541 0.029297 0.034668
0 0.034424 0.586914 0.031738 0.028320
0 0.263428 0.578369 0.020020 0.020996
0 0.125488 0.566650 0.025391 0.036621
0 0.701416 0.532715 0.008301 0.013672
0 0.276855 0.525391 0.023438 0.027344
0 0.885010 0.518311 0.008301 0.022949
0 0.209229 0.502441 0.012207 0.020508
0 0.649658 0.477295 0.012207 0.012207
0 0.632568 0.463623 0.009277 0.008301
0 0.114014 0.470947 0.023926 0.047363
0 0.159424 0.452881 0.009277 0.023926
0 0.225830 0.450439 0.016113 0.022949
0 0.805176 0.440430 0.006836 0.007812
0 0.004639 0.453613 0.006348 0.034180
0 0.704590 0.439697 0.008789 0.013184
0 0.827148 0.439941 0.013672 0.025391
0 0.023926 0.444092 0.027344 0.080566
0 0.179932 0.405762 0.021973 0.026367
0 0.978760 0.406738 0.017090 0.034180
0 0.614502 0.390381 0.006348 0.006348
0 0.116455 0.394043 0.024902 0.036133
0 0.076172 0.392334 0.023438 0.034668
0 0.710205 0.375244 0.006348 0.006348
0 0.105957 0.356934 0.012695 0.021484
0 0.043457 0.357666 0.022461 0.038574
0 0.943359 0.273438 0.012695 0.021484
0 0.972412 0.432373 0.007324 0.020020