0 0.478027 0.965088 0.032227 0.017090
0 0.436768 0.947754 0.046387 0.014648
0 0.605713 0.781738 0.029785 0.013672
0 0.635742 0.590820 0.012695 0.012695
0 0.519043 0.373291 0.008789 0.006348
0 0.595459 0.367920 0.017090 0.011230
0 0.581787 0.357666 0.010254 0.009277
0 0.523438 0.341553 0.014648 0.008301
0 0.650146 0.331299 0.011230 0.009277
0 0.749268 0.329346 0.009277 0.012207
0 0.510498 0.324707 0.014160 0.009766
0 0.527832 0.306396 0.007812 0.006348
0 0.559326 0.283936 0.007324 0.006348
0 0.651367 0.266113 0.009766 0.007812
0 0.700684 0.046143 0.023438 0.013184
0 0.573486 0.263184 0.012207 0.008789