0 0.526123 0.948242 0.031738 0.016602
0 0.431396 0.903564 0.033691 0.011230
0 0.710693 0.791992 0.020996 0.017578
0 0.272949 0.738281 0.011719 0.012695
0 0.269043 0.663330 0.036133 0.040527
0 0.020264 0.607666 0.023926 0.046387
0 0.054932 0.584961 0.018066 0.039062
0 0.657227 0.548828 0.010742 0.012695
0 0.116943 0.558350 0.027832 0.068848
0 0.291504 0.519531 0.007812 0.012695
0 0.047607 0.515869 0.016113 0.025879
0 0.147705 0.499268 0.030762 0.052246
0 0.961426 0.447266 0.011719 0.020508
0 0.232666 0.433594 0.019043 0.018555
0 0.098389 0.432129 0.026855 0.041016
0 0.969971 0.392822 0.011230 0.032715
0 0.305176 0.380859 0.011719 0.012695
0 0.237549 0.379639 0.038574 0.035645
0 0.327148 0.349365 0.014648 0.018066
0 0.263428 0.338379 0.009277 0.013672
0 0.081543 0.324707 0.033203 0.044922
0 0.199219 0.298096 0.024414 0.029785
0 0.768066 0.283691 0.010742 0.012695
0 0.143555 0.270264 0.021484 0.025879
0 0.275635 0.259766 0.010254 0.011719
0 0.086426 0.249268 0.023438 0.030762
0 0.242188 0.228271 0.011719 0.012207
0 0.131348 0.217285 0.022461 0.025391
0 0.208984 0.194336 0.012695 0.012695
0 0.788574 0.179199 0.017578 0.015625
0 0.403564 0.334229 0.014160 0.011230
0 0.313477 0.281982 0.009766 0.008301