0 0.484375 0.957764 0.032227 0.015137
0 0.437988 0.940918 0.032227 0.011719
0 0.620117 0.782959 0.022461 0.016113
0 0.635254 0.580566 0.012695 0.011719
0 0.381348 0.383545 0.009766 0.010254
0 0.889893 0.366699 0.008301 0.012695
0 0.511230 0.363525 0.008789 0.006348
0 0.413818 0.360107 0.011230 0.008301
0 0.588867 0.355957 0.016602 0.010742
0 0.570557 0.344238 0.017090 0.012695
0 0.501465 0.342529 0.016602 0.010254
0 0.640137 0.315186 0.011719 0.010254
0 0.740723 0.311279 0.011719 0.012207
0 0.517334 0.295898 0.017090 0.009766
0 0.936523 0.296875 0.012695 0.017578
0 0.639648 0.251709 0.014648 0.010254
0 0.728760 0.059082 0.018066 0.012695
0 0.372070 0.375488 0.010742 0.009766