0 0.511719 0.942139 0.031250 0.014160
0 0.422607 0.904297 0.030762 0.020508
0 0.692627 0.787109 0.023926 0.017578
0 0.257568 0.731934 0.013184 0.013672
0 0.257324 0.645996 0.037109 0.070312
0 0.012939 0.604736 0.009277 0.033691
0 0.648682 0.545898 0.009277 0.012695
0 0.105957 0.560059 0.023438 0.074219
0 0.281250 0.510010 0.006836 0.008301
0 0.034668 0.502197 0.006836 0.020020
0 0.138916 0.489502 0.027832 0.049316
0 0.225830 0.423584 0.018066 0.021973
0 0.940674 0.418945 0.013184 0.020508
0 0.090088 0.410156 0.029785 0.041992
0 0.303223 0.372559 0.015625 0.019531
0 0.959473 0.363525 0.004883 0.005371
0 0.233154 0.371338 0.036621 0.026855
0 0.331543 0.349121 0.013672 0.013672
0 0.259521 0.327393 0.014160 0.015137
0 0.597656 0.318359 0.017578 0.010742
0 0.579102 0.307617 0.020508 0.012695
0 0.075195 0.309814 0.039062 0.045410
0 0.646484 0.278809 0.014648 0.011719
0 0.198242 0.283203 0.033203 0.037109
0 0.748535 0.271729 0.013672 0.016113
0 0.275879 0.248047 0.011719 0.011719
0 0.148193 0.247803 0.033691 0.040527
0 0.091064 0.230957 0.028809 0.039062
0 0.566650 0.215088 0.014160 0.008301
0 0.243408 0.215576 0.009277 0.011230
0 0.646484 0.212891 0.009766 0.008789
0 0.135254 0.199951 0.016602 0.020996
0 0.785645 0.186279 0.015625 0.016113
0 0.209473 0.182129 0.013672 0.013672
0 0.589600 0.174072 0.006348 0.007324
0 0.171631 0.158447 0.008301 0.009277
0 0.761475 0.113770 0.024902 0.019531
0 0.664551 0.049805 0.018555 0.012695
0 0.043945 0.572998 0.014648 0.030762