0 0.602295 0.780273 0.020996 0.011719
0 0.597168 0.735107 0.011719 0.008301
0 0.647217 0.604248 0.010254 0.013184
0 0.424805 0.428711 0.009766 0.008789
0 0.351807 0.387695 0.009277 0.009766
0 0.601074 0.379883 0.013672 0.009766
0 0.587158 0.372070 0.014160 0.012695
0 0.516357 0.342285 0.006348 0.005859
0 0.652344 0.339600 0.012695 0.012207
0 0.552979 0.338135 0.012207 0.012207
0 0.752197 0.335449 0.011230 0.013672
0 0.534912 0.322021 0.014160 0.009277
0 0.221680 0.297363 0.007812 0.009766
0 0.185791 0.265625 0.011230 0.010742
0 0.696289 0.073730 0.018555 0.011719
0 0.578613 0.276855 0.010742 0.008789
0 0.387207 0.398682 0.011719 0.011230
0 0.327637 0.369873 0.010742 0.011230