0 0.465088 0.967529 0.019043 0.010254
0 0.559570 0.884033 0.041992 0.014160
0 0.340820 0.814941 0.017578 0.010742
0 0.328857 0.730957 0.029785 0.039062
0 0.064209 0.694092 0.044434 0.031738
0 0.113770 0.668701 0.014648 0.027832
0 0.176514 0.649658 0.033691 0.039551
0 0.627197 0.621826 0.006348 0.006348
0 0.348633 0.594482 0.009766 0.010254
0 0.026123 0.607422 0.031738 0.055664
0 0.206299 0.588379 0.028809 0.027344
0 0.052490 0.509521 0.013184 0.016113
0 0.287598 0.509521 0.020508 0.019043
0 0.153564 0.505127 0.026855 0.035645
0 0.130127 0.493652 0.009277 0.017578
0 0.290771 0.460205 0.032715 0.020996
0 0.417236 0.437500 0.010254 0.007812
0 0.230957 0.436035 0.012695 0.017578
0 0.340576 0.430420 0.010254 0.014160
0 0.130859 0.409424 0.031250 0.038574
0 0.298828 0.393555 0.010742 0.011719
0 0.244873 0.385742 0.016113 0.024414
0 0.044189 0.380371 0.034668 0.041992
0 0.297607 0.361328 0.016113 0.016602
0 0.190674 0.351318 0.020996 0.021973
0 0.133789 0.329590 0.017578 0.029297
0 0.090332 0.330566 0.030273 0.032227
0 0.176025 0.300781 0.017090 0.022461
0 0.058838 0.302246 0.027832 0.046875
0 0.250732 0.277100 0.011230 0.010254
0 0.208984 0.253906 0.011719 0.013672
0 0.127197 0.278320 0.038574 0.063477
0 0.167969 0.247070 0.038086 0.034180
0 0.076904 0.242188 0.019043 0.030273
0 0.361084 0.356689 0.011230 0.010254