0 0.340088 0.891846 0.030762 0.017090
0 0.298340 0.758789 0.014648 0.013672
0 0.261719 0.668701 0.023438 0.043457
0 0.022949 0.618896 0.024414 0.038574
0 0.062012 0.589111 0.022461 0.044434
0 0.660889 0.566406 0.012207 0.015625
0 0.125732 0.573975 0.034668 0.054199
0 0.296875 0.529053 0.010742 0.014160
0 0.058838 0.520752 0.026855 0.025879
0 0.154541 0.518311 0.026855 0.030762
0 0.974854 0.489258 0.016113 0.033203
0 0.982666 0.437988 0.007324 0.009766
0 0.241699 0.438477 0.016602 0.021484
0 0.098877 0.430420 0.031738 0.043457
0 0.356689 0.391602 0.007324 0.009766
0 0.250977 0.392578 0.021484 0.026367
0 0.183838 0.368652 0.008301 0.014648
0 0.350586 0.355713 0.006836 0.007324
0 0.198730 0.317627 0.015625 0.023926
0 0.094482 0.331787 0.037598 0.067871
0 0.123047 0.303955 0.010742 0.016113
0 0.057861 0.269775 0.004395 0.006348
0 0.280762 0.272217 0.011719 0.012207
0 0.224121 0.272949 0.025391 0.023438
0 0.159180 0.263916 0.028320 0.038574
0 0.095703 0.260498 0.029297 0.030762
0 0.135986 0.229248 0.015137 0.020020
0 0.210449 0.209229 0.014648 0.016113
0 0.156738 0.190674 0.014648 0.015137
0 0.139893 0.175049 0.023926 0.032715
0 0.172119 0.186523 0.011230 0.011719