0 0.537598 0.951904 0.033203 0.017090
0 0.435303 0.906494 0.025879 0.010254
0 0.427734 0.820068 0.008789 0.006348
0 0.724121 0.791992 0.021484 0.018555
0 0.279297 0.743408 0.012695 0.012207
0 0.274658 0.664795 0.036621 0.039551
0 0.023682 0.612061 0.026855 0.043457
0 0.060547 0.584473 0.020508 0.047852
0 0.122559 0.574707 0.027344 0.042969
0 0.662598 0.549561 0.010742 0.015137
0 0.296143 0.523193 0.008301 0.013184
0 0.053955 0.517334 0.022949 0.026855
0 0.154541 0.506836 0.029785 0.048828
0 0.968506 0.445801 0.010254 0.025391
0 0.239502 0.443359 0.016113 0.029297
0 0.010742 0.432373 0.007812 0.020996
0 0.102783 0.421631 0.028809 0.044434
0 0.435547 0.392334 0.006836 0.007324
0 0.972412 0.390381 0.009277 0.016113
0 0.244141 0.385010 0.032227 0.021973
0 0.308838 0.380127 0.011230 0.014160
0 0.408447 0.353516 0.010254 0.009766
0 0.326904 0.348877 0.011230 0.013184
0 0.269775 0.340576 0.015137 0.019043
0 0.085449 0.329590 0.029297 0.039062
0 0.200195 0.307129 0.022461 0.026367
0 0.319092 0.283936 0.008301 0.009277
0 0.767090 0.280029 0.011719 0.013184
0 0.145996 0.272217 0.024414 0.027832
0 0.281250 0.259766 0.008789 0.008789
0 0.090576 0.252930 0.029785 0.045898
0 0.250244 0.227051 0.007324 0.007812
0 0.136963 0.219238 0.016113 0.023438
0 0.213135 0.195801 0.015137 0.015625
0 0.398193 0.345947 0.012207 0.012207