0 0.641357 0.601562 0.012207 0.012695
0 0.426514 0.376221 0.007324 0.006348
0 0.598633 0.376465 0.016602 0.010742
0 0.582764 0.365479 0.016113 0.012207
0 0.652344 0.337402 0.012695 0.011719
0 0.513184 0.334961 0.007812 0.006836
0 0.752686 0.335938 0.011230 0.014648
0 0.919434 0.322510 0.008789 0.012207
0 0.529785 0.315918 0.012695 0.008789
0 0.561035 0.292969 0.009766 0.007812
0 0.652344 0.273682 0.007812 0.006348
0 0.576416 0.270996 0.008301 0.006836
0 0.834229 0.218262 0.015137 0.016602
0 0.766113 0.148438 0.035156 0.030273
0 0.383789 0.391113 0.010742 0.010742