0 0.217285 0.842773 0.029297 0.044922
0 0.087158 0.750732 0.037598 0.044434
0 0.263916 0.709229 0.007324 0.010254
0 0.119385 0.692871 0.029785 0.033203
0 0.158691 0.639160 0.012695 0.025391
0 0.206299 0.618408 0.020996 0.025879
0 0.822510 0.612305 0.011230 0.015625
0 0.070312 0.608398 0.025391 0.037109
0 0.027588 0.596191 0.007324 0.016602
0 0.731445 0.563965 0.007812 0.012695
0 0.220947 0.565186 0.021973 0.025879
0 0.941895 0.503418 0.008789 0.028320
0 0.650146 0.493408 0.008301 0.012207
0 0.919434 0.493896 0.005859 0.019043
0 0.733643 0.453857 0.014160 0.022949
0 0.968994 0.400879 0.020020 0.028320
0 0.894775 0.331055 0.013184 0.023438
0 0.922363 0.303955 0.014648 0.024902
0 0.894775 0.252441 0.012207 0.015625