0 0.611816 0.932129 0.027344 0.013672
0 0.326416 0.864258 0.017090 0.011719
0 0.314209 0.776123 0.032715 0.038574
0 0.059570 0.718262 0.031250 0.037109
0 0.105469 0.706787 0.014648 0.020020
0 0.703125 0.683838 0.013672 0.013184
0 0.166016 0.684814 0.032227 0.043457
0 0.342773 0.642578 0.008789 0.009766
0 0.024170 0.642822 0.017090 0.044434
0 0.201172 0.625488 0.027344 0.031250
0 0.240479 0.561279 0.010254 0.020996
0 0.284424 0.551514 0.021973 0.023926
0 0.061523 0.542969 0.011719 0.023438
0 0.151123 0.537354 0.025879 0.038574
0 0.190918 0.525146 0.007812 0.016113
0 0.206787 0.504395 0.016113 0.020508
0 0.297119 0.502197 0.020020 0.022949
0 0.233398 0.471680 0.012695 0.021484
0 0.348389 0.450195 0.010254 0.013672
0 0.324219 0.448975 0.009766 0.015137
0 0.065430 0.435059 0.009766 0.015625
0 0.136963 0.442383 0.025879 0.042969
0 0.726074 0.418701 0.007812 0.012207
0 0.287842 0.420410 0.010254 0.015625
0 0.249756 0.423584 0.016113 0.024902
0 0.604736 0.392578 0.008301 0.008789
0 0.039551 0.410889 0.046875 0.061035
0 0.332764 0.377930 0.008301 0.010742
0 0.200928 0.385742 0.017090 0.028320
0 0.633789 0.375000 0.007812 0.009766
0 0.240967 0.349365 0.013184 0.019043
0 0.100098 0.355469 0.032227 0.035156
0 0.191895 0.331787 0.014648 0.023926
0 0.133057 0.323486 0.020020 0.031738
0 0.067383 0.326660 0.035156 0.049805
0 0.227783 0.290039 0.009277 0.010742
0 0.183350 0.286377 0.013184 0.016113
0 0.151611 0.296143 0.022949 0.045410
0 0.188721 0.265137 0.007324 0.007812
0 0.095459 0.266602 0.023926 0.027344
0 0.916992 0.227539 0.015625 0.021484