0 0.593750 0.787354 0.027344 0.015137
0 0.578613 0.737793 0.018555 0.010742
0 0.657227 0.635986 0.014648 0.016113
0 0.385010 0.440430 0.014160 0.010742
0 0.469971 0.436523 0.009277 0.008789
0 0.619873 0.409180 0.014160 0.009766
0 0.604004 0.397461 0.014648 0.012695
0 0.675049 0.373291 0.011230 0.013184
0 0.775391 0.373779 0.011719 0.017090
0 0.941895 0.364746 0.006836 0.007812
0 0.536377 0.364746 0.012207 0.010742
0 0.315186 0.359375 0.013184 0.013672
0 0.555176 0.346680 0.013672 0.009766
0 0.596436 0.343750 0.015137 0.011719
0 0.279541 0.336426 0.008301 0.009766
0 0.586914 0.324219 0.011719 0.008789
0 0.678223 0.308105 0.011719 0.011719
0 0.244873 0.306641 0.012207 0.012695
0 0.136230 0.290771 0.015625 0.020996
0 0.209473 0.275635 0.007812 0.007324
0 0.626709 0.266357 0.011230 0.009277
0 0.640869 0.257812 0.013184 0.010742
0 0.170654 0.249756 0.017090 0.020020
0 0.089111 0.268555 0.041504 0.064453
0 0.125244 0.238281 0.020020 0.026367
0 0.716064 0.119385 0.016113 0.012207
0 0.404785 0.415527 0.009766 0.009766