0 0.475586 0.964600 0.026367 0.007324
0 0.568604 0.878906 0.034668 0.015625
0 0.351562 0.816650 0.017578 0.012207
0 0.337158 0.736084 0.029785 0.038574
0 0.063477 0.705566 0.033203 0.034180
0 0.117432 0.682129 0.020020 0.036133
0 0.179443 0.657471 0.032715 0.034668
0 0.626953 0.613037 0.007812 0.006348
0 0.029541 0.622803 0.035645 0.051270
0 0.350342 0.595703 0.012207 0.011719
0 0.207764 0.593262 0.026855 0.029297
0 0.049316 0.519287 0.010742 0.014160
0 0.284912 0.513428 0.025879 0.020996
0 0.148682 0.513184 0.029785 0.029297
0 0.123291 0.505615 0.008301 0.017090
0 0.287598 0.461914 0.033203 0.019531
0 0.418945 0.437012 0.008789 0.007812
0 0.225098 0.441406 0.013672 0.026367
0 0.337891 0.432861 0.011719 0.016113
0 0.125488 0.415527 0.031250 0.040039
0 0.297363 0.397705 0.013672 0.015137
0 0.237061 0.388916 0.016113 0.020996
0 0.387939 0.377197 0.009277 0.007324
0 0.036377 0.390625 0.028809 0.055664
0 0.297363 0.366455 0.019531 0.020996
0 0.354492 0.355469 0.006836 0.005859
0 0.183105 0.358398 0.021484 0.025391
0 0.314941 0.335205 0.011719 0.012207
0 0.125244 0.339111 0.014160 0.020996
0 0.081543 0.339844 0.029297 0.029297
0 0.278564 0.309326 0.010254 0.012207
0 0.050293 0.313477 0.024414 0.035156
0 0.169434 0.303467 0.018555 0.027832
0 0.240967 0.280273 0.010254 0.009766
0 0.200195 0.257812 0.015625 0.015625
0 0.146729 0.259766 0.018066 0.023438
0 0.070801 0.247070 0.022461 0.036133
0 0.119873 0.284668 0.040527 0.068359