0 0.476807 0.968262 0.047363 0.016602
0 0.437256 0.949219 0.040527 0.017578
0 0.604980 0.782227 0.020508 0.016602
0 0.639893 0.595947 0.012207 0.013184
0 0.467285 0.371094 0.005859 0.005859
0 0.421875 0.370605 0.008789 0.007812
0 0.595703 0.370605 0.015625 0.010742
0 0.580078 0.359863 0.016602 0.012695
0 0.531738 0.339355 0.011719 0.008789
0 0.649902 0.332520 0.011719 0.011719
0 0.510254 0.330078 0.011719 0.007812
0 0.749756 0.329834 0.012207 0.014160
0 0.528076 0.310303 0.013184 0.007324
0 0.559814 0.287109 0.006348 0.005859
0 0.650146 0.267822 0.015137 0.011230
0 0.694092 0.051025 0.021973 0.013184
0 0.595703 0.226807 0.011719 0.007324
0 0.380371 0.385498 0.011719 0.011230