0 0.345703 0.889893 0.029297 0.013184
0 0.296875 0.758057 0.016602 0.016113
0 0.254883 0.668457 0.030273 0.048828
0 0.020020 0.625488 0.015625 0.039062
0 0.052734 0.591553 0.018555 0.044434
0 0.653564 0.549316 0.010254 0.014648
0 0.286377 0.527344 0.007324 0.015625
0 0.114746 0.560791 0.028320 0.083496
0 0.046143 0.524170 0.026855 0.022949
0 0.144287 0.528564 0.025879 0.042480
0 0.958008 0.479736 0.014648 0.027832
0 0.230957 0.440186 0.013672 0.037598
0 0.085449 0.432617 0.034180 0.040039
0 0.968262 0.419434 0.008789 0.020508
0 0.328613 0.389404 0.010742 0.012207
0 0.238525 0.392578 0.020996 0.030273
0 0.171631 0.364746 0.012207 0.017578
0 0.356934 0.355225 0.012695 0.013184
0 0.073975 0.342773 0.030762 0.048828
0 0.607178 0.326904 0.027832 0.022949
0 0.184082 0.314697 0.016602 0.024902
0 0.771240 0.300293 0.012207 0.014648
0 0.668701 0.298828 0.011230 0.011719
0 0.106445 0.294189 0.005859 0.007324
0 0.207275 0.275146 0.015137 0.019043
0 0.268555 0.265381 0.013672 0.013184
0 0.857666 0.254395 0.010254 0.013672
0 0.078125 0.260986 0.025391 0.028809
0 0.141113 0.264893 0.030273 0.038574
0 0.673584 0.233154 0.009277 0.008301
0 0.121094 0.229492 0.021484 0.022461
0 0.199463 0.202637 0.011230 0.011719
0 0.143555 0.183105 0.014648 0.015625
0 0.158691 0.181641 0.011719 0.012695
0 0.852783 0.163330 0.027832 0.027832