0 0.478027 0.979492 0.032227 0.010742
0 0.586182 0.892822 0.038574 0.032715
0 0.350098 0.829834 0.019531 0.013184
0 0.330566 0.755859 0.047852 0.056641
0 0.067871 0.696777 0.027344 0.035156
0 0.118896 0.685547 0.017090 0.024414
0 0.182373 0.663574 0.032715 0.035156
0 0.354980 0.607666 0.010742 0.011230
0 0.033203 0.620850 0.037109 0.052246
0 0.212646 0.600830 0.026855 0.029785
0 0.061523 0.524170 0.020508 0.021973
0 0.291260 0.522705 0.021973 0.019043
0 0.158691 0.515381 0.028320 0.040527
0 0.301025 0.471924 0.025879 0.019043
0 0.410156 0.442383 0.008789 0.007812
0 0.236328 0.445068 0.013672 0.020996
0 0.342773 0.437500 0.012695 0.013672
0 0.600342 0.413330 0.008301 0.008301
0 0.135742 0.418945 0.030273 0.039062
0 0.299316 0.399414 0.009766 0.012695
0 0.400146 0.391602 0.008301 0.007812
0 0.248291 0.394775 0.019043 0.024902
0 0.049072 0.390625 0.030762 0.041016
0 0.367676 0.368164 0.010742 0.010742
0 0.590576 0.363770 0.007324 0.007812
0 0.289795 0.362549 0.014160 0.016113
0 0.195801 0.360107 0.021484 0.032715
0 0.099121 0.341064 0.020508 0.025879
0 0.139648 0.341797 0.023438 0.031250
0 0.294434 0.317627 0.010742 0.011230
0 0.182861 0.310303 0.014160 0.024902
0 0.065918 0.310547 0.029297 0.037109
0 0.258057 0.286865 0.014160 0.014160
0 0.217041 0.264160 0.007324 0.008789
0 0.124756 0.304688 0.023926 0.032227
0 0.084961 0.254883 0.018555 0.027344
0 0.170166 0.254150 0.026855 0.037598
0 0.140381 0.274414 0.019043 0.036133
0 0.676758 0.261475 0.009766 0.008301