0 0.475342 0.989990 0.021973 0.008301
0 0.602539 0.901367 0.041016 0.033203
0 0.354248 0.840820 0.020996 0.012695
0 0.333008 0.767578 0.047852 0.056641
0 0.077881 0.714111 0.023926 0.031738
0 0.123291 0.697021 0.014160 0.022949
0 0.187256 0.675781 0.033691 0.036133
0 0.034912 0.637939 0.032715 0.049316
0 0.357666 0.618408 0.011230 0.011230
0 0.215332 0.613281 0.029297 0.028320
0 0.065918 0.538086 0.025391 0.028320
0 0.296143 0.533936 0.022949 0.021973
0 0.157715 0.525635 0.034180 0.047363
0 0.304443 0.483887 0.025879 0.019531
0 0.239014 0.458008 0.013184 0.019531
0 0.399658 0.447998 0.009277 0.007324
0 0.342773 0.445557 0.011719 0.011230
0 0.065674 0.426758 0.007324 0.006836
0 0.602051 0.423828 0.007812 0.007812
0 0.139160 0.433838 0.031250 0.035645
0 0.677734 0.415527 0.012695 0.009766
0 0.301025 0.413330 0.010254 0.014160
0 0.251465 0.409912 0.016602 0.020020
0 0.660889 0.405273 0.016113 0.013672
0 0.401855 0.403076 0.009766 0.008301
0 0.049561 0.407715 0.028809 0.043945
0 0.369629 0.380127 0.008789 0.010254
0 0.591553 0.376221 0.012207 0.010254
0 0.728027 0.376465 0.010742 0.014648
0 0.829590 0.371582 0.009766 0.015625
0 0.198242 0.374023 0.021484 0.030273
0 0.279541 0.366943 0.016113 0.016113
0 0.330078 0.359619 0.010742 0.009277
0 0.610107 0.356201 0.014160 0.010254
0 0.098145 0.359375 0.016602 0.022461
0 0.143066 0.357178 0.026367 0.033691
0 0.639893 0.332764 0.009277 0.008301
0 0.295898 0.331543 0.009766 0.009766
0 0.184082 0.323242 0.014648 0.020508
0 0.070068 0.326172 0.027832 0.040039
0 0.126465 0.319580 0.019531 0.030762
0 0.258789 0.301758 0.007812 0.006836
0 0.672607 0.294922 0.016113 0.013672
0 0.141846 0.286865 0.022949 0.035645
0 0.085449 0.267334 0.020508 0.025879
0 0.176758 0.270020 0.036133 0.034180
0 0.676025 0.271240 0.015137 0.012207
0 0.177002 0.259033 0.011230 0.012207