0 0.371338 0.979980 0.043457 0.015625
0 0.367920 0.854492 0.021973 0.013672
0 0.323486 0.763916 0.026855 0.046387
0 0.074707 0.709229 0.038086 0.039551
0 0.122314 0.696777 0.019043 0.025391
0 0.185791 0.673340 0.035645 0.035156
0 0.357666 0.627686 0.012207 0.011230
0 0.215820 0.614746 0.026367 0.027344
0 0.036621 0.622314 0.039062 0.051270
0 0.300049 0.536865 0.026855 0.020020
0 0.162109 0.528564 0.027344 0.032715
0 0.657715 0.516602 0.008789 0.010742
0 0.313965 0.485107 0.023438 0.021973
0 0.245850 0.460938 0.014160 0.020508
0 0.923828 0.449951 0.008789 0.018066
0 0.611084 0.442871 0.008301 0.008789
0 0.242920 0.438965 0.008301 0.012695
0 0.686523 0.438721 0.014648 0.016113
0 0.894531 0.443604 0.020508 0.030762
0 0.670654 0.426025 0.013184 0.011230
0 0.192627 0.414551 0.007324 0.007812
0 0.151855 0.431152 0.024414 0.046875
0 0.264404 0.410645 0.016113 0.020508
0 0.739502 0.401123 0.008301 0.012207
0 0.380859 0.388428 0.006836 0.006348
0 0.058350 0.396484 0.022949 0.040039
0 0.621826 0.376465 0.012207 0.009766
0 0.217529 0.365723 0.021973 0.025391
0 0.652832 0.353271 0.012695 0.012207
0 0.153564 0.354736 0.021973 0.028809
0 0.254395 0.346924 0.016602 0.018066
0 0.114502 0.351318 0.019043 0.029785
0 0.670654 0.334229 0.007324 0.005371
0 0.743896 0.337158 0.011230 0.012207
0 0.200684 0.325439 0.016602 0.020996
0 0.275391 0.304688 0.007812 0.009766
0 0.085693 0.320312 0.031738 0.041992
0 0.239502 0.302734 0.017090 0.018555
0 0.236572 0.279053 0.014160 0.015137
0 0.201904 0.280029 0.015137 0.019043
0 0.152100 0.299316 0.043457 0.064453
0 0.106689 0.265869 0.028809 0.038574
0 0.627197 0.495117 0.007324 0.006836
0 0.068115 0.411621 0.009277 0.015625
0 0.041016 0.414795 0.011719 0.023926
0 0.840820 0.402588 0.009766 0.016113