0 0.624268 0.929932 0.031738 0.027832
0 0.340576 0.867920 0.016113 0.011230
0 0.319580 0.791992 0.043457 0.056641
0 0.068604 0.727539 0.029785 0.035156
0 0.115479 0.715576 0.013184 0.021973
0 0.176270 0.692871 0.034180 0.041016
0 0.712158 0.675049 0.015137 0.015137
0 0.350098 0.644531 0.007812 0.009766
0 0.028076 0.645752 0.025879 0.051270
0 0.207275 0.631104 0.027832 0.028809
0 0.245117 0.566650 0.012695 0.020020
0 0.288574 0.556396 0.021484 0.020996
0 0.066406 0.552002 0.013672 0.024902
0 0.155273 0.544434 0.024414 0.040039
0 0.192871 0.531006 0.006836 0.018066
0 0.301758 0.505859 0.021484 0.022461
0 0.210449 0.508545 0.015625 0.029785
0 0.237549 0.477539 0.012207 0.018555
0 0.680176 0.460449 0.010742 0.012695
0 0.354248 0.456299 0.011230 0.012207
0 0.328125 0.452393 0.009766 0.014160
0 0.139404 0.448242 0.026855 0.040039
0 0.833984 0.426758 0.006836 0.009766
0 0.026855 0.436035 0.015625 0.032227
0 0.291260 0.426025 0.010254 0.015137
0 0.734619 0.424561 0.008301 0.014160
0 0.252197 0.428467 0.016113 0.021973
0 0.052490 0.417236 0.023926 0.050293
0 0.200439 0.392334 0.020020 0.022949
0 0.649414 0.374023 0.010742 0.009766
0 0.638428 0.372803 0.008301 0.009277
0 0.737793 0.356689 0.005859 0.006348
0 0.246094 0.356934 0.013672 0.017578
0 0.100586 0.364990 0.030273 0.034668
0 0.301514 0.349365 0.008301 0.008301
0 0.191162 0.337646 0.014160 0.020996
0 0.067139 0.337402 0.032715 0.041992
0 0.227539 0.295166 0.012695 0.015137
0 0.182129 0.291016 0.013672 0.017578
0 0.149658 0.302490 0.022949 0.043457
0 0.187012 0.271729 0.011719 0.014160
0 0.095459 0.271729 0.024902 0.031738
0 0.132324 0.330078 0.018555 0.037109
0 0.065186 0.441650 0.011230 0.021973