0 0.489014 0.971680 0.056152 0.017578
0 0.600586 0.781494 0.026367 0.016113
0 0.596680 0.736084 0.017578 0.011230
0 0.641357 0.598633 0.010254 0.011719
0 0.408447 0.424316 0.009277 0.008789
0 0.392822 0.397705 0.008301 0.008301
0 0.424561 0.374512 0.009277 0.006836
0 0.598145 0.373779 0.016602 0.011230
0 0.581299 0.362793 0.015137 0.011719
0 0.537598 0.339111 0.014648 0.011230
0 0.651367 0.335449 0.012695 0.011719
0 0.511719 0.333496 0.007812 0.006836
0 0.752441 0.333740 0.012695 0.016113
0 0.918701 0.321045 0.009277 0.013184
0 0.529541 0.313965 0.010254 0.007812
0 0.651855 0.270752 0.010742 0.008301
0 0.599365 0.230957 0.007324 0.005859
0 0.692139 0.057373 0.019043 0.012207
0 0.382324 0.389404 0.010742 0.010254