0 0.319336 0.890625 0.022461 0.013672
0 0.272461 0.754395 0.013672 0.012695
0 0.241211 0.664551 0.033203 0.045898
0 0.635254 0.563721 0.008789 0.009277
0 0.035645 0.584717 0.021484 0.051270
0 0.097168 0.572266 0.027344 0.050781
0 0.272217 0.524902 0.009277 0.012695
0 0.031738 0.513428 0.026367 0.035645
0 0.127441 0.510742 0.031250 0.041992
0 0.946289 0.474609 0.011719 0.030273
0 0.217041 0.435059 0.017090 0.024414
0 0.076172 0.432617 0.028320 0.034180
0 0.954346 0.419678 0.010254 0.019043
0 0.297363 0.393311 0.010742 0.013184
0 0.227295 0.387207 0.020020 0.027344
0 0.482178 0.372314 0.006348 0.005371
0 0.522949 0.341553 0.011719 0.007324
0 0.591553 0.330811 0.036621 0.022949
0 0.064697 0.331787 0.031738 0.046387
0 0.171875 0.313965 0.022461 0.032227
0 0.653809 0.300049 0.009766 0.009277
0 0.755859 0.301025 0.012695 0.013184
0 0.514404 0.292969 0.014160 0.008789
0 0.104248 0.286621 0.014160 0.020508
0 0.533936 0.274170 0.016113 0.010254
0 0.129150 0.268066 0.018066 0.028320
0 0.564453 0.254150 0.010742 0.007324
0 0.843506 0.242920 0.013184 0.015137
0 0.069580 0.250977 0.020996 0.032227
0 0.579834 0.232910 0.009277 0.006836
0 0.825684 0.156494 0.027344 0.024902