0 0.366699 0.944092 0.040039 0.016113
0 0.348877 0.818115 0.018066 0.011230
0 0.306885 0.725098 0.025879 0.044922
0 0.059814 0.678955 0.040527 0.034668
0 0.107666 0.655762 0.020996 0.037109
0 0.168945 0.637451 0.030273 0.039551
0 0.624023 0.620117 0.009766 0.010742
0 0.343994 0.588623 0.012207 0.010254
0 0.201416 0.578125 0.027832 0.030273
0 0.020752 0.592773 0.029785 0.070312
0 0.287354 0.498535 0.020020 0.020508
0 0.145508 0.491211 0.026367 0.032227
0 0.298340 0.444824 0.020508 0.027344
0 0.230469 0.423828 0.010742 0.021484
0 0.285156 0.402100 0.006836 0.006348
0 0.395996 0.376953 0.006836 0.007812
0 0.133301 0.394531 0.027344 0.044922
0 0.174316 0.372803 0.008789 0.014160
0 0.252686 0.366699 0.023926 0.041992
0 0.327148 0.327881 0.011719 0.012207
0 0.199463 0.332275 0.016113 0.025879
0 0.138916 0.322754 0.015137 0.021484
0 0.246582 0.317383 0.010742 0.013672
0 0.064697 0.281494 0.026855 0.050293
0 0.178955 0.293213 0.020996 0.028809
0 0.112793 0.297363 0.045898 0.068359
0 0.138916 0.248535 0.024902 0.022461
0 0.211182 0.250244 0.026855 0.026855
0 0.183838 0.242676 0.016113 0.016602
0 0.081543 0.237061 0.022461 0.039551