0 0.358154 0.937012 0.038574 0.018555
0 0.341309 0.809814 0.018555 0.010254
0 0.301758 0.721680 0.025391 0.044922
0 0.049072 0.669922 0.033691 0.037109
0 0.101807 0.651123 0.020996 0.043457
0 0.165039 0.628662 0.031250 0.038574
0 0.621826 0.610352 0.009277 0.009766
0 0.338867 0.583252 0.008789 0.010254
0 0.018066 0.589355 0.026367 0.065430
0 0.196289 0.571533 0.027344 0.029785
0 0.281982 0.493408 0.018066 0.018066
0 0.141846 0.487549 0.026855 0.030762
0 0.291260 0.441650 0.020996 0.025879
0 0.290039 0.398926 0.007812 0.007812
0 0.389648 0.370850 0.007812 0.006348
0 0.128418 0.390137 0.025391 0.051758
0 0.167236 0.368164 0.011230 0.015625
0 0.241211 0.370850 0.023438 0.025879
0 0.131592 0.318359 0.013184 0.015625
0 0.194092 0.324951 0.021973 0.031738
0 0.242676 0.314941 0.017578 0.020508
0 0.089111 0.313232 0.026855 0.028809
0 0.057617 0.282715 0.023438 0.045898
0 0.174805 0.286377 0.018555 0.026855
0 0.120361 0.280518 0.011230 0.017090
0 0.196289 0.250488 0.016602 0.018555
0 0.173584 0.241211 0.017090 0.017578
0 0.079590 0.231934 0.010742 0.016602
0 0.144287 0.229736 0.055176 0.067871
0 0.209229 0.241455 0.008301 0.007324