0 0.368652 0.950439 0.039062 0.021973
0 0.356445 0.827637 0.016602 0.011719
0 0.313721 0.736084 0.026855 0.046387
0 0.065918 0.690674 0.034180 0.025879
0 0.115967 0.668457 0.014160 0.017578
0 0.179443 0.648438 0.030762 0.025391
0 0.040283 0.625732 0.038574 0.052246
0 0.352539 0.597412 0.011719 0.011230
0 0.217041 0.603271 0.026855 0.028809
0 0.298096 0.521240 0.020996 0.018066
0 0.158203 0.520752 0.027344 0.035645
0 0.309082 0.468994 0.023438 0.024902
0 0.238281 0.451172 0.013672 0.017578
0 0.270752 0.422852 0.010254 0.016602
0 0.604248 0.413086 0.009277 0.010742
0 0.136719 0.424561 0.032227 0.044434
0 0.403320 0.392090 0.005859 0.006836
0 0.181885 0.396973 0.013184 0.023438
0 0.253174 0.397217 0.023926 0.024902
0 0.584961 0.388184 0.011719 0.009766
0 0.370605 0.368652 0.006836 0.007812
0 0.594238 0.364990 0.009766 0.008301
0 0.331055 0.346436 0.008789 0.009277
0 0.205078 0.353516 0.022461 0.028320
0 0.612305 0.344727 0.013672 0.011719
0 0.246338 0.337402 0.012207 0.015625
0 0.142090 0.344727 0.022461 0.033203
0 0.102295 0.344238 0.026855 0.034180
0 0.642578 0.321777 0.013672 0.012695
0 0.735107 0.305176 0.009277 0.009766
0 0.186035 0.313477 0.022461 0.029297
0 0.068115 0.313721 0.025879 0.040527
0 0.212646 0.281494 0.011230 0.013184
0 0.218994 0.267578 0.009277 0.009766
0 0.182373 0.272217 0.020996 0.024902
0 0.084717 0.258789 0.021973 0.027344
0 0.148926 0.272949 0.063477 0.097656
0 0.168457 0.251709 0.011719 0.013184