0 0.532227 0.969238 0.035156 0.018555
0 0.423828 0.912109 0.031250 0.012695
0 0.438477 0.827881 0.016602 0.010254
0 0.734863 0.817871 0.028320 0.023438
0 0.281494 0.745361 0.013184 0.012207
0 0.279297 0.668701 0.039062 0.041504
0 0.027344 0.612793 0.036133 0.042969
0 0.069092 0.589844 0.017090 0.036133
0 0.668457 0.570068 0.011719 0.015137
0 0.133545 0.578125 0.038574 0.041016
0 0.306641 0.529297 0.010742 0.011719
0 0.069336 0.520020 0.029297 0.028320
0 0.164062 0.514404 0.029297 0.031738
0 0.989746 0.507324 0.014648 0.018555
0 0.250488 0.441650 0.018555 0.026855
0 0.036133 0.436523 0.007812 0.017578
0 0.110840 0.431396 0.034180 0.037598
0 0.317139 0.389648 0.014160 0.015625
0 0.251221 0.391113 0.045410 0.025391
0 0.193848 0.361328 0.006836 0.008789
0 0.430908 0.356689 0.011230 0.008301
0 0.283691 0.351807 0.007812 0.009277
0 0.421143 0.347656 0.012207 0.009766
0 0.328369 0.347656 0.013184 0.012695
0 0.097656 0.334473 0.033203 0.039062
0 0.211914 0.315674 0.023438 0.031738
0 0.293457 0.270508 0.010742 0.010742
0 0.162354 0.282959 0.026855 0.037598
0 0.109375 0.254639 0.028320 0.040527
0 0.262207 0.237793 0.012695 0.012695
0 0.150391 0.225342 0.015625 0.018066
0 0.077881 0.238281 0.043457 0.070312
0 0.226318 0.206055 0.012207 0.012695
0 0.120605 0.184082 0.032227 0.025391