0 0.303223 0.861084 0.022461 0.015137
0 0.285156 0.782471 0.038086 0.052246
0 0.096191 0.730957 0.017578 0.030273
0 0.157227 0.704102 0.039062 0.045898
0 0.598389 0.682129 0.012207 0.010742
0 0.682129 0.681641 0.016602 0.012695
0 0.327393 0.649414 0.007324 0.007812
0 0.185547 0.642334 0.030273 0.033691
0 0.222900 0.574707 0.014160 0.022461
0 0.041992 0.567871 0.013672 0.027344
0 0.265381 0.562744 0.020996 0.024902
0 0.132324 0.561523 0.026367 0.037109
0 0.189697 0.543945 0.008301 0.018555
0 0.187012 0.523438 0.008789 0.017578
0 0.276123 0.515381 0.021973 0.023926
0 0.209961 0.490479 0.012695 0.020020
0 0.650635 0.455322 0.014160 0.014160
0 0.291748 0.452637 0.011230 0.016602
0 0.111328 0.466797 0.028320 0.043945
0 0.635254 0.443115 0.013672 0.012207
0 0.299805 0.440430 0.017578 0.021484
0 0.221680 0.439209 0.015625 0.023926
0 0.252930 0.429199 0.008789 0.014648
0 0.805420 0.418701 0.007324 0.014160
0 0.705811 0.417969 0.009277 0.013672
0 0.026123 0.443848 0.041504 0.065430
0 0.341064 0.411377 0.007324 0.009277
0 0.167725 0.402588 0.020996 0.030762
0 0.302002 0.389648 0.006348 0.005859
0 0.584473 0.390625 0.010742 0.009766
0 0.594727 0.389404 0.008789 0.009277
0 0.071533 0.386475 0.029785 0.034668
0 0.615967 0.368408 0.011230 0.011230
0 0.707520 0.351074 0.007812 0.009766
0 0.158691 0.354004 0.014648 0.024414
0 0.189453 0.351074 0.015625 0.021484
0 0.099365 0.345947 0.018066 0.037598
0 0.038574 0.350830 0.023438 0.047363
0 0.150146 0.306152 0.010254 0.014648
0 0.114746 0.309814 0.023438 0.032715
0 0.058350 0.290283 0.022949 0.032715
0 0.892334 0.234619 0.012207 0.016113
0 0.760498 0.184814 0.022949 0.021973
0 0.656982 0.308105 0.012207 0.011719