0 0.231689 0.830322 0.028809 0.045410
0 0.545410 0.740234 0.013672 0.007812
0 0.101562 0.737061 0.034180 0.044434
0 0.278076 0.696045 0.007324 0.010254
0 0.134277 0.680176 0.029297 0.034180
0 0.221436 0.605225 0.019043 0.026855
0 0.836914 0.594238 0.011719 0.022461
0 0.084473 0.596191 0.025391 0.037109
0 0.723633 0.564209 0.007812 0.012207
0 0.235840 0.551758 0.022461 0.028320
0 0.168457 0.527344 0.012695 0.028320
0 0.765381 0.486084 0.007324 0.016113
0 0.666016 0.482422 0.006836 0.013672
0 0.953369 0.486816 0.015137 0.041016
0 0.759033 0.453125 0.013184 0.024414
0 0.673096 0.417236 0.006348 0.009277
0 0.983643 0.398438 0.018066 0.040039
0 0.910645 0.327148 0.011719 0.020508
0 0.940674 0.300293 0.023926 0.045898
0 0.909912 0.243652 0.011230 0.013672