0 0.078125 0.704346 0.016602 0.024902
0 0.141846 0.683594 0.036621 0.041016
0 0.677734 0.667969 0.015625 0.014648
0 0.312744 0.636719 0.010254 0.011719
0 0.169678 0.622803 0.028809 0.032715
0 0.210449 0.554199 0.012695 0.023438
0 0.254639 0.546631 0.020020 0.023926
0 0.029785 0.538574 0.019531 0.029297
0 0.190186 0.522949 0.010254 0.016602
0 0.119141 0.534912 0.026367 0.044434
0 0.177490 0.494385 0.010254 0.018066
0 0.266113 0.497070 0.023438 0.026367
0 0.200195 0.468262 0.012695 0.026367
0 0.642090 0.450195 0.014648 0.012695
0 0.625977 0.437988 0.012695 0.009766
0 0.030029 0.435547 0.019043 0.025391
0 0.101807 0.441650 0.028809 0.040527
0 0.277832 0.435059 0.011719 0.017578
0 0.797119 0.417725 0.008301 0.013184
0 0.215820 0.421143 0.016602 0.025879
0 0.696777 0.414307 0.010742 0.013184
0 0.240479 0.405273 0.007324 0.018555
0 0.576172 0.395020 0.009766 0.007812
0 0.017578 0.406006 0.021484 0.050293
0 0.161377 0.379883 0.020996 0.033203
0 0.609375 0.362793 0.007812 0.007812
0 0.263672 0.345459 0.005859 0.005371
0 0.069580 0.358887 0.024902 0.038086
0 0.153809 0.332764 0.014648 0.025879
0 0.037842 0.331787 0.020996 0.040527
0 0.176270 0.320312 0.017578 0.025391
0 0.147461 0.285645 0.012695 0.017578
0 0.148682 0.267090 0.009277 0.009766
0 0.059326 0.270508 0.018066 0.030273
0 0.106934 0.306396 0.041016 0.070801
0 0.766846 0.190674 0.025879 0.023926
0 0.281982 0.419189 0.013184 0.015137
0 0.651611 0.303955 0.012207 0.012207