0 0.557861 0.990967 0.030762 0.014160
0 0.445068 0.929199 0.017090 0.008789
0 0.465820 0.844482 0.035156 0.016113
0 0.297852 0.764404 0.016602 0.013184
0 0.290771 0.687012 0.038574 0.041016
0 0.034668 0.625244 0.045898 0.048340
0 0.081055 0.609375 0.029297 0.041016
0 0.596924 0.582764 0.008301 0.009277
0 0.680908 0.583008 0.011230 0.015625
0 0.141357 0.593018 0.032715 0.036621
0 0.317871 0.544434 0.011719 0.011719
0 0.083008 0.538086 0.017578 0.022461
0 0.174316 0.532959 0.029297 0.029785
0 0.263672 0.458252 0.017578 0.021973
0 0.062256 0.450195 0.005371 0.013672
0 0.123047 0.447021 0.031250 0.037598
0 0.324463 0.399658 0.011230 0.013184
0 0.264893 0.403564 0.039551 0.031738
0 0.206055 0.376221 0.015625 0.030762
0 0.429688 0.362793 0.011719 0.008789
0 0.292236 0.364502 0.011230 0.015137
0 0.322754 0.349854 0.011719 0.012207
0 0.109863 0.350342 0.030273 0.042480
0 0.033203 0.327148 0.012695 0.027344
0 0.221680 0.334961 0.030273 0.043945
0 0.302246 0.286377 0.008789 0.008301
0 0.172607 0.292725 0.031738 0.036621
0 0.115479 0.270752 0.026855 0.038574
0 0.269531 0.254395 0.011719 0.009766
0 0.158936 0.241699 0.015137 0.019531
0 0.234619 0.221924 0.009277 0.008301
0 0.099121 0.239258 0.085938 0.095703