0 0.526611 0.954834 0.036621 0.018066
0 0.449707 0.825684 0.014648 0.007812
0 0.718994 0.799561 0.023926 0.019043
0 0.294922 0.755859 0.016602 0.014648
0 0.286377 0.680420 0.039551 0.043457
0 0.030273 0.634033 0.035156 0.057129
0 0.068359 0.610840 0.018555 0.048828
0 0.129883 0.594238 0.029297 0.041992
0 0.662842 0.555420 0.010254 0.014160
0 0.060059 0.543213 0.022461 0.025879
0 0.300781 0.535400 0.008789 0.013184
0 0.158447 0.533691 0.027832 0.033203
0 0.971680 0.464355 0.008789 0.020508
0 0.013916 0.462891 0.007324 0.022461
0 0.239502 0.448975 0.019043 0.031738
0 0.102051 0.432129 0.029297 0.068359
0 0.977539 0.403564 0.008789 0.020996
0 0.240479 0.405273 0.030762 0.026367
0 0.304688 0.394531 0.012695 0.014648
0 0.320068 0.359131 0.014160 0.016113
0 0.413330 0.352295 0.009277 0.009277
0 0.081787 0.356689 0.029785 0.038574
0 0.191650 0.324951 0.018066 0.023926
0 0.343262 0.317871 0.012695 0.011719
0 0.310547 0.295166 0.007812 0.008301
0 0.137207 0.292725 0.023438 0.026855
0 0.271973 0.274902 0.008789 0.010742
0 0.074219 0.285889 0.034180 0.057129
0 0.236328 0.245850 0.014648 0.015137
0 0.126953 0.239258 0.016602 0.024414
0 0.198242 0.216064 0.007812 0.010254
0 0.158447 0.195557 0.010254 0.010254
0 0.106201 0.195312 0.019043 0.023438