0 0.546143 0.798828 0.032715 0.016602
0 0.526123 0.743896 0.024902 0.013184
0 0.041992 0.695312 0.020508 0.041992
0 0.558594 0.676758 0.011719 0.008789
0 0.644531 0.677246 0.013672 0.012695
0 0.101318 0.670654 0.031738 0.049316
0 0.137207 0.614746 0.031250 0.041016
0 0.222412 0.543701 0.019043 0.034668
0 0.091797 0.531006 0.024414 0.038574
0 0.367676 0.515381 0.008789 0.010254
0 0.237549 0.498047 0.020020 0.035156
0 0.435059 0.469727 0.008789 0.007812
0 0.169434 0.467041 0.013672 0.020020
0 0.500732 0.455078 0.008301 0.006836
0 0.610596 0.450684 0.010254 0.007812
0 0.591309 0.437012 0.005859 0.005859
0 0.765137 0.413330 0.008789 0.011230
0 0.664307 0.413574 0.010254 0.011719
0 0.074463 0.427246 0.026855 0.058594
0 0.190918 0.408936 0.018555 0.034668
0 0.575195 0.364258 0.011719 0.009766
0 0.136230 0.372314 0.018555 0.037598
0 0.625977 0.352783 0.011719 0.011230
0 0.084961 0.354736 0.011719 0.020996
0 0.668945 0.345703 0.008789 0.007812
0 0.043457 0.353516 0.026367 0.031250
0 0.608398 0.332275 0.013672 0.010254
0 0.127930 0.322021 0.009766 0.014160
0 0.072021 0.316406 0.020996 0.033203
0 0.690430 0.184814 0.016602 0.012207
0 0.755127 0.135986 0.018066 0.015137