0 0.552490 0.615234 0.010254 0.007812
0 0.637451 0.613037 0.012207 0.013184
0 0.349854 0.386719 0.007324 0.006836
0 0.600586 0.386230 0.015625 0.010742
0 0.427002 0.383301 0.008301 0.007812
0 0.584717 0.375244 0.017090 0.012207
0 0.326416 0.369873 0.006348 0.005371
0 0.655029 0.349121 0.011230 0.011719
0 0.754639 0.347900 0.009277 0.011230
0 0.515137 0.343994 0.011719 0.009277
0 0.923828 0.341309 0.007812 0.009766
0 0.534912 0.323486 0.013184 0.008301
0 0.256104 0.323486 0.012207 0.014160
0 0.562988 0.301270 0.006836 0.005859
0 0.222168 0.293701 0.008789 0.008301
0 0.655518 0.283691 0.008301 0.006836
0 0.185547 0.262695 0.008789 0.008789
0 0.145508 0.239014 0.012695 0.013184
0 0.110107 0.236816 0.017090 0.021484
0 0.841309 0.228027 0.015625 0.019531
0 0.107910 0.215332 0.009766 0.010742
0 0.764160 0.156494 0.027344 0.020020
0 0.384766 0.397461 0.011719 0.010742