0 0.315918 0.900635 0.019531 0.012207
0 0.263672 0.762939 0.023438 0.020996
0 0.231689 0.671875 0.038574 0.048828
0 0.031982 0.594238 0.029785 0.039062
0 0.630615 0.567871 0.010254 0.011719
0 0.094971 0.578369 0.035645 0.060059
0 0.265869 0.533936 0.008301 0.015137
0 0.941650 0.473633 0.006348 0.008789
0 0.521240 0.351318 0.012207 0.007324
0 0.597412 0.349121 0.017090 0.010742
0 0.423340 0.340576 0.012695 0.010254
0 0.581299 0.337158 0.017090 0.012207
0 0.652100 0.313965 0.010254 0.008789
0 0.662598 0.253418 0.005859 0.004883
0 0.822266 0.221680 0.014648 0.016602
0 0.797852 0.146973 0.009766 0.009766
0 0.469238 0.343262 0.008789 0.005859