0 0.314209 0.887451 0.018066 0.011230
0 0.272217 0.752441 0.013184 0.010742
0 0.240723 0.660889 0.031250 0.045410
0 0.036865 0.582275 0.019043 0.046387
0 0.635986 0.561035 0.010254 0.012695
0 0.097412 0.567139 0.026855 0.054199
0 0.272461 0.522949 0.007812 0.014648
0 0.033203 0.514404 0.023438 0.035645
0 0.130371 0.507324 0.027344 0.038086
0 0.945312 0.475098 0.015625 0.034180
0 0.078125 0.427490 0.027344 0.032715
0 0.218750 0.426270 0.015625 0.032227
0 0.953857 0.416016 0.009277 0.016602
0 0.299805 0.391602 0.011719 0.013672
0 0.229492 0.384521 0.022461 0.030762
0 0.484619 0.371094 0.005371 0.004883
0 0.524902 0.340576 0.009766 0.007324
0 0.593018 0.329590 0.033691 0.024414
0 0.173828 0.311035 0.026367 0.028320
0 0.066895 0.324463 0.034180 0.056152
0 0.653564 0.300049 0.007324 0.008301
0 0.755615 0.300781 0.012207 0.012695
0 0.515381 0.291992 0.012207 0.008789
0 0.103760 0.286133 0.013184 0.019531
0 0.203857 0.278564 0.010254 0.012207
0 0.564941 0.252930 0.011719 0.007812
0 0.130615 0.262939 0.025879 0.033691
0 0.843994 0.243408 0.013184 0.015137
0 0.071289 0.250732 0.019531 0.031738
0 0.115234 0.223877 0.022461 0.026855
0 0.825684 0.156738 0.027344 0.024414
0 0.533936 0.273438 0.016113 0.008789
0 0.473633 0.332275 0.007812 0.006348