0 0.631348 0.588623 0.012695 0.013184
0 0.415039 0.385986 0.010742 0.008301
0 0.385742 0.382812 0.007812 0.007812
0 0.516357 0.368652 0.008301 0.005859
0 0.593262 0.362549 0.017578 0.010254
0 0.417725 0.361328 0.011230 0.008789
0 0.577393 0.351562 0.016113 0.011719
0 0.646484 0.324951 0.012695 0.010254
0 0.746582 0.323242 0.011719 0.013672
0 0.507080 0.320312 0.014160 0.008789
0 0.524170 0.300293 0.014160 0.009766
0 0.555908 0.278076 0.013184 0.008301
0 0.647217 0.259766 0.011230 0.008789
0 0.832031 0.227539 0.016602 0.019531
0 0.777832 0.151367 0.030273 0.025391
0 0.596191 0.218994 0.010742 0.007324
0 0.375977 0.376465 0.011719 0.010742