0 0.610840 0.932129 0.027344 0.012695
0 0.336182 0.870605 0.020020 0.010742
0 0.322998 0.783203 0.030762 0.038086
0 0.064941 0.733643 0.032227 0.038574
0 0.111572 0.719238 0.019043 0.027344
0 0.703125 0.684326 0.013672 0.013184
0 0.170410 0.695801 0.037109 0.047852
0 0.030029 0.662354 0.014160 0.029785
0 0.344238 0.647705 0.009766 0.010254
0 0.203369 0.637207 0.029785 0.029297
0 0.240723 0.571045 0.013672 0.018066
0 0.284668 0.559082 0.021484 0.022461
0 0.061279 0.556885 0.015137 0.024902
0 0.150635 0.551270 0.027832 0.038086
0 0.191895 0.536621 0.007812 0.018555
0 0.295654 0.509766 0.022949 0.022461
0 0.205811 0.511719 0.013184 0.027344
0 0.231445 0.481201 0.012695 0.020996
0 0.343262 0.455322 0.011719 0.013184
0 0.320312 0.455322 0.010742 0.016113
0 0.060303 0.448975 0.014160 0.016113
0 0.132812 0.455566 0.028320 0.041992
0 0.024414 0.444336 0.022461 0.024414
0 0.281982 0.428223 0.009277 0.011719
0 0.245605 0.432373 0.015625 0.022949
0 0.726318 0.419189 0.007324 0.012207
0 0.364258 0.408447 0.006836 0.007324
0 0.044189 0.422852 0.024902 0.047852
0 0.605225 0.392822 0.008301 0.009277
0 0.193359 0.397217 0.020508 0.025879
0 0.634277 0.375244 0.007812 0.009277
0 0.097168 0.373779 0.023438 0.032715
0 0.232422 0.357910 0.013672 0.017578
0 0.183105 0.344727 0.015625 0.020508
0 0.060059 0.343506 0.035156 0.043457
0 0.257324 0.325195 0.010742 0.012695
0 0.218750 0.301025 0.010742 0.014160
0 0.140137 0.309082 0.023438 0.042969
0 0.175293 0.296631 0.013672 0.018066
0 0.178711 0.277100 0.012695 0.016113
0 0.084473 0.281494 0.020508 0.031738
0 0.917480 0.228516 0.014648 0.021484
0 0.135986 0.373779 0.012207 0.013184
0 0.125000 0.336426 0.022461 0.034180