0 0.641602 0.599609 0.013672 0.011719
0 0.452393 0.388428 0.007324 0.006348
0 0.524902 0.383057 0.006836 0.006348
0 0.473145 0.375488 0.006836 0.005859
0 0.601562 0.376709 0.014648 0.009277
0 0.429688 0.373779 0.009766 0.008301
0 0.584473 0.365723 0.017578 0.011719
0 0.654053 0.337646 0.011230 0.012207
0 0.752930 0.335205 0.009766 0.012207
0 0.533936 0.315430 0.013184 0.008789
0 0.563965 0.292480 0.013672 0.007812
0 0.655762 0.274414 0.007812 0.006836
0 0.838867 0.222900 0.013672 0.015137
0 0.770020 0.149170 0.025391 0.024902
0 0.387451 0.386719 0.011230 0.010742