0 0.316895 0.867676 0.016602 0.011719
0 0.296143 0.789551 0.038574 0.053711
0 0.057373 0.729736 0.006348 0.008301
0 0.093018 0.710693 0.015137 0.022949
0 0.608643 0.683105 0.008301 0.008789
0 0.694580 0.679443 0.016113 0.015137
0 0.155273 0.688477 0.034180 0.042969
0 0.327881 0.643555 0.010254 0.011719
0 0.187500 0.625977 0.031250 0.033203
0 0.016357 0.618408 0.009277 0.024902
0 0.227783 0.563232 0.013184 0.022949
0 0.270020 0.552734 0.020508 0.025391
0 0.048340 0.543457 0.008789 0.022461
0 0.136719 0.542480 0.025391 0.039062
0 0.188721 0.528809 0.008301 0.017578
0 0.193848 0.504150 0.013672 0.020996
0 0.283203 0.505371 0.021484 0.024414
0 0.220215 0.473633 0.011719 0.020508
0 0.657227 0.453613 0.011719 0.010742
0 0.306152 0.445312 0.010742 0.015625
0 0.640869 0.441650 0.012207 0.011230
0 0.323486 0.441406 0.010254 0.014648
0 0.051514 0.436523 0.010254 0.019531
0 0.124023 0.442627 0.026367 0.041504
0 0.012207 0.430908 0.014648 0.024902
0 0.235596 0.425293 0.015137 0.022461
0 0.269531 0.417480 0.008789 0.015625
0 0.711182 0.415039 0.010254 0.014648
0 0.810547 0.412109 0.007812 0.012695
0 0.599854 0.398926 0.009277 0.008789
0 0.619141 0.392090 0.010742 0.011719
0 0.035400 0.408447 0.026855 0.048340
0 0.319092 0.380371 0.006348 0.007812
0 0.633057 0.379395 0.008301 0.009766
0 0.185303 0.385742 0.020996 0.029297
0 0.090088 0.360840 0.019043 0.027344
0 0.287354 0.348877 0.009277 0.011230
0 0.216309 0.339600 0.013672 0.018066
0 0.177979 0.333496 0.014160 0.022461
0 0.119141 0.324219 0.020508 0.032227
0 0.058350 0.327393 0.023926 0.041504
0 0.213867 0.292236 0.006836 0.007324
0 0.173584 0.283203 0.013184 0.018555
0 0.136719 0.288818 0.024414 0.032715
0 0.082275 0.267090 0.025879 0.035156
0 0.917236 0.256592 0.016113 0.023926
0 0.780518 0.199463 0.028809 0.026855
0 0.677490 0.324219 0.010254 0.010742