0 0.665283 0.655518 0.011230 0.009277
0 0.202881 0.543213 0.011230 0.016113
0 0.020020 0.540283 0.021484 0.027832
0 0.245850 0.535889 0.022949 0.022949
0 0.107666 0.534180 0.030762 0.039062
0 0.196289 0.516846 0.008789 0.014160
0 0.167236 0.485352 0.010254 0.012695
0 0.256836 0.489746 0.020508 0.025391
0 0.189453 0.463867 0.013672 0.020508
0 0.414307 0.435059 0.006348 0.005859
0 0.629639 0.429688 0.014160 0.010742
0 0.018311 0.432373 0.015137 0.021973
0 0.090088 0.438721 0.029785 0.046387
0 0.613525 0.417236 0.012207 0.010254
0 0.356445 0.404297 0.007812 0.007812
0 0.262939 0.407959 0.010254 0.016113
0 0.010498 0.415039 0.010254 0.032227
0 0.684814 0.392822 0.010254 0.013184
0 0.784668 0.393066 0.008789 0.014648
0 0.201416 0.407715 0.022949 0.044922
0 0.951172 0.385498 0.008789 0.017090
0 0.324707 0.378906 0.006836 0.007812
0 0.255127 0.383789 0.013184 0.017578
0 0.220215 0.379639 0.010742 0.015137
0 0.564697 0.366943 0.012207 0.009277
0 0.154785 0.359375 0.023438 0.029297
0 0.597412 0.344971 0.007324 0.006348
0 0.100342 0.347412 0.010254 0.014160
0 0.254883 0.325195 0.009766 0.009766
0 0.061035 0.334229 0.024414 0.036621
0 0.219238 0.293701 0.010742 0.011230
0 0.146484 0.301270 0.018555 0.039062
0 0.179932 0.270020 0.014160 0.016602
0 0.098877 0.286133 0.041504 0.070312
0 0.144775 0.258301 0.025879 0.034180
0 0.871826 0.236328 0.015137 0.017578
0 0.762451 0.177979 0.028809 0.025879
0 0.139404 0.247314 0.014160 0.017090