0 0.602295 0.783203 0.017090 0.009766
0 0.585693 0.735596 0.016113 0.009277
0 0.581055 0.638672 0.011719 0.009766
0 0.665039 0.636475 0.014648 0.016113
0 0.401611 0.447754 0.007324 0.006836
0 0.480713 0.440674 0.011230 0.008301
0 0.408691 0.422363 0.006836 0.005859
0 0.495117 0.413086 0.006836 0.005859
0 0.621338 0.414062 0.014160 0.011719
0 0.374023 0.408447 0.007812 0.007324
0 0.606689 0.403809 0.015137 0.012695
0 0.676025 0.376221 0.012207 0.012207
0 0.775635 0.374023 0.010254 0.014648
0 0.204834 0.381104 0.018066 0.028809
0 0.538818 0.371094 0.011230 0.009766
0 0.319336 0.364990 0.010742 0.010254
0 0.556396 0.353516 0.013184 0.010742
0 0.283203 0.342285 0.007812 0.007812
0 0.604248 0.342773 0.013184 0.011719
0 0.147949 0.346191 0.023438 0.028320
0 0.587646 0.330078 0.012207 0.009766
0 0.098145 0.330078 0.015625 0.024414
0 0.055176 0.321045 0.014648 0.016113
0 0.250244 0.311035 0.011230 0.012695
0 0.140869 0.294189 0.019043 0.027832
0 0.213623 0.279785 0.008301 0.008789
0 0.636963 0.268555 0.015137 0.011719
0 0.176270 0.253174 0.011719 0.013184
0 0.091309 0.273438 0.041016 0.057617
0 0.130859 0.245850 0.016602 0.019043
0 0.137939 0.229980 0.007324 0.006836
0 0.712891 0.129395 0.020508 0.013672
0 0.776123 0.084961 0.023926 0.015625
0 0.351074 0.390381 0.008789 0.007324