0 0.265625 0.767822 0.018555 0.016113
0 0.235596 0.679443 0.035645 0.041504
0 0.628174 0.577393 0.012207 0.014160
0 0.949463 0.514893 0.006348 0.005371
0 0.520508 0.354980 0.009766 0.007812
0 0.596924 0.351074 0.016113 0.011719
0 0.423096 0.343018 0.011230 0.008301
0 0.580811 0.339600 0.020020 0.013184
0 0.467529 0.334961 0.009277 0.006836
0 0.651123 0.314697 0.012207 0.010254
0 0.511475 0.305664 0.012207 0.009766
0 0.654785 0.250732 0.009766 0.007324
0 0.577393 0.246826 0.012207 0.008301
0 0.840332 0.243164 0.014648 0.016602
0 0.804932 0.158447 0.029785 0.025879