0 0.653320 0.645752 0.007812 0.009277
0 0.620605 0.418945 0.014648 0.011719
0 0.603760 0.405029 0.011230 0.010254
0 0.014404 0.401855 0.012207 0.020508
0 0.250488 0.398926 0.011719 0.015625
0 0.082764 0.408447 0.027832 0.039551
0 0.193604 0.396973 0.020020 0.021484
0 0.675537 0.382568 0.011230 0.011230
0 0.776123 0.382812 0.010254 0.015625
0 0.943604 0.376953 0.007324 0.009766
0 0.535889 0.374268 0.009277 0.008301
0 0.316162 0.370850 0.009277 0.010254
0 0.199707 0.370117 0.012695 0.015625
0 0.237061 0.367188 0.015137 0.020508
0 0.554932 0.355713 0.012207 0.010254
0 0.277588 0.349609 0.011230 0.010742
0 0.145752 0.353760 0.019043 0.032715
0 0.586670 0.333496 0.013184 0.010742
0 0.089600 0.339355 0.021973 0.026367
0 0.677734 0.316895 0.008789 0.010742
0 0.245117 0.317871 0.011719 0.012695
0 0.051025 0.330566 0.030762 0.038086
0 0.602539 0.312256 0.006836 0.006348
0 0.135010 0.307373 0.017090 0.023926
0 0.208740 0.286865 0.012207 0.013184
0 0.169922 0.262695 0.013672 0.016602
0 0.135254 0.267578 0.030273 0.037109
0 0.086670 0.283203 0.042480 0.070312
0 0.130127 0.241943 0.010254 0.012207
0 0.861084 0.233643 0.014160 0.019043
0 0.761475 0.172363 0.030762 0.025391