0 0.467285 0.968750 0.034180 0.016602
0 0.435791 0.951904 0.027832 0.010254
0 0.601318 0.783691 0.025879 0.015625
0 0.593262 0.737305 0.006836 0.005859
0 0.636475 0.600342 0.010254 0.012207
0 0.469238 0.371826 0.006836 0.006348
0 0.596924 0.372559 0.014160 0.009766
0 0.468994 0.362305 0.007324 0.005859
0 0.580322 0.360352 0.013184 0.009766
0 0.535400 0.340820 0.014160 0.010742
0 0.751709 0.333252 0.008301 0.009277
0 0.651855 0.334961 0.013672 0.013672
0 0.512207 0.331299 0.006836 0.006348
0 0.918213 0.321045 0.008301 0.010254
0 0.531738 0.311035 0.012695 0.008789
0 0.653076 0.270508 0.010254 0.007812
0 0.698975 0.055908 0.024902 0.014160
0 0.383301 0.384766 0.009766 0.009766