0 0.343018 0.891113 0.037598 0.017578
0 0.295166 0.759033 0.016113 0.015137
0 0.254150 0.666504 0.028809 0.050781
0 0.019043 0.626953 0.013672 0.042969
0 0.052246 0.605225 0.016602 0.046387
0 0.111572 0.590820 0.028809 0.056641
0 0.650635 0.546387 0.009277 0.016602
0 0.283203 0.526855 0.007812 0.011719
0 0.044922 0.520996 0.025391 0.032227
0 0.140869 0.524902 0.025879 0.056641
0 0.952637 0.437012 0.013672 0.021484
0 0.081787 0.437256 0.034668 0.037598
0 0.227295 0.435547 0.016113 0.036133
0 0.322021 0.387695 0.011230 0.013672
0 0.236084 0.386475 0.022949 0.028809
0 0.956299 0.371094 0.011230 0.024414
0 0.168213 0.363770 0.011230 0.016602
0 0.359131 0.355225 0.010254 0.010254
0 0.594971 0.322021 0.018066 0.011230
0 0.072021 0.339600 0.031738 0.079590
0 0.103516 0.291748 0.011719 0.017090
0 0.305176 0.285645 0.006836 0.007812
0 0.644043 0.281250 0.011719 0.010742
0 0.190918 0.298096 0.041992 0.062012
0 0.747314 0.273682 0.012207 0.014160
0 0.265625 0.263428 0.012695 0.014160
0 0.220215 0.257812 0.004883 0.005859
0 0.075195 0.260742 0.027344 0.030273
0 0.578125 0.249512 0.010742 0.008789
0 0.137939 0.262207 0.029785 0.041016
0 0.227539 0.238281 0.005859 0.006836
0 0.832520 0.220703 0.007812 0.008789
0 0.120117 0.228271 0.022461 0.030762
0 0.641846 0.215820 0.012207 0.008789
0 0.196777 0.201172 0.013672 0.014648
0 0.153809 0.182129 0.010742 0.011719
0 0.141357 0.181641 0.017090 0.020508
0 0.812012 0.126709 0.034180 0.029785