0 0.549561 0.979004 0.033691 0.018555
0 0.443359 0.920898 0.006836 0.006836
0 0.451416 0.836670 0.030762 0.029785
0 0.757812 0.820801 0.023438 0.019531
0 0.290039 0.753906 0.016602 0.013672
0 0.286621 0.677734 0.040039 0.042969
0 0.031006 0.621338 0.041504 0.045410
0 0.076172 0.598633 0.024414 0.041992
0 0.674805 0.574463 0.012695 0.014160
0 0.135742 0.584961 0.026367 0.041016
0 0.311279 0.536377 0.011230 0.014160
0 0.072754 0.530273 0.025391 0.020508
0 0.170654 0.524902 0.027832 0.032227
0 0.253418 0.451172 0.017578 0.021484
0 0.047119 0.444336 0.009277 0.017578
0 0.117188 0.436768 0.029297 0.042480
0 0.254883 0.398926 0.047852 0.027344
0 0.320801 0.393799 0.013672 0.018066
0 0.455078 0.381836 0.012695 0.008789
0 0.196777 0.370605 0.012695 0.018555
0 0.423584 0.354736 0.012207 0.009277
0 0.286133 0.358887 0.014648 0.019531
0 0.324951 0.348389 0.012207 0.011230
0 0.101074 0.342773 0.039062 0.045898
0 0.214600 0.324463 0.020020 0.023926
0 0.162598 0.285400 0.022461 0.037598
0 0.110840 0.262451 0.029297 0.037598
0 0.261719 0.246582 0.006836 0.006836
0 0.226318 0.214844 0.007324 0.009766
0 0.089355 0.232178 0.068359 0.093262
0 0.129395 0.190918 0.018555 0.019531
0 0.335449 0.300049 0.007812 0.008301