0 0.552979 0.617432 0.007324 0.006348
0 0.637939 0.615967 0.014160 0.013184
0 0.392578 0.410889 0.006836 0.005371
0 0.524414 0.395264 0.006836 0.006348
0 0.346680 0.393066 0.007812 0.007812
0 0.600586 0.388184 0.011719 0.008789
0 0.584229 0.377197 0.012207 0.011230
0 0.753418 0.348145 0.005859 0.005859
0 0.653564 0.349365 0.011230 0.012207
0 0.511963 0.345703 0.011230 0.006836
0 0.919922 0.334229 0.010742 0.015137
0 0.252197 0.332031 0.012207 0.012695
0 0.530762 0.326904 0.013672 0.009277
0 0.562012 0.303711 0.011719 0.007812
0 0.217285 0.302246 0.009766 0.010742
0 0.654297 0.284424 0.009766 0.008301
0 0.577148 0.281982 0.006836 0.006348
0 0.139893 0.250000 0.013184 0.016602
0 0.104736 0.245117 0.024902 0.035156
0 0.098633 0.231201 0.012695 0.016113
0 0.837158 0.221191 0.015137 0.016602
0 0.758057 0.153809 0.032715 0.026367
0 0.382812 0.402588 0.011719 0.012207