0 0.482910 0.855957 0.034180 0.015625
0 0.302734 0.772217 0.010742 0.012207
0 0.296143 0.695068 0.041504 0.045410
0 0.038574 0.633789 0.044922 0.038086
0 0.085938 0.612305 0.024414 0.043945
0 0.603516 0.593262 0.007812 0.008789
0 0.153320 0.601318 0.036133 0.041504
0 0.007568 0.564209 0.007324 0.027832
0 0.324219 0.552490 0.008789 0.012207
0 0.093506 0.546875 0.006348 0.009766
0 0.182373 0.540771 0.026855 0.030762
0 0.267578 0.465820 0.019531 0.020508
0 0.133057 0.455811 0.024902 0.032715
0 0.270996 0.412598 0.041016 0.026367
0 0.329346 0.407227 0.014160 0.021484
0 0.213867 0.385498 0.014648 0.025879
0 0.438477 0.372070 0.009766 0.008789
0 0.299805 0.370117 0.011719 0.014648
0 0.320801 0.347656 0.010742 0.010742
0 0.116943 0.352539 0.033691 0.048828
0 0.227783 0.344727 0.027832 0.039062
0 0.036133 0.334961 0.018555 0.029297
0 0.312744 0.292969 0.008301 0.007812
0 0.181152 0.300537 0.028320 0.030762
0 0.127686 0.280029 0.028809 0.039551
0 0.167969 0.249756 0.013672 0.019043
0 0.246338 0.227295 0.007324 0.007324
0 0.203125 0.206787 0.011719 0.010254
0 0.110107 0.247314 0.089355 0.100098
0 0.380859 0.341309 0.006836 0.006836
0 0.349854 0.315918 0.008301 0.007812