0 0.345703 0.864258 0.021484 0.013672
0 0.299316 0.772949 0.025391 0.045898
0 0.105957 0.691650 0.016602 0.026855
0 0.060303 0.698730 0.029785 0.041016
0 0.712402 0.683838 0.012695 0.015137
0 0.171631 0.672363 0.033691 0.038086
0 0.346191 0.636475 0.008789 0.009277
0 0.204590 0.613525 0.028320 0.033691
0 0.024902 0.615967 0.028320 0.043457
0 0.291504 0.541992 0.018555 0.019531
0 0.054688 0.538574 0.009766 0.014648
0 0.679443 0.520264 0.007324 0.011230
0 0.155029 0.523926 0.024902 0.036133
0 0.307861 0.489502 0.019043 0.026855
0 0.917236 0.483398 0.008301 0.028320
0 0.681396 0.458008 0.013184 0.011719
0 0.242432 0.460938 0.014160 0.017578
0 0.664551 0.445312 0.013672 0.014648
0 0.877441 0.446533 0.009766 0.025879
0 0.218750 0.439941 0.007812 0.014648
0 0.734863 0.419678 0.009766 0.014160
0 0.149170 0.423828 0.021973 0.043945
0 0.264160 0.410889 0.014648 0.020996
0 0.039307 0.406738 0.011230 0.017578
0 0.195068 0.407471 0.012207 0.021973
0 0.613525 0.392578 0.008301 0.007812
0 0.645752 0.369385 0.006348 0.006348
0 0.061768 0.383057 0.022949 0.046387
0 0.221436 0.360840 0.020996 0.031250
0 0.159180 0.347412 0.022461 0.024902
0 0.256104 0.342041 0.014160 0.017090
0 0.315674 0.336914 0.011230 0.010742
0 0.119873 0.339600 0.023926 0.030762
0 0.207764 0.320801 0.014160 0.021484
0 0.254883 0.307617 0.010742 0.011719
0 0.284424 0.303467 0.010254 0.010254
0 0.097656 0.308594 0.041016 0.044922
0 0.246582 0.277344 0.007812 0.008789
0 0.215820 0.271484 0.013672 0.014648
0 0.116943 0.258789 0.020996 0.032227
0 0.159912 0.291748 0.041504 0.061035
0 0.836670 0.424316 0.005371 0.005859
0 0.200928 0.250732 0.015137 0.017090