0 0.557373 0.994629 0.022949 0.005859
0 0.444092 0.934326 0.020996 0.009277
0 0.474854 0.849854 0.036621 0.017090
0 0.299561 0.768311 0.016113 0.014160
0 0.291992 0.691650 0.038086 0.042480
0 0.036621 0.630615 0.048828 0.046387
0 0.083740 0.612061 0.022949 0.045410
0 0.683838 0.591797 0.011230 0.013672
0 0.600586 0.589355 0.008789 0.008789
0 0.145020 0.595703 0.029297 0.042969
0 0.005859 0.561279 0.003906 0.013184
0 0.321777 0.549561 0.011719 0.013184
0 0.088623 0.542480 0.016113 0.019531
0 0.177490 0.537598 0.030762 0.033203
0 0.265137 0.462158 0.019531 0.021973
0 0.128662 0.450439 0.027832 0.031738
0 0.268799 0.410400 0.037598 0.026855
0 0.327881 0.401611 0.012207 0.012207
0 0.210938 0.385010 0.013672 0.020996
0 0.434082 0.368408 0.009766 0.008301
0 0.297363 0.367676 0.011719 0.015625
0 0.321533 0.349609 0.011230 0.009766
0 0.114502 0.352051 0.028809 0.046875
0 0.225830 0.338623 0.023926 0.044434
0 0.033203 0.333008 0.017578 0.038086
0 0.308350 0.290527 0.007324 0.007812
0 0.175781 0.304688 0.030273 0.046875
0 0.077637 0.274414 0.032227 0.032227
0 0.274658 0.259766 0.004395 0.005859
0 0.122070 0.271973 0.029297 0.039062
0 0.162354 0.246826 0.018066 0.022949
0 0.239014 0.227539 0.006348 0.007812
0 0.116943 0.225098 0.051270 0.069336
0 0.163574 0.179199 0.004883 0.004883
0 0.137939 0.208008 0.010254 0.011719