0 0.491211 0.945801 0.041992 0.015625
0 0.415039 0.914062 0.040039 0.015625
0 0.351074 0.820801 0.022461 0.011719
0 0.248291 0.746826 0.008301 0.010254
0 0.255615 0.670410 0.052246 0.047852
0 0.095703 0.576660 0.026367 0.041992
0 0.635986 0.558350 0.011230 0.012207
0 0.270752 0.526855 0.009277 0.013672
0 0.025146 0.525879 0.010254 0.021484
0 0.126953 0.512207 0.030273 0.044922
0 0.944824 0.466064 0.009766 0.028809
0 0.213379 0.442383 0.016602 0.020508
0 0.077637 0.427979 0.028320 0.043457
0 0.948975 0.402832 0.009277 0.021484
0 0.291504 0.393799 0.013672 0.016113
0 0.216797 0.389893 0.039062 0.022949
0 0.466797 0.350342 0.014648 0.012207
0 0.240723 0.348389 0.008789 0.011230
0 0.515869 0.339111 0.010254 0.008301
0 0.060059 0.343018 0.033203 0.049316
0 0.583008 0.325195 0.032227 0.023438
0 0.174316 0.312256 0.020508 0.028809
0 0.645508 0.293457 0.005859 0.005859
0 0.507568 0.291992 0.006348 0.006836
0 0.746338 0.290771 0.011230 0.013184
0 0.123047 0.279785 0.018555 0.027344
0 0.552734 0.249268 0.016602 0.008301
0 0.815430 0.244629 0.008789 0.009766
0 0.070557 0.257324 0.024902 0.041992
0 0.816650 0.175781 0.020020 0.018555
0 0.702148 0.081787 0.009766 0.007324
0 0.664795 0.082031 0.020020 0.011719
0 0.153320 0.364258 0.010742 0.016602
0 0.033936 0.590332 0.015137 0.043945