0 0.525635 0.876709 0.032715 0.016113
0 0.330078 0.801270 0.019531 0.014648
0 0.321533 0.720459 0.031738 0.040527
0 0.050293 0.672852 0.030273 0.035156
0 0.103516 0.649170 0.018555 0.033691
0 0.169434 0.634766 0.030273 0.036133
0 0.617920 0.612549 0.009277 0.010254
0 0.341797 0.579834 0.009766 0.012207
0 0.019043 0.593506 0.028320 0.057129
0 0.198975 0.571045 0.029785 0.033691
0 0.281738 0.493896 0.018555 0.020996
0 0.115479 0.478516 0.008301 0.017578
0 0.143799 0.484131 0.023926 0.032715
0 0.279785 0.442139 0.047852 0.021973
0 0.426758 0.427490 0.008789 0.006348
0 0.340332 0.418457 0.013672 0.018555
0 0.226562 0.420166 0.013672 0.025879
0 0.303711 0.384277 0.008789 0.010742
0 0.127197 0.386963 0.033691 0.046387
0 0.393799 0.364258 0.007324 0.006836
0 0.309082 0.353760 0.015625 0.016113
0 0.361084 0.341064 0.007324 0.006348
0 0.247803 0.357910 0.030762 0.040039
0 0.042969 0.356445 0.030273 0.045898
0 0.190430 0.331543 0.026367 0.029297
0 0.132080 0.313477 0.024902 0.029297
0 0.178223 0.278076 0.015625 0.019043
0 0.062500 0.283691 0.024414 0.033203
0 0.212158 0.235107 0.009277 0.008301
0 0.103027 0.289307 0.058594 0.075684
0 0.135986 0.239990 0.028809 0.027832
0 0.158691 0.233643 0.019531 0.021973