0 0.447021 0.934814 0.012207 0.007324
0 0.476562 0.851074 0.032227 0.016602
0 0.301025 0.769531 0.016113 0.013672
0 0.296387 0.692139 0.041016 0.043457
0 0.038086 0.632812 0.048828 0.040039
0 0.085205 0.610840 0.025879 0.042969
0 0.601318 0.590820 0.007324 0.007812
0 0.685303 0.593018 0.013184 0.015137
0 0.151123 0.596924 0.034668 0.045410
0 0.006348 0.562988 0.005859 0.023438
0 0.322998 0.550781 0.012207 0.012695
0 0.093018 0.544434 0.008301 0.017578
0 0.180176 0.537842 0.030273 0.028809
0 0.265869 0.463135 0.020020 0.020996
0 0.129150 0.451416 0.027832 0.030762
0 0.271484 0.411133 0.039062 0.025391
0 0.329346 0.402588 0.012207 0.014160
0 0.446045 0.377930 0.007324 0.006836
0 0.211182 0.386230 0.015137 0.023438
0 0.435791 0.369629 0.010254 0.009766
0 0.297607 0.368896 0.013184 0.014160
0 0.322021 0.348389 0.012207 0.011230
0 0.378174 0.338379 0.009277 0.007812
0 0.116943 0.353271 0.033691 0.042480
0 0.229492 0.334473 0.017578 0.032227
0 0.036377 0.331055 0.020996 0.044922
0 0.309570 0.291504 0.010742 0.009766
0 0.180908 0.295410 0.031738 0.038086
0 0.122803 0.271484 0.033691 0.044922
0 0.166504 0.244385 0.018555 0.022949
0 0.238525 0.229248 0.006348 0.007324
0 0.202881 0.201660 0.007324 0.005859
0 0.105713 0.242676 0.087402 0.097656