0 0.554443 0.620117 0.009277 0.007812
0 0.638672 0.618408 0.014648 0.014160
0 0.393066 0.415283 0.006836 0.006348
0 0.347168 0.397705 0.008789 0.009277
0 0.599609 0.389893 0.014648 0.009277
0 0.579590 0.376953 0.009766 0.006836
0 0.510742 0.349121 0.005859 0.005859
0 0.652100 0.350830 0.010254 0.010254
0 0.753418 0.349365 0.010742 0.013184
0 0.251709 0.337158 0.009277 0.010254
0 0.920166 0.337158 0.009277 0.015137
0 0.530029 0.328857 0.012207 0.009277
0 0.176025 0.329102 0.017090 0.020508
0 0.217041 0.306885 0.008301 0.009277
0 0.561279 0.305664 0.008301 0.006836
0 0.575195 0.283936 0.010742 0.008301
0 0.179932 0.277100 0.008301 0.008301
0 0.136719 0.257568 0.012695 0.015137
0 0.096924 0.238037 0.007324 0.007324
0 0.106201 0.252686 0.030762 0.038574
0 0.074707 0.248535 0.043945 0.064453
0 0.836914 0.221680 0.017578 0.019531
0 0.754395 0.153076 0.027344 0.020996