0 0.351562 0.899658 0.017578 0.010254
0 0.305664 0.765381 0.016602 0.013184
0 0.273926 0.680176 0.024414 0.040039
0 0.029297 0.628662 0.034180 0.051270
0 0.074219 0.605713 0.021484 0.039551
0 0.133301 0.589844 0.030273 0.042969
0 0.669922 0.572021 0.011719 0.017090
0 0.306641 0.539795 0.009766 0.014160
0 0.072021 0.536133 0.020020 0.030273
0 0.164307 0.529297 0.028809 0.035156
0 0.248779 0.448730 0.017090 0.024414
0 0.106689 0.444824 0.033691 0.038086
0 0.009277 0.430664 0.006836 0.010742
0 0.377197 0.401611 0.006348 0.006348
0 0.262207 0.394775 0.028320 0.049316
0 0.426758 0.364014 0.005859 0.006348
0 0.340576 0.359619 0.006348 0.006348
0 0.202637 0.336426 0.020508 0.036133
0 0.097900 0.345703 0.029785 0.054688
0 0.129395 0.320801 0.008789 0.012695
0 0.325684 0.303955 0.009766 0.009277
0 0.287598 0.282227 0.009766 0.009766
0 0.222900 0.282715 0.017090 0.021484
0 0.160400 0.281250 0.016113 0.027344
0 0.098145 0.287842 0.023438 0.041504
0 0.054199 0.286133 0.033203 0.054688
0 0.254150 0.250488 0.008301 0.008789
0 0.141602 0.242920 0.010742 0.014160
0 0.080811 0.236328 0.018066 0.024414
0 0.217529 0.220459 0.011230 0.010254
0 0.162354 0.199951 0.025879 0.020996
0 0.146484 0.186523 0.021484 0.035156
0 0.116211 0.188232 0.053711 0.063965
0 0.416504 0.356201 0.013672 0.010254