0 0.364502 0.897949 0.029785 0.013672
0 0.304199 0.767334 0.016602 0.015137
0 0.261719 0.679688 0.029297 0.046875
0 0.024658 0.649170 0.007324 0.017090
0 0.052979 0.613037 0.018066 0.036621
0 0.112549 0.603027 0.028809 0.063477
0 0.642578 0.559082 0.011719 0.015625
0 0.049072 0.547607 0.020020 0.029785
0 0.282959 0.534912 0.007324 0.012207
0 0.139893 0.521240 0.026855 0.062012
0 0.951172 0.470215 0.014648 0.036133
0 0.222900 0.443848 0.017090 0.027344
0 0.081299 0.448486 0.027832 0.037598
0 0.961914 0.410156 0.011719 0.022461
0 0.314453 0.395264 0.010742 0.013184
0 0.230225 0.397217 0.025879 0.027832
0 0.161133 0.377686 0.012695 0.015137
0 0.353516 0.362061 0.010742 0.011230
0 0.528320 0.335693 0.011719 0.009277
0 0.063232 0.350098 0.032715 0.044922
0 0.606689 0.329834 0.013184 0.011230
0 0.171631 0.327393 0.020020 0.027832
0 0.589844 0.318115 0.020508 0.015137
0 0.093750 0.307861 0.018555 0.032715
0 0.658691 0.292969 0.012695 0.011719
0 0.760010 0.291016 0.011230 0.013672
0 0.192139 0.290771 0.023926 0.029785
0 0.254883 0.273438 0.014648 0.014648
0 0.063232 0.279785 0.023926 0.028320
0 0.123047 0.281006 0.025391 0.035645
0 0.536377 0.267334 0.016113 0.009277
0 0.566162 0.246094 0.011230 0.007812
0 0.218506 0.244629 0.014160 0.014648
0 0.105957 0.243652 0.020508 0.026367
0 0.660400 0.226807 0.013184 0.011230
0 0.182861 0.214355 0.014160 0.014648
0 0.142822 0.194580 0.012207 0.014160
0 0.125000 0.197754 0.026367 0.031250
0 0.835205 0.151855 0.031738 0.030273