0 0.334229 0.875000 0.016113 0.010742
0 0.310547 0.796143 0.041016 0.059082
0 0.068359 0.747559 0.016602 0.024414
0 0.103760 0.729004 0.016113 0.021484
0 0.604492 0.687988 0.011719 0.010742
0 0.165039 0.703369 0.036133 0.042480
0 0.687744 0.690674 0.019043 0.018066
0 0.030762 0.667725 0.008789 0.020020
0 0.336426 0.649902 0.009766 0.010742
0 0.195312 0.643066 0.029297 0.030273
0 0.232422 0.575439 0.012695 0.020020
0 0.052979 0.564697 0.013184 0.021973
0 0.276367 0.564453 0.019531 0.024414
0 0.139648 0.557861 0.028320 0.035645
0 0.190674 0.542969 0.008301 0.014648
0 0.196533 0.518066 0.013184 0.020508
0 0.286621 0.514893 0.022461 0.022949
0 0.221436 0.486328 0.011230 0.021484
0 0.664062 0.461182 0.009766 0.008301
0 0.307373 0.454102 0.011230 0.014648
0 0.051758 0.457275 0.014648 0.025879
0 0.324951 0.451172 0.011230 0.014648
0 0.123535 0.461182 0.026367 0.044434
0 0.385986 0.435059 0.007324 0.008789
0 0.013672 0.448242 0.018555 0.041992
0 0.234131 0.437256 0.016113 0.020996
0 0.718506 0.426270 0.007324 0.008789
0 0.268311 0.429688 0.010254 0.015625
0 0.033936 0.426758 0.026855 0.051758
0 0.596924 0.395752 0.007324 0.009277
0 0.181152 0.401123 0.023438 0.028809
0 0.618164 0.386963 0.009766 0.012207
0 0.629395 0.374512 0.005859 0.006836
0 0.086670 0.379395 0.020020 0.029297
0 0.721191 0.357910 0.008789 0.011719
0 0.212646 0.354004 0.014160 0.018555
0 0.172852 0.348145 0.016602 0.024414
0 0.053711 0.347168 0.024414 0.041992
0 0.207764 0.302734 0.009277 0.011719
0 0.164062 0.301514 0.014648 0.020996
0 0.122070 0.323242 0.038086 0.068359
0 0.072998 0.286133 0.021973 0.029297
0 0.907715 0.236084 0.011719 0.016113
0 0.769287 0.187256 0.020996 0.022949
0 0.165039 0.285400 0.006836 0.008301