0 0.553955 0.989502 0.031738 0.018066
0 0.438232 0.925781 0.011230 0.007812
0 0.463867 0.844482 0.037109 0.026855
0 0.295898 0.762451 0.014648 0.011230
0 0.292236 0.685303 0.039551 0.040527
0 0.034180 0.624023 0.045898 0.045898
0 0.078857 0.607910 0.029785 0.033203
0 0.680664 0.582031 0.011719 0.016602
0 0.141113 0.592529 0.030273 0.042480
0 0.316650 0.543457 0.011230 0.012695
0 0.081787 0.536865 0.016113 0.022949
0 0.173584 0.532227 0.028809 0.029297
0 0.260254 0.457520 0.017578 0.021484
0 0.059570 0.451660 0.005859 0.010742
0 0.124023 0.443359 0.027344 0.035156
0 0.323730 0.399170 0.010742 0.015137
0 0.266357 0.404297 0.033691 0.026367
0 0.450684 0.392090 0.005859 0.005859
0 0.428955 0.362061 0.011230 0.009277
0 0.292236 0.362305 0.012207 0.015625
0 0.323242 0.349854 0.011719 0.011230
0 0.110107 0.344971 0.031738 0.054199
0 0.035156 0.320557 0.003906 0.005371
0 0.211426 0.351074 0.039062 0.072266
0 0.304443 0.282227 0.006348 0.005859
0 0.170898 0.299805 0.032227 0.051758
0 0.116455 0.268555 0.028809 0.038086
0 0.269775 0.251953 0.006348 0.005859
0 0.160156 0.242432 0.013672 0.016113
0 0.091553 0.236328 0.071777 0.095703
0 0.134277 0.198242 0.014648 0.015625