0 0.641846 0.602295 0.012207 0.014160
0 0.449219 0.392090 0.006836 0.005859
0 0.345703 0.385742 0.009766 0.009766
0 0.597168 0.376221 0.013672 0.009277
0 0.580322 0.365967 0.015137 0.011230
0 0.509277 0.336426 0.010742 0.007812
0 0.649902 0.336670 0.011719 0.011230
0 0.750000 0.332764 0.009766 0.011230
0 0.527344 0.316650 0.015625 0.010254
0 0.914551 0.312988 0.007812 0.007812
0 0.557373 0.292480 0.013184 0.008789
0 0.648438 0.271973 0.011719 0.007812
0 0.833008 0.216797 0.020508 0.023438
0 0.757812 0.143799 0.032227 0.024902
0 0.381348 0.395752 0.012695 0.012207