0 0.309570 0.768799 0.014648 0.011230
0 0.270508 0.678223 0.028320 0.043945
0 0.028320 0.619385 0.037109 0.057129
0 0.070801 0.599121 0.030273 0.037109
0 0.673096 0.577148 0.011230 0.016602
0 0.134033 0.585205 0.029785 0.044434
0 0.308594 0.538574 0.011719 0.011719
0 0.072021 0.528076 0.015137 0.028809
0 0.164307 0.523193 0.030762 0.038574
0 0.251221 0.445801 0.019043 0.024414
0 0.110596 0.441650 0.031738 0.034668
0 0.011475 0.421875 0.013184 0.031250
0 0.384766 0.401855 0.008789 0.009766
0 0.268066 0.390625 0.030273 0.045898
0 0.431396 0.367432 0.009277 0.007324
0 0.340088 0.359375 0.006348 0.006836
0 0.100830 0.345459 0.028809 0.043457
0 0.137207 0.315186 0.009766 0.015137
0 0.207764 0.335205 0.024902 0.041504
0 0.293701 0.282471 0.009277 0.009277
0 0.229248 0.279541 0.015137 0.017090
0 0.164551 0.282471 0.020508 0.040527
0 0.102295 0.278076 0.029785 0.034668
0 0.262695 0.248779 0.007812 0.009277
0 0.148193 0.236328 0.014160 0.015625
0 0.224121 0.217285 0.012695 0.009766
0 0.186768 0.190674 0.006348 0.006348
0 0.173584 0.196533 0.019043 0.020996
0 0.156738 0.181885 0.026367 0.035645
0 0.421875 0.359619 0.010742 0.009277
0 0.151123 0.167480 0.009277 0.008789