0 0.260742 0.753418 0.015625 0.014648
0 0.243164 0.671143 0.027344 0.029785
0 0.037842 0.606445 0.020996 0.050781
0 0.096191 0.598389 0.038086 0.068848
0 0.631592 0.567627 0.010254 0.014160
0 0.269775 0.539551 0.010254 0.013672
0 0.029785 0.538330 0.024414 0.025879
0 0.127686 0.531006 0.028809 0.030762
0 0.950195 0.501709 0.008789 0.015137
0 0.069336 0.449951 0.030273 0.036621
0 0.211182 0.446045 0.017090 0.029785
0 0.516846 0.345215 0.011230 0.007812
0 0.594727 0.340088 0.019531 0.012207
0 0.419922 0.336670 0.011719 0.009277
0 0.577881 0.328857 0.018066 0.013184
0 0.648926 0.302734 0.012695 0.011719
0 0.749023 0.303955 0.013672 0.015137
0 0.507324 0.297363 0.014648 0.009766
0 0.836670 0.239258 0.015137 0.016602
0 0.811035 0.151367 0.035156 0.029297
0 0.526611 0.277832 0.014160 0.008789
0 0.465820 0.338623 0.007812 0.006348