0 0.356689 0.902344 0.005371 0.005859
0 0.309814 0.768555 0.013184 0.010742
0 0.271240 0.677246 0.024902 0.040039
0 0.028564 0.627197 0.031738 0.040527
0 0.073486 0.605957 0.020020 0.027344
0 0.132568 0.591309 0.028809 0.031250
0 0.670654 0.573486 0.011230 0.013184
0 0.307617 0.541016 0.009766 0.011719
0 0.073486 0.540527 0.018066 0.026367
0 0.166016 0.534180 0.029297 0.032227
0 0.250488 0.452148 0.021484 0.022461
0 0.108643 0.447021 0.031738 0.040527
0 0.006348 0.433838 0.005859 0.030762
0 0.378906 0.403564 0.008789 0.010254
0 0.262451 0.396484 0.024902 0.041992
0 0.428223 0.366211 0.008789 0.007812
0 0.337158 0.363770 0.011230 0.011719
0 0.203125 0.338379 0.019531 0.033203
0 0.130859 0.323730 0.009766 0.019531
0 0.097168 0.336182 0.033203 0.080566
0 0.222168 0.284424 0.016602 0.019043
0 0.154785 0.296387 0.028320 0.051758
0 0.098389 0.281738 0.024902 0.025391
0 0.253418 0.253662 0.013672 0.013184
0 0.141113 0.246582 0.013672 0.016602
0 0.062012 0.274414 0.043945 0.081055
0 0.088867 0.225342 0.011719 0.015137
0 0.210693 0.226318 0.022949 0.020996
0 0.179932 0.198486 0.010254 0.010254
0 0.164795 0.202637 0.020020 0.021484
0 0.103760 0.203613 0.023926 0.026367
0 0.417480 0.358154 0.012695 0.010254
0 0.152588 0.186768 0.041504 0.046387