0 0.562012 0.795898 0.018555 0.014648
0 0.539551 0.742432 0.020508 0.014160
0 0.564941 0.668945 0.009766 0.008789
0 0.649902 0.667969 0.015625 0.015625
0 0.142334 0.613281 0.027832 0.034180
0 0.227295 0.538330 0.017090 0.020996
0 0.368408 0.510254 0.009277 0.011719
0 0.094482 0.521484 0.024902 0.053711
0 0.239502 0.493408 0.020996 0.034668
0 0.172119 0.464111 0.013184 0.018066
0 0.500977 0.452881 0.009766 0.006348
0 0.596436 0.435547 0.008301 0.006836
0 0.340820 0.417725 0.006836 0.006348
0 0.770752 0.418213 0.008301 0.011230
0 0.076660 0.431885 0.028320 0.044434
0 0.670898 0.413330 0.009766 0.011230
0 0.935547 0.398926 0.005859 0.005859
0 0.193359 0.408447 0.016602 0.029785
0 0.549316 0.382812 0.008789 0.007812
0 0.137207 0.374512 0.022461 0.031250
0 0.582764 0.362061 0.012207 0.010254
0 0.625732 0.354980 0.015137 0.011719
0 0.676514 0.347900 0.009277 0.010254
0 0.085693 0.349854 0.010254 0.016113
0 0.043213 0.346680 0.033691 0.042969
0 0.620361 0.326172 0.013184 0.011719
0 0.129883 0.322021 0.012695 0.018066
0 0.083252 0.298340 0.041504 0.067383
0 0.913818 0.255127 0.013184 0.016113
0 0.706543 0.183838 0.019531 0.014160
0 0.770752 0.138184 0.020996 0.018555