0 0.596436 0.786377 0.020996 0.013184
0 0.580078 0.737549 0.017578 0.009277
0 0.660400 0.636230 0.014160 0.012695
0 0.396973 0.441895 0.006836 0.005859
0 0.477783 0.437012 0.010254 0.007812
0 0.409912 0.416016 0.007324 0.005859
0 0.622803 0.413086 0.015137 0.013672
0 0.374512 0.401611 0.006836 0.006348
0 0.606689 0.402344 0.016113 0.012695
0 0.777588 0.378906 0.010254 0.013672
0 0.677734 0.377686 0.010742 0.012207
0 0.540771 0.368652 0.009277 0.007812
0 0.207275 0.367432 0.017090 0.030762
0 0.322021 0.356201 0.010254 0.011230
0 0.559570 0.350342 0.010742 0.009277
0 0.603516 0.345459 0.013672 0.010254
0 0.286133 0.333252 0.012695 0.012207
0 0.150391 0.331543 0.024414 0.032227
0 0.681641 0.313477 0.007812 0.007812
0 0.607178 0.308350 0.011230 0.008301
0 0.103027 0.312256 0.019531 0.027832
0 0.059814 0.303223 0.009277 0.010742
0 0.253418 0.300781 0.010742 0.011719
0 0.144775 0.283447 0.018066 0.026855
0 0.631348 0.270752 0.006836 0.006348
0 0.181641 0.241211 0.014648 0.014648
0 0.098633 0.256592 0.046875 0.065918
0 0.144531 0.227783 0.035156 0.031738
0 0.722900 0.127930 0.010254 0.008789
0 0.547607 0.418457 0.006348 0.006836