0 0.378906 0.951660 0.039062 0.017578
0 0.362793 0.826904 0.012695 0.008301
0 0.315918 0.735596 0.023438 0.046387
0 0.067383 0.691895 0.040039 0.043945
0 0.115234 0.666504 0.021484 0.037109
0 0.177734 0.646973 0.031250 0.037109
0 0.350342 0.596680 0.012207 0.012695
0 0.028809 0.602051 0.037109 0.053711
0 0.207275 0.589355 0.025879 0.030273
0 0.291016 0.506348 0.020508 0.022461
0 0.150879 0.504150 0.031250 0.032715
0 0.301514 0.455566 0.020996 0.028320
0 0.234375 0.432617 0.012695 0.022461
0 0.458984 0.413818 0.009766 0.007324
0 0.279785 0.409424 0.008789 0.013184
0 0.399414 0.386230 0.007812 0.007812
0 0.131836 0.399902 0.033203 0.045898
0 0.580811 0.380371 0.011230 0.009766
0 0.177490 0.381592 0.011230 0.020996
0 0.255371 0.379150 0.025391 0.040527
0 0.366943 0.360840 0.010254 0.008789
0 0.587158 0.358887 0.007324 0.007812
0 0.606201 0.339111 0.011230 0.007324
0 0.328613 0.339600 0.011719 0.014160
0 0.244141 0.333984 0.015625 0.020508
0 0.141357 0.331055 0.020996 0.026367
0 0.207764 0.339355 0.033691 0.049805
0 0.638184 0.317139 0.012695 0.011230
0 0.294434 0.311523 0.009766 0.010742
0 0.181396 0.306641 0.012207 0.014648
0 0.213135 0.263428 0.022949 0.025879
0 0.182373 0.258301 0.013184 0.016602
0 0.120850 0.295410 0.064941 0.094727
0 0.072510 0.276855 0.038574 0.075195