0 0.610596 0.932373 0.036621 0.027832
0 0.328369 0.864014 0.017090 0.010254
0 0.315674 0.776855 0.031738 0.040039
0 0.106689 0.706299 0.012207 0.018066
0 0.062012 0.715576 0.033203 0.041504
0 0.704834 0.682617 0.015137 0.014648
0 0.169678 0.684570 0.034668 0.047852
0 0.343506 0.641602 0.007324 0.008789
0 0.023926 0.638184 0.019531 0.043945
0 0.202148 0.625488 0.026367 0.029297
0 0.241699 0.561768 0.011719 0.020996
0 0.287109 0.551758 0.019531 0.023438
0 0.062256 0.541260 0.011230 0.020020
0 0.152588 0.536377 0.024902 0.035645
0 0.190918 0.524170 0.007812 0.014160
0 0.299072 0.501221 0.020996 0.022949
0 0.208984 0.500732 0.015625 0.027832
0 0.236084 0.469971 0.012207 0.020996
0 0.676270 0.458252 0.006836 0.010254
0 0.351318 0.450928 0.010254 0.015137
0 0.326416 0.447754 0.010254 0.012695
0 0.068359 0.430420 0.005859 0.015137
0 0.140137 0.441650 0.027344 0.039551
0 0.291260 0.420410 0.009277 0.011719
0 0.728516 0.417969 0.007812 0.012695
0 0.252197 0.421387 0.017090 0.022461
0 0.589600 0.410645 0.006348 0.006836
0 0.372803 0.402100 0.006348 0.007324
0 0.607178 0.392578 0.007324 0.008789
0 0.042236 0.407959 0.045410 0.061035
0 0.335205 0.377441 0.009277 0.010742
0 0.201172 0.382568 0.020508 0.023926
0 0.302490 0.345947 0.009277 0.010254
0 0.244873 0.348633 0.015137 0.018555
0 0.102295 0.354736 0.033691 0.038574
0 0.194092 0.328125 0.016113 0.023438
0 0.270996 0.311279 0.004883 0.005371
0 0.135986 0.320312 0.021973 0.035156
0 0.068848 0.322998 0.037109 0.045410
0 0.230957 0.287842 0.010742 0.012207
0 0.154297 0.293457 0.024414 0.043945
0 0.191162 0.278809 0.025879 0.030273
0 0.189941 0.264404 0.008789 0.010254
0 0.098145 0.264648 0.023438 0.028320
0 0.639404 0.370850 0.010254 0.013184