0 0.340088 0.888184 0.016113 0.012695
0 0.292969 0.800293 0.026367 0.044922
0 0.098633 0.737549 0.013672 0.021973
0 0.606445 0.697266 0.008789 0.007812
0 0.158691 0.711426 0.037109 0.041992
0 0.694092 0.692627 0.013184 0.013184
0 0.331543 0.664307 0.009766 0.009277
0 0.189453 0.651855 0.029297 0.031250
0 0.041992 0.587158 0.033203 0.026855
0 0.271240 0.572266 0.019043 0.022461
0 0.132080 0.568848 0.028809 0.034180
0 0.698242 0.528076 0.007812 0.012207
0 0.284180 0.520996 0.022461 0.026367
0 0.891113 0.504150 0.010742 0.021973
0 0.216309 0.499023 0.012695 0.022461
0 0.161377 0.496338 0.007324 0.017090
0 0.657959 0.470947 0.014160 0.013184
0 0.645264 0.461670 0.008301 0.010254
0 0.166260 0.453857 0.011230 0.016113
0 0.121094 0.470215 0.023438 0.050781
0 0.010010 0.455078 0.010254 0.024414
0 0.234131 0.447021 0.023926 0.023926
0 0.839600 0.440674 0.012207 0.020996
0 0.712891 0.434326 0.008789 0.012207
0 0.812988 0.432861 0.008789 0.016113
0 0.029053 0.448242 0.030762 0.062500
0 0.186768 0.402832 0.022949 0.028320
0 0.123291 0.394531 0.021973 0.030273
0 0.982910 0.397217 0.015625 0.041504
0 0.081299 0.391846 0.026855 0.031738
0 0.214844 0.375000 0.012695 0.022461
0 0.169678 0.362549 0.011230 0.017090
0 0.109863 0.353271 0.016602 0.031738
0 0.049316 0.358154 0.024414 0.042480
0 0.069580 0.306641 0.020020 0.032227
0 0.128662 0.329834 0.014160 0.033691