0 0.406982 0.951904 0.044434 0.017090
0 0.376709 0.827393 0.016113 0.010254
0 0.325684 0.739990 0.022461 0.043457
0 0.070068 0.715820 0.030762 0.038086
0 0.119629 0.688721 0.020508 0.034668
0 0.180176 0.664307 0.032227 0.034668
0 0.628174 0.610107 0.010254 0.011230
0 0.028564 0.630371 0.032715 0.070312
0 0.349609 0.599365 0.010742 0.012207
0 0.207275 0.602295 0.030762 0.026855
0 0.284424 0.509033 0.019043 0.021973
0 0.141846 0.510010 0.020996 0.029785
0 0.293945 0.456543 0.023438 0.025391
0 0.224121 0.440186 0.010742 0.016113
0 0.280762 0.415771 0.009766 0.011230
0 0.122559 0.413574 0.035156 0.050781
0 0.165039 0.390381 0.009766 0.020996
0 0.237305 0.391602 0.014648 0.024414
0 0.353760 0.357666 0.007324 0.007324
0 0.312500 0.338379 0.008789 0.007812
0 0.080811 0.343018 0.027832 0.025879
0 0.124756 0.341553 0.015137 0.025879
0 0.189697 0.343506 0.026855 0.031738
0 0.233887 0.334961 0.014648 0.017578
0 0.166260 0.308105 0.017090 0.026367
0 0.106445 0.301514 0.009766 0.017090
0 0.049316 0.312500 0.026367 0.047852
0 0.115967 0.274902 0.030762 0.030273
0 0.189453 0.271973 0.022461 0.025391
0 0.164307 0.262451 0.013184 0.016113
0 0.069092 0.253174 0.021973 0.032715