0 0.380615 0.939453 0.030762 0.013672
0 0.358154 0.815186 0.016113 0.010254
0 0.311523 0.726807 0.021484 0.039551
0 0.064209 0.689453 0.041504 0.039062
0 0.108398 0.667969 0.021484 0.041016
0 0.171387 0.646484 0.033203 0.035156
0 0.616455 0.609863 0.007324 0.006836
0 0.021729 0.616211 0.027832 0.063477
0 0.341064 0.588379 0.008301 0.008789
0 0.197998 0.585693 0.029785 0.031738
0 0.282227 0.501709 0.019531 0.019043
0 0.139648 0.506348 0.028320 0.028320
0 0.286133 0.448975 0.022461 0.025879
0 0.288818 0.407959 0.010254 0.012207
0 0.119629 0.408936 0.027344 0.044434
0 0.156982 0.381592 0.013184 0.023926
0 0.230225 0.384033 0.016113 0.023926
0 0.117920 0.334473 0.014160 0.020508
0 0.077393 0.330078 0.031738 0.035156
0 0.193604 0.318115 0.022949 0.027832
0 0.244141 0.308838 0.015625 0.020020
0 0.048584 0.312256 0.015137 0.028809
0 0.285889 0.290527 0.007324 0.007812
0 0.120361 0.270508 0.016113 0.014648
0 0.177734 0.276123 0.022461 0.030762
0 0.251953 0.257324 0.010742 0.010742
0 0.204102 0.238770 0.026367 0.022461
0 0.132080 0.235840 0.042480 0.032227
0 0.182861 0.221924 0.030762 0.043457