0 0.600342 0.780518 0.028809 0.016113
0 0.591064 0.734863 0.019043 0.009766
0 0.652344 0.615234 0.014648 0.015625
0 0.439697 0.431152 0.012207 0.007812
0 0.533203 0.397217 0.005859 0.005371
0 0.356934 0.393311 0.006836 0.008301
0 0.607910 0.389160 0.015625 0.012695
0 0.591553 0.378418 0.018066 0.012695
0 0.333252 0.375000 0.010254 0.009766
0 0.301025 0.351562 0.007324 0.009766
0 0.661377 0.351074 0.012207 0.011719
0 0.521729 0.349121 0.009277 0.008789
0 0.761719 0.347900 0.010742 0.013184
0 0.564697 0.337891 0.014160 0.012695
0 0.927490 0.332031 0.008301 0.009766
0 0.262451 0.332031 0.011230 0.010742
0 0.540527 0.328125 0.014648 0.009766
0 0.570312 0.304932 0.011719 0.008301
0 0.228516 0.301025 0.012695 0.013184
0 0.662598 0.286377 0.010742 0.008301
0 0.191650 0.270996 0.010254 0.009766
0 0.151611 0.247559 0.016113 0.019531
0 0.112305 0.226807 0.012695 0.013184
0 0.631348 0.219971 0.014648 0.011230
0 0.696045 0.085205 0.019043 0.012207