0 0.558105 0.627930 0.006836 0.006836
0 0.641846 0.626709 0.010254 0.011230
0 0.604004 0.398438 0.013672 0.009766
0 0.590088 0.388428 0.015137 0.013184
0 0.659668 0.361572 0.010742 0.011230
0 0.759766 0.360596 0.009766 0.013184
0 0.518799 0.357178 0.007324 0.007324
0 0.296875 0.358398 0.008789 0.010742
0 0.927002 0.351318 0.011230 0.020020
0 0.538330 0.337891 0.009277 0.007812
0 0.259521 0.338867 0.011230 0.012695
0 0.195801 0.335449 0.015625 0.019531
0 0.221191 0.313721 0.006836 0.006348
0 0.569336 0.314941 0.013672 0.007812
0 0.115479 0.299072 0.020020 0.028809
0 0.149170 0.252930 0.011230 0.012695
0 0.112305 0.254150 0.013672 0.018066
0 0.106934 0.236572 0.011719 0.013184
0 0.844482 0.226807 0.019043 0.021973
0 0.078613 0.258545 0.061523 0.099121
0 0.758789 0.163086 0.031250 0.024414
0 0.388672 0.411377 0.010742 0.011230