0 0.304443 0.861816 0.019043 0.011719
0 0.284668 0.781006 0.037109 0.050293
0 0.079834 0.702148 0.016113 0.023438
0 0.594482 0.678223 0.013184 0.010742
0 0.679443 0.677246 0.012207 0.011719
0 0.144775 0.682617 0.037598 0.041016
0 0.316650 0.637695 0.010254 0.011719
0 0.173828 0.622314 0.029297 0.030762
0 0.217285 0.556396 0.010742 0.021973
0 0.260010 0.546143 0.019043 0.024902
0 0.037109 0.536621 0.015625 0.019531
0 0.123535 0.535645 0.029297 0.044922
0 0.188232 0.520996 0.009277 0.021484
0 0.182129 0.497559 0.011719 0.018555
0 0.272949 0.497803 0.026367 0.023926
0 0.208252 0.469482 0.013184 0.020996
0 0.646240 0.451416 0.014160 0.012207
0 0.627686 0.436768 0.010254 0.009277
0 0.373291 0.424561 0.006348 0.006348
0 0.111328 0.440918 0.026367 0.039062
0 0.295166 0.430664 0.020996 0.027344
0 0.222412 0.421631 0.018066 0.021973
0 0.800537 0.415283 0.008301 0.012207
0 0.252686 0.411865 0.008301 0.013184
0 0.343506 0.400391 0.005371 0.005859
0 0.967773 0.404785 0.007812 0.018555
0 0.581543 0.389893 0.014648 0.011230
0 0.022217 0.406006 0.030762 0.051270
0 0.306641 0.374023 0.005859 0.006836
0 0.171143 0.382324 0.020020 0.030273
0 0.702148 0.347168 0.006836 0.006836
0 0.073730 0.356689 0.030273 0.031738
0 0.192383 0.328857 0.013672 0.017090
0 0.165771 0.330322 0.014160 0.020996
0 0.045898 0.322998 0.029297 0.051270
0 0.160645 0.281982 0.015625 0.020020
0 0.115479 0.303711 0.037598 0.065430
0 0.068604 0.264404 0.022949 0.030762
0 0.887451 0.234863 0.015137 0.019531
0 0.755615 0.181641 0.027832 0.024414
0 0.122314 0.363525 0.006348 0.006348
0 0.039795 0.433594 0.014160 0.021484