0 0.215088 0.840820 0.028809 0.043945
0 0.085693 0.748047 0.037598 0.043945
0 0.263184 0.708252 0.007812 0.010254
0 0.118164 0.690674 0.029297 0.032715
0 0.156982 0.637207 0.014160 0.025391
0 0.820312 0.615479 0.010742 0.019043
0 0.206055 0.616455 0.021484 0.025879
0 0.069824 0.606201 0.025391 0.038574
0 0.026855 0.593262 0.007812 0.016602
0 0.732910 0.563721 0.007812 0.013184
0 0.220459 0.563477 0.021973 0.026367
0 0.749512 0.498047 0.006836 0.013672
0 0.647949 0.494873 0.007812 0.011230
0 0.939453 0.506104 0.009766 0.034668
0 0.917480 0.494873 0.006836 0.020996
0 0.729980 0.454346 0.012695 0.018066
0 0.967529 0.403809 0.020020 0.026367
0 0.893799 0.335938 0.012207 0.020508
0 0.922852 0.311768 0.018555 0.031738
0 0.894043 0.255615 0.011719 0.016113