0 0.384277 0.974854 0.041992 0.020996
0 0.373779 0.848877 0.021973 0.013184
0 0.327637 0.757324 0.030273 0.048828
0 0.079834 0.712402 0.042480 0.048828
0 0.127197 0.693848 0.016113 0.024414
0 0.189453 0.672607 0.034180 0.036621
0 0.361572 0.621338 0.012207 0.011230
0 0.036377 0.625244 0.032715 0.051270
0 0.219238 0.611816 0.028320 0.027344
0 0.301025 0.533203 0.027832 0.018555
0 0.163574 0.528809 0.027344 0.031250
0 0.314209 0.481445 0.024902 0.025391
0 0.245117 0.460693 0.012695 0.017090
0 0.253174 0.434570 0.009277 0.014648
0 0.609375 0.429688 0.010742 0.010742
0 0.900879 0.427246 0.014648 0.026367
0 0.922119 0.418945 0.010254 0.020508
0 0.147461 0.430664 0.031250 0.046875
0 0.683838 0.423096 0.013184 0.013184
0 0.586426 0.410645 0.010742 0.010742
0 0.409912 0.407715 0.008301 0.007812
0 0.190186 0.408936 0.012207 0.021973
0 0.260986 0.405762 0.015137 0.025391
0 0.057373 0.401367 0.026855 0.040039
0 0.735840 0.385254 0.008789 0.011719
0 0.377197 0.383057 0.008301 0.008301
0 0.599121 0.380127 0.006836 0.006348
0 0.617676 0.362549 0.011719 0.010254
0 0.339600 0.361328 0.012207 0.011719
0 0.212402 0.362549 0.021484 0.024902
0 0.111572 0.356445 0.015137 0.020508
0 0.151367 0.354492 0.025391 0.032227
0 0.251953 0.345215 0.014648 0.016602
0 0.648438 0.340332 0.012695 0.012695
0 0.305908 0.332275 0.011230 0.011230
0 0.739014 0.321533 0.007324 0.007324
0 0.195557 0.326416 0.015137 0.021973
0 0.228027 0.299561 0.011719 0.015137
0 0.229980 0.278564 0.012695 0.013184
0 0.145020 0.301514 0.038086 0.060059
0 0.197021 0.276855 0.015137 0.017578
0 0.088379 0.299072 0.049805 0.088379
0 0.669434 0.414795 0.016602 0.017090
0 0.189941 0.255127 0.011719 0.014160