0 0.344971 0.879883 0.016113 0.008789
0 0.297852 0.789062 0.026367 0.047852
0 0.063965 0.740723 0.017578 0.029297
0 0.104980 0.724609 0.017578 0.027344
0 0.612549 0.692627 0.013184 0.008301
0 0.164062 0.701660 0.034180 0.034180
0 0.699219 0.689941 0.014648 0.016602
0 0.337646 0.655029 0.010254 0.011230
0 0.030518 0.658691 0.012207 0.019531
0 0.196533 0.641846 0.028809 0.028809
0 0.047852 0.576172 0.028320 0.021484
0 0.279053 0.565430 0.021973 0.020508
0 0.140137 0.557617 0.031250 0.034180
0 0.689453 0.526123 0.007812 0.008301
0 0.293213 0.512207 0.018066 0.024414
0 0.903320 0.493164 0.007812 0.017578
0 0.225830 0.488525 0.012207 0.025879
0 0.181396 0.478271 0.007324 0.017090
0 0.666260 0.464355 0.013184 0.013672
0 0.651855 0.453613 0.013672 0.012695
0 0.175537 0.442871 0.009277 0.016602
0 0.128174 0.456055 0.027832 0.048828
0 0.018555 0.445312 0.011719 0.030273
0 0.855713 0.438721 0.014160 0.022949
0 0.722168 0.429199 0.006836 0.007812
0 0.244141 0.437256 0.022461 0.025879
0 0.821533 0.427734 0.008301 0.018555
0 0.039307 0.427490 0.026855 0.046387
0 0.601074 0.401611 0.006836 0.008301
0 0.323242 0.392578 0.007812 0.009766
0 0.196045 0.390381 0.020996 0.027832
0 0.633057 0.379150 0.007324 0.008301
0 0.981689 0.373535 0.006348 0.015625
0 0.137207 0.380859 0.016602 0.030273
0 0.227295 0.368652 0.011230 0.016602
0 0.095459 0.378174 0.020996 0.037598
0 0.179932 0.352051 0.012207 0.017578
0 0.235107 0.345459 0.008301 0.011230
0 0.062988 0.349609 0.023438 0.040039
0 0.132080 0.325439 0.037598 0.061035
0 0.184814 0.301514 0.015137 0.019043
0 0.163330 0.288086 0.012207 0.014648
0 0.081055 0.290771 0.020508 0.029785