0 0.478271 0.957764 0.048340 0.015137
0 0.431885 0.939453 0.039551 0.011719
0 0.624023 0.781738 0.021484 0.015625
0 0.636475 0.578857 0.012207 0.013184
0 0.380371 0.383789 0.010742 0.010742
0 0.510254 0.362305 0.008789 0.006836
0 0.412354 0.359863 0.010254 0.008789
0 0.885986 0.357422 0.011230 0.019531
0 0.586670 0.353271 0.017090 0.011230
0 0.569824 0.343262 0.018555 0.011719
0 0.497803 0.342773 0.013184 0.011719
0 0.637695 0.312256 0.010742 0.008301
0 0.739258 0.308838 0.013672 0.015137
0 0.932861 0.293945 0.006348 0.005859
0 0.516357 0.295410 0.017090 0.010742
0 0.635986 0.248291 0.006348 0.005371
0 0.722900 0.058105 0.020020 0.012695
0 0.369629 0.376953 0.010742 0.010742