0 0.585938 0.789062 0.017578 0.009766
0 0.569824 0.740234 0.017578 0.009766
0 0.573975 0.645264 0.011230 0.008301
0 0.658447 0.645752 0.014160 0.015137
0 0.180176 0.450439 0.008789 0.011230
0 0.485352 0.441162 0.009766 0.008301
0 0.626953 0.422363 0.015625 0.013672
0 0.371094 0.418945 0.007812 0.007812
0 0.083740 0.424561 0.031738 0.041504
0 0.610352 0.409424 0.015625 0.013184
0 0.200684 0.398438 0.017578 0.030273
0 0.781006 0.388184 0.010254 0.014648
0 0.681641 0.385742 0.010742 0.011719
0 0.544434 0.375000 0.010742 0.008789
0 0.314941 0.375977 0.008789 0.010742
0 0.562012 0.357666 0.010742 0.008301
0 0.141357 0.364746 0.023926 0.031250
0 0.612793 0.349121 0.015625 0.013672
0 0.091064 0.352539 0.018066 0.025391
0 0.049561 0.345947 0.019043 0.023926
0 0.595215 0.336182 0.010742 0.009277
0 0.241699 0.327148 0.007812 0.007812
0 0.687256 0.322998 0.010254 0.010254
0 0.131592 0.316895 0.018066 0.023438
0 0.206787 0.295410 0.009277 0.010742
0 0.645752 0.278564 0.014160 0.011230
0 0.081787 0.296875 0.036621 0.059570
0 0.165527 0.271729 0.011719 0.013184
0 0.128662 0.261230 0.032715 0.033203
0 0.728027 0.140381 0.015625 0.011230
0 0.797119 0.100342 0.024902 0.018066