0 0.166992 0.826172 0.028320 0.049805
0 0.601807 0.770264 0.016113 0.010254
0 0.515381 0.765869 0.015137 0.007324
0 0.227051 0.699219 0.010742 0.010742
0 0.086670 0.669434 0.027832 0.038086
0 0.800293 0.650879 0.012695 0.016602
0 0.131592 0.619873 0.016113 0.022949
0 0.178711 0.603760 0.020508 0.026855
0 0.385254 0.587646 0.008789 0.011230
0 0.472900 0.571045 0.006348 0.005371
0 0.927002 0.547852 0.014160 0.036133
0 0.902832 0.525146 0.005859 0.008301
0 0.735596 0.523193 0.007324 0.013184
0 0.634033 0.514893 0.006348 0.007324
0 0.976074 0.488770 0.008789 0.019531
0 0.703857 0.467773 0.015137 0.017578
0 0.643311 0.450439 0.006348 0.007324
0 0.958252 0.443848 0.025879 0.040039
0 0.981445 0.403076 0.022461 0.047363
0 0.886719 0.369141 0.009766 0.018555
0 0.915039 0.339111 0.012695 0.023926
0 0.891602 0.286865 0.011719 0.019043