0 0.499756 0.864990 0.037598 0.019043
0 0.311279 0.779541 0.017090 0.015137
0 0.301758 0.705078 0.044922 0.050781
0 0.044189 0.644043 0.045410 0.041016
0 0.091797 0.626465 0.017578 0.040039
0 0.609375 0.599365 0.007812 0.008301
0 0.155029 0.610352 0.027832 0.038086
0 0.330811 0.561523 0.007324 0.011719
0 0.009766 0.568115 0.014648 0.056152
0 0.188721 0.547119 0.027832 0.030762
0 0.273682 0.474854 0.020996 0.020020
0 0.139160 0.463623 0.027344 0.033691
0 0.335205 0.408691 0.011230 0.015625
0 0.281982 0.416992 0.033691 0.039062
0 0.443848 0.379150 0.009766 0.007324
0 0.303955 0.375000 0.007324 0.011719
0 0.385010 0.349609 0.014160 0.009766
0 0.316650 0.351562 0.016113 0.017578
0 0.231201 0.367920 0.036621 0.076660
0 0.122070 0.355713 0.033203 0.060059
0 0.042969 0.342529 0.020508 0.039551
0 0.184326 0.313965 0.021973 0.032227
0 0.130371 0.289062 0.032227 0.034180
0 0.284180 0.269531 0.011719 0.011719
0 0.060547 0.264648 0.014648 0.025391
0 0.171631 0.258545 0.014160 0.018066
0 0.208252 0.213867 0.005371 0.005859
0 0.105713 0.255127 0.075684 0.097168
0 0.147949 0.220703 0.024414 0.029297