0 0.571533 0.795166 0.021973 0.014160
0 0.553223 0.741455 0.013672 0.011230
0 0.569580 0.662354 0.009277 0.007324
0 0.655273 0.661377 0.015625 0.015137
0 0.143311 0.609375 0.005371 0.004883
0 0.234131 0.534912 0.020020 0.028809
0 0.369629 0.504395 0.009766 0.011719
0 0.098389 0.514648 0.031738 0.074219
0 0.244141 0.491943 0.021484 0.032715
0 0.177002 0.465332 0.014160 0.021484
0 0.495850 0.450195 0.007324 0.005859
0 0.599121 0.421387 0.009766 0.008789
0 0.080811 0.438965 0.027832 0.052734
0 0.342773 0.414062 0.007812 0.009766
0 0.195312 0.410889 0.017578 0.028809
0 0.771973 0.397949 0.006836 0.006836
0 0.671631 0.397705 0.010254 0.013184
0 0.310791 0.389648 0.011230 0.012695
0 0.938721 0.387451 0.007324 0.013184
0 0.549561 0.372803 0.011230 0.009277
0 0.139160 0.375732 0.020508 0.034668
0 0.615967 0.348877 0.014160 0.008301
0 0.582520 0.349609 0.010742 0.007812
0 0.087402 0.360352 0.012695 0.033203
0 0.045654 0.354248 0.022949 0.036621
0 0.675781 0.332275 0.007812 0.008301
0 0.598389 0.329590 0.006348 0.005859
0 0.129883 0.327148 0.014648 0.023438
0 0.621826 0.304443 0.014160 0.013184
0 0.123047 0.281738 0.017578 0.021484
0 0.081787 0.303467 0.039551 0.066895
0 0.908936 0.229980 0.008301 0.008789
0 0.700684 0.160400 0.017578 0.013184
0 0.765381 0.114014 0.020996 0.016113