0 0.368408 0.876465 0.008301 0.007812
0 0.315430 0.786133 0.027344 0.047852
0 0.070068 0.732422 0.028809 0.035156
0 0.116699 0.721680 0.016602 0.024414
0 0.179443 0.696533 0.034668 0.037598
0 0.717773 0.675049 0.015625 0.017090
0 0.351562 0.649170 0.009766 0.010254
0 0.031494 0.653564 0.023926 0.041504
0 0.208740 0.635986 0.025879 0.029785
0 0.055664 0.570801 0.022461 0.018555
0 0.292480 0.558350 0.022461 0.021973
0 0.154297 0.550049 0.025391 0.037598
0 0.683350 0.511963 0.005371 0.007324
0 0.304443 0.505371 0.022949 0.022461
0 0.915039 0.491211 0.010742 0.017578
0 0.236816 0.482178 0.011719 0.021973
0 0.206787 0.463867 0.007324 0.010742
0 0.680176 0.463379 0.013672 0.012695
0 0.666504 0.451660 0.007812 0.006836
0 0.875977 0.456055 0.009766 0.022461
0 0.139404 0.454590 0.025879 0.046875
0 0.029785 0.438232 0.008789 0.020996
0 0.735352 0.428223 0.009766 0.017578
0 0.257568 0.429688 0.018066 0.020508
0 0.187012 0.426758 0.013672 0.037109
0 0.050781 0.419434 0.027344 0.041992
0 0.647217 0.375244 0.006348 0.006348
0 0.208496 0.385010 0.022461 0.028809
0 0.146240 0.375977 0.020020 0.028320
0 0.104248 0.370605 0.020996 0.031250
0 0.241455 0.362793 0.012207 0.018555
0 0.300781 0.353516 0.009766 0.010742
0 0.191162 0.344238 0.013184 0.019531
0 0.241699 0.331055 0.012695 0.015625
0 0.080078 0.343018 0.037109 0.041504
0 0.266602 0.322510 0.007812 0.008301
0 0.133789 0.333496 0.017578 0.031250
0 0.196289 0.296387 0.012695 0.015625
0 0.092529 0.281250 0.021973 0.027344
0 0.739746 0.361816 0.006836 0.006836
0 0.149414 0.310547 0.021484 0.041016
0 0.178467 0.279541 0.012207 0.014160