0 0.479248 0.994629 0.035645 0.010742
0 0.605469 0.905518 0.049805 0.020996
0 0.357910 0.846191 0.020508 0.013672
0 0.335938 0.769287 0.042969 0.054199
0 0.086426 0.722900 0.034180 0.032715
0 0.127441 0.705078 0.018555 0.027344
0 0.190430 0.681152 0.036133 0.038086
0 0.040527 0.646973 0.037109 0.050781
0 0.360107 0.624268 0.008301 0.010254
0 0.218018 0.619873 0.026855 0.026855
0 0.069336 0.547363 0.025391 0.028320
0 0.296875 0.540771 0.023438 0.020996
0 0.160645 0.547363 0.033203 0.064453
0 0.305908 0.492920 0.025879 0.020020
0 0.239746 0.466309 0.012695 0.020508
0 0.340576 0.450928 0.012207 0.013184
0 0.395508 0.448242 0.011719 0.013672
0 0.605957 0.430420 0.008789 0.010254
0 0.138672 0.443604 0.031250 0.043457
0 0.681152 0.424805 0.014648 0.012695
0 0.300537 0.422363 0.009277 0.011719
0 0.664795 0.413574 0.014160 0.014648
0 0.252686 0.416260 0.016113 0.023926
0 0.408936 0.405029 0.008301 0.007324
0 0.049072 0.415771 0.027832 0.039551
0 0.834473 0.385010 0.007812 0.010254
0 0.732422 0.386475 0.009766 0.013184
0 0.596924 0.381836 0.008301 0.007812
0 0.376709 0.380371 0.010254 0.009766
0 0.197510 0.384521 0.021973 0.025879
0 0.141602 0.369873 0.022461 0.019043
0 0.615479 0.363525 0.009277 0.008301
0 0.339600 0.356445 0.012207 0.011719
0 0.281006 0.356934 0.014160 0.016602
0 0.101807 0.360596 0.012207 0.043457
0 0.067139 0.338379 0.027832 0.034180
0 0.306152 0.326904 0.011719 0.012207
0 0.123535 0.332275 0.018555 0.026855
0 0.736084 0.321777 0.010254 0.010742
0 0.197510 0.314209 0.015137 0.016113
0 0.675537 0.309814 0.012207 0.011230
0 0.271973 0.293701 0.006836 0.006348
0 0.232666 0.270264 0.014160 0.015137
0 0.147217 0.288086 0.036621 0.061523
0 0.193359 0.259766 0.036133 0.032227
0 0.099365 0.252930 0.020020 0.028320
0 0.071533 0.438232 0.006348 0.014160
0 0.645264 0.341064 0.013184 0.010254
0 0.194092 0.245605 0.011230 0.012695