0 0.540039 0.974121 0.032227 0.017578
0 0.435791 0.916748 0.020020 0.010254
0 0.447021 0.831055 0.020020 0.011719
0 0.746338 0.818359 0.025879 0.021484
0 0.284912 0.748535 0.015137 0.013672
0 0.283447 0.671631 0.038574 0.040527
0 0.027588 0.611572 0.038574 0.049316
0 0.070068 0.591797 0.017090 0.039062
0 0.671387 0.571289 0.012695 0.014648
0 0.136475 0.578857 0.033691 0.042480
0 0.308105 0.530762 0.011719 0.011719
0 0.069336 0.520752 0.031250 0.026855
0 0.164551 0.517334 0.030273 0.031738
0 0.983398 0.490479 0.007812 0.015137
0 0.253662 0.446045 0.021973 0.019043
0 0.039551 0.437012 0.007812 0.017578
0 0.115967 0.431152 0.029785 0.033203
0 0.317871 0.391113 0.011719 0.015625
0 0.252441 0.392578 0.042969 0.025391
0 0.454102 0.379150 0.011719 0.008301
0 0.197021 0.360352 0.007324 0.009766
0 0.283447 0.356689 0.007324 0.009277
0 0.421631 0.351807 0.012207 0.009277
0 0.325439 0.349609 0.011230 0.011719
0 0.100098 0.334717 0.034180 0.037598
0 0.212891 0.317871 0.021484 0.020508
0 0.159424 0.291260 0.025879 0.039551
0 0.108887 0.259277 0.027344 0.028320
0 0.151123 0.231445 0.005371 0.004883
0 0.082520 0.240967 0.052734 0.062012
0 0.111084 0.194824 0.020020 0.023438
0 0.146484 0.166260 0.005859 0.005371
0 0.127197 0.187500 0.020020 0.018555