0 0.521973 0.872559 0.037109 0.014648
0 0.320312 0.792725 0.018555 0.015137
0 0.308594 0.716797 0.040039 0.048828
0 0.045654 0.657715 0.033691 0.037109
0 0.098389 0.638184 0.019043 0.032227
0 0.617676 0.607666 0.009766 0.010254
0 0.164062 0.621582 0.028320 0.039062
0 0.337402 0.572510 0.007812 0.009277
0 0.015625 0.574951 0.025391 0.055176
0 0.196045 0.559326 0.029785 0.029785
0 0.280518 0.484863 0.022949 0.019531
0 0.144287 0.472900 0.026855 0.032715
0 0.284668 0.434570 0.034180 0.021484
0 0.338623 0.420410 0.014160 0.014648
0 0.225830 0.407715 0.014160 0.022461
0 0.302979 0.383545 0.010254 0.013184
0 0.127686 0.375488 0.031738 0.042969
0 0.240967 0.363770 0.020020 0.027344
0 0.310059 0.355225 0.017578 0.020020
0 0.043213 0.348877 0.030762 0.044434
0 0.187012 0.331787 0.026367 0.028809
0 0.319580 0.318359 0.009277 0.008789
0 0.123535 0.307617 0.031250 0.042969
0 0.285645 0.288086 0.007812 0.006836
0 0.059326 0.283203 0.021973 0.032227
0 0.174805 0.276123 0.019531 0.024902
0 0.116455 0.271484 0.091309 0.104492
0 0.166260 0.217041 0.005371 0.009277
0 0.152100 0.235107 0.020996 0.022949