0 0.458008 0.996094 0.031250 0.007812
0 0.597900 0.911865 0.038574 0.015137
0 0.342041 0.842285 0.020020 0.012695
0 0.324463 0.765137 0.044434 0.056641
0 0.075195 0.700195 0.034180 0.040039
0 0.117188 0.689453 0.016602 0.022461
0 0.181396 0.667969 0.031738 0.036133
0 0.355713 0.620850 0.010254 0.010254
0 0.034180 0.624023 0.038086 0.049805
0 0.213623 0.607910 0.031738 0.030273
0 0.297363 0.532715 0.021484 0.020508
0 0.068848 0.525391 0.024414 0.033203
0 0.161133 0.532959 0.030273 0.056152
0 0.173340 0.504639 0.010742 0.018066
0 0.309326 0.483887 0.023926 0.020508
0 0.244385 0.454590 0.013184 0.016602
0 0.394287 0.447510 0.005371 0.005371
0 0.344482 0.442383 0.012207 0.014648
0 0.608887 0.437012 0.005859 0.005859
0 0.684570 0.433105 0.015625 0.013672
0 0.668457 0.421631 0.015625 0.015137
0 0.308105 0.412109 0.009766 0.013672
0 0.410400 0.407471 0.008301 0.007324
0 0.144775 0.424561 0.032715 0.041504
0 0.261719 0.404785 0.017578 0.021484
0 0.736328 0.395264 0.009766 0.013184
0 0.837891 0.395264 0.008789 0.014160
0 0.601074 0.388184 0.006836 0.006836
0 0.378418 0.382324 0.008789 0.009766
0 0.056641 0.390625 0.023438 0.039062
0 0.618896 0.369141 0.011230 0.009766
0 0.208496 0.367188 0.022461 0.028320
0 0.341064 0.358643 0.012207 0.011230
0 0.280273 0.357422 0.019531 0.020508
0 0.151855 0.352295 0.028320 0.023926
0 0.650391 0.348145 0.011719 0.010742
0 0.742432 0.331543 0.011230 0.013672
0 0.112305 0.339111 0.017578 0.036621
0 0.675537 0.320068 0.006348 0.006348
0 0.197754 0.317139 0.016602 0.021973
0 0.080566 0.316895 0.026367 0.040039
0 0.137939 0.309814 0.024902 0.028809
0 0.232422 0.273682 0.012695 0.012207
0 0.158447 0.271729 0.030762 0.044434
0 0.193848 0.261963 0.034180 0.032715
0 0.099365 0.255859 0.022949 0.028320
0 0.688721 0.287354 0.008301 0.008301