0 0.542969 0.797607 0.026367 0.013184
0 0.523682 0.743896 0.020020 0.011230
0 0.045654 0.704834 0.017090 0.036621
0 0.642578 0.679199 0.013672 0.013672
0 0.102051 0.678467 0.032227 0.047363
0 0.135498 0.610352 0.030762 0.046875
0 0.220215 0.547607 0.022461 0.041504
0 0.091553 0.545654 0.025879 0.061035
0 0.368652 0.516602 0.008789 0.010742
0 0.236084 0.492676 0.021973 0.041016
0 0.437500 0.470947 0.009766 0.007324
0 0.607666 0.457031 0.006348 0.005859
0 0.506836 0.455322 0.005859 0.005371
0 0.168701 0.463135 0.014160 0.028809
0 0.359375 0.443359 0.007812 0.007812
0 0.767334 0.429199 0.008301 0.012695
0 0.666992 0.424072 0.008789 0.011230
0 0.073486 0.433594 0.027832 0.049805
0 0.189941 0.413086 0.016602 0.026367
0 0.580322 0.371338 0.011230 0.009277
0 0.135010 0.378174 0.020020 0.026855
0 0.674805 0.358887 0.010742 0.010742
0 0.634033 0.359375 0.013184 0.013672
0 0.083984 0.356934 0.013672 0.022461
0 0.611816 0.344482 0.012695 0.010254
0 0.043457 0.353027 0.025391 0.037109
0 0.071289 0.315918 0.020508 0.037109
0 0.913818 0.271729 0.015137 0.022949
0 0.702637 0.199951 0.010742 0.009277
0 0.768555 0.152832 0.021484 0.018555
0 0.129883 0.324951 0.011719 0.016113