0 0.192871 0.855957 0.029297 0.044922
0 0.596680 0.777100 0.012695 0.008301
0 0.510498 0.772461 0.011230 0.007812
0 0.241455 0.723877 0.011230 0.011230
0 0.100342 0.706299 0.029785 0.037598
0 0.795410 0.663330 0.011719 0.015137
0 0.141113 0.649414 0.018555 0.027344
0 0.186523 0.633789 0.020508 0.022461
0 0.390381 0.600586 0.010254 0.010742
0 0.741943 0.577393 0.008301 0.012207
0 0.925537 0.569336 0.016113 0.041016
0 0.899414 0.540039 0.005859 0.005859
0 0.732910 0.531738 0.006836 0.007812
0 0.630859 0.522705 0.006836 0.008301
0 0.694092 0.472656 0.014160 0.014648
0 0.954834 0.450928 0.022949 0.027832
0 0.979736 0.411865 0.020996 0.032715
0 0.885010 0.380615 0.011230 0.018066
0 0.914795 0.349609 0.015137 0.027344
0 0.891602 0.297363 0.010742 0.013672