0 0.188965 0.844482 0.028320 0.046387
0 0.594238 0.772949 0.016602 0.009766
0 0.507812 0.766357 0.014648 0.007324
0 0.071533 0.752441 0.020996 0.030273
0 0.240479 0.714355 0.012207 0.013672
0 0.101074 0.693848 0.031250 0.038086
0 0.795654 0.658936 0.013184 0.017090
0 0.140869 0.641602 0.018066 0.024414
0 0.187988 0.623047 0.021484 0.023438
0 0.391846 0.593506 0.009277 0.009277
0 0.470703 0.569824 0.005859 0.004883
0 0.925537 0.559814 0.014160 0.036621
0 0.901855 0.536377 0.005859 0.008301
0 0.734863 0.529541 0.006836 0.013184
0 0.633301 0.518555 0.006836 0.007812
0 0.976074 0.501953 0.008789 0.019531
0 0.704590 0.473633 0.014648 0.017578
0 0.644775 0.454590 0.007324 0.007812
0 0.959717 0.456299 0.025879 0.039551
0 0.983887 0.416260 0.021484 0.047363
0 0.890137 0.379883 0.009766 0.018555
0 0.919678 0.350830 0.012207 0.023926
0 0.897217 0.298096 0.011230 0.019043