0 0.343994 0.889404 0.032715 0.015137
0 0.295410 0.756836 0.014648 0.015625
0 0.255859 0.667725 0.031250 0.044434
0 0.020264 0.622314 0.017090 0.040527
0 0.052734 0.592529 0.018555 0.040527
0 0.113770 0.580811 0.031250 0.045410
0 0.649658 0.560547 0.010254 0.014648
0 0.287842 0.526611 0.008301 0.015137
0 0.046387 0.523438 0.030273 0.031250
0 0.144531 0.502441 0.031250 0.065430
0 0.960449 0.477051 0.011719 0.028320
0 0.089600 0.435547 0.028809 0.033203
0 0.234619 0.428467 0.015137 0.034668
0 0.968506 0.418457 0.011230 0.017578
0 0.333252 0.387939 0.008301 0.011230
0 0.242188 0.392090 0.023438 0.035156
0 0.172119 0.364990 0.014160 0.020020
0 0.356445 0.354736 0.011719 0.012207
0 0.614990 0.333008 0.016113 0.011719
0 0.078369 0.353516 0.035645 0.095703
0 0.771729 0.300293 0.011230 0.014648
0 0.669434 0.298340 0.010742 0.010742
0 0.189209 0.309326 0.022949 0.034668
0 0.212402 0.270996 0.021484 0.026367
0 0.270752 0.264648 0.013184 0.013672
0 0.140869 0.265381 0.022949 0.032715
0 0.079102 0.260986 0.022461 0.026855
0 0.857422 0.255371 0.013672 0.017578
0 0.674561 0.233398 0.010254 0.008789
0 0.124268 0.228760 0.020020 0.021973
0 0.200928 0.202393 0.016113 0.015137
0 0.145752 0.183594 0.017090 0.020508
0 0.163330 0.178467 0.014160 0.014160
0 0.853516 0.164307 0.029297 0.027832