0 0.472412 0.965332 0.018066 0.007812
0 0.558594 0.880615 0.042969 0.018066
0 0.342529 0.813477 0.020996 0.013672
0 0.327881 0.730713 0.031738 0.038574
0 0.059326 0.689453 0.033691 0.027344
0 0.111816 0.668701 0.013672 0.022949
0 0.174561 0.646484 0.028809 0.037109
0 0.627686 0.615723 0.010254 0.009766
0 0.347168 0.592041 0.011719 0.012207
0 0.023926 0.606201 0.031250 0.051270
0 0.205322 0.584717 0.026855 0.031738
0 0.285400 0.507568 0.020020 0.021973
0 0.050781 0.505371 0.014648 0.021484
0 0.149414 0.504639 0.032227 0.030762
0 0.127686 0.493408 0.007324 0.016113
0 0.286133 0.458252 0.041992 0.020020
0 0.417725 0.436279 0.011230 0.008301
0 0.229980 0.432861 0.012695 0.019043
0 0.341309 0.429688 0.011719 0.013672
0 0.299805 0.392578 0.010742 0.012695
0 0.129883 0.403320 0.033203 0.041992
0 0.242920 0.382568 0.017090 0.020996
0 0.359375 0.355225 0.009766 0.009277
0 0.299072 0.359131 0.020996 0.019043
0 0.044434 0.375732 0.032227 0.053223
0 0.189453 0.353516 0.021484 0.030273
0 0.321045 0.333008 0.007324 0.005859
0 0.134033 0.330566 0.019043 0.029297
0 0.090088 0.325684 0.031738 0.037109
0 0.287109 0.304199 0.006836 0.005859
0 0.177490 0.295410 0.019043 0.025391
0 0.059082 0.299805 0.027344 0.040039
0 0.115723 0.292969 0.021484 0.030273
0 0.249023 0.275879 0.011719 0.010742
0 0.209229 0.253174 0.013184 0.012207
0 0.134521 0.260254 0.027832 0.037109
0 0.163330 0.241455 0.029785 0.039551
0 0.079346 0.234619 0.022949 0.035645