0 0.466553 0.977051 0.027832 0.008789
0 0.577881 0.888916 0.041504 0.038574
0 0.344238 0.825439 0.012695 0.009277
0 0.326172 0.748047 0.044922 0.053711
0 0.062744 0.696045 0.031738 0.036621
0 0.115967 0.675293 0.016113 0.029297
0 0.179932 0.657471 0.033691 0.038574
0 0.632568 0.631836 0.010254 0.008789
0 0.352783 0.603760 0.010254 0.012207
0 0.030762 0.617432 0.037109 0.046387
0 0.209473 0.594727 0.027344 0.029297
0 0.060547 0.518555 0.017578 0.017578
0 0.291748 0.518555 0.020020 0.019531
0 0.156494 0.510986 0.029785 0.040527
0 0.300781 0.467773 0.025391 0.020508
0 0.412109 0.440918 0.008789 0.007812
0 0.235596 0.441650 0.013184 0.019043
0 0.343506 0.434570 0.012207 0.014648
0 0.134766 0.413574 0.032227 0.042969
0 0.299805 0.396973 0.011719 0.016602
0 0.400391 0.388428 0.008789 0.007324
0 0.250000 0.392578 0.016602 0.021484
0 0.051514 0.382812 0.029785 0.043945
0 0.589111 0.363525 0.010254 0.009277
0 0.291992 0.359619 0.009766 0.011230
0 0.609131 0.343506 0.010254 0.008301
0 0.199219 0.353760 0.026367 0.033691
0 0.329346 0.342773 0.012207 0.012695
0 0.098633 0.339111 0.023438 0.025879
0 0.141602 0.339355 0.016602 0.028320
0 0.638916 0.321289 0.013184 0.012695
0 0.295410 0.314697 0.011719 0.011230
0 0.186768 0.302979 0.019043 0.022949
0 0.065674 0.306641 0.026855 0.038086
0 0.259277 0.283203 0.006836 0.006836
0 0.164551 0.259277 0.016602 0.017578
0 0.138184 0.280029 0.045898 0.070801
0 0.087402 0.247314 0.020508 0.025879
0 0.178711 0.240723 0.015625 0.017578
0 0.687744 0.268555 0.014160 0.012695
0 0.677734 0.261719 0.007812 0.006836
0 0.220947 0.258789 0.008301 0.009766