0 0.348145 0.928223 0.007812 0.006836
0 0.632080 0.589844 0.011230 0.012695
0 0.416016 0.387207 0.009766 0.008789
0 0.385498 0.385986 0.007324 0.007324
0 0.375244 0.378174 0.008301 0.007324
0 0.515625 0.368896 0.009766 0.007324
0 0.592285 0.363037 0.016602 0.011230
0 0.417236 0.362793 0.012207 0.008789
0 0.575684 0.351074 0.017578 0.012695
0 0.646484 0.324707 0.011719 0.011719
0 0.746826 0.323486 0.011230 0.013184
0 0.506104 0.320557 0.014160 0.008301
0 0.523682 0.301514 0.012207 0.008301
0 0.554932 0.278809 0.013184 0.008789
0 0.646484 0.260254 0.011719 0.008789
0 0.831787 0.226318 0.015137 0.016113
0 0.775391 0.149902 0.033203 0.026367