0 0.484131 0.990234 0.030762 0.007812
0 0.603516 0.895752 0.044922 0.022949
0 0.357178 0.842041 0.020996 0.012207
0 0.335449 0.769043 0.046875 0.056641
0 0.079834 0.718018 0.023926 0.031738
0 0.125000 0.699951 0.014648 0.022949
0 0.188965 0.678711 0.034180 0.035156
0 0.036377 0.641846 0.032715 0.049316
0 0.359375 0.619873 0.009766 0.011230
0 0.216309 0.616211 0.029297 0.028320
0 0.066162 0.541992 0.025879 0.028320
0 0.296387 0.535889 0.022461 0.021973
0 0.158447 0.529053 0.034668 0.047363
0 0.303955 0.485840 0.025879 0.019531
0 0.238770 0.460449 0.012695 0.019531
0 0.399170 0.448975 0.009277 0.007324
0 0.342285 0.446533 0.011719 0.012207
0 0.064697 0.430664 0.007324 0.006836
0 0.138184 0.437012 0.032227 0.035156
0 0.601074 0.421143 0.007812 0.008301
0 0.300049 0.415039 0.010254 0.013672
0 0.675293 0.411621 0.014648 0.010742
0 0.250732 0.411865 0.016113 0.020020
0 0.400879 0.404053 0.009766 0.008301
0 0.656982 0.399902 0.010254 0.009766
0 0.048584 0.411621 0.028809 0.043945
0 0.368408 0.381104 0.009277 0.010254
0 0.589844 0.373535 0.009766 0.007812
0 0.726074 0.371582 0.009766 0.010742
0 0.197266 0.376465 0.021484 0.030273
0 0.278564 0.368896 0.016113 0.017090
0 0.827148 0.365723 0.008789 0.013672
0 0.328613 0.361084 0.010742 0.009277
0 0.096924 0.363037 0.017090 0.022949
0 0.608154 0.352783 0.012207 0.010254
0 0.141846 0.360352 0.025879 0.034180
0 0.293945 0.333252 0.008789 0.008301
0 0.637451 0.329102 0.012207 0.010742
0 0.182617 0.326172 0.014648 0.020508
0 0.068115 0.330078 0.027832 0.040039
0 0.124756 0.322754 0.019043 0.031250
0 0.727051 0.307373 0.010742 0.011230
0 0.257324 0.303955 0.008789 0.008301
0 0.671631 0.289551 0.014160 0.012695
0 0.139893 0.290283 0.022949 0.035645
0 0.082764 0.271240 0.019043 0.025879
0 0.174805 0.272705 0.036133 0.034668
0 0.673584 0.269043 0.018066 0.014648
0 0.174561 0.262207 0.010254 0.013672