0 0.156494 0.854492 0.045410 0.054688
0 0.577637 0.810059 0.012695 0.007812
0 0.490479 0.800781 0.013184 0.007812
0 0.783936 0.718750 0.015137 0.015625
0 0.501221 0.632324 0.008301 0.005859
0 0.459961 0.616211 0.008789 0.005859
0 0.921875 0.626953 0.017578 0.034180
0 0.770264 0.588623 0.008301 0.012207
0 0.895752 0.576660 0.007324 0.011719
0 0.728516 0.568604 0.005859 0.007324
0 0.627197 0.555176 0.007324 0.006836
0 0.932617 0.513184 0.008789 0.019531
0 0.672119 0.489746 0.012207 0.017578
0 0.956787 0.491699 0.028809 0.034180
0 0.978027 0.453369 0.025391 0.044434
0 0.885010 0.417480 0.009277 0.016602
0 0.916260 0.385498 0.014160 0.024902
0 0.896484 0.331787 0.010742 0.017090