0 0.478271 0.948486 0.068848 0.017090
0 0.390381 0.917725 0.041504 0.017090
0 0.321533 0.822510 0.033691 0.018066
0 0.256348 0.766602 0.015625 0.012695
0 0.251465 0.678955 0.040039 0.062012
0 0.095215 0.598877 0.030273 0.053223
0 0.628662 0.569824 0.011230 0.013672
0 0.021484 0.557861 0.009766 0.025879
0 0.267334 0.545410 0.013184 0.015625
0 0.123779 0.537598 0.029785 0.041016
0 0.940186 0.481201 0.006348 0.008301
0 0.511475 0.348633 0.012207 0.007812
0 0.473145 0.350830 0.018555 0.017090
0 0.412598 0.341797 0.011719 0.008789
0 0.571289 0.331055 0.020508 0.013672
0 0.642090 0.303711 0.011719 0.010742
0 0.500732 0.300049 0.013184 0.008301
0 0.742676 0.303223 0.013672 0.015625
0 0.838623 0.290283 0.011230 0.014160
0 0.519287 0.280273 0.016113 0.008789
0 0.549561 0.257324 0.014160 0.008789
0 0.859375 0.227295 0.014648 0.013184
0 0.656982 0.106201 0.020020 0.012207
0 0.708984 0.079346 0.019531 0.011230
0 0.587646 0.341797 0.018066 0.011719
0 0.457520 0.342285 0.009766 0.006836
0 0.033203 0.614746 0.022461 0.067383