0 0.323486 0.886230 0.020020 0.012695
0 0.272949 0.748047 0.013672 0.014648
0 0.241699 0.657959 0.026367 0.042480
0 0.641113 0.553467 0.008789 0.012207
0 0.035889 0.557373 0.018066 0.071777
0 0.275146 0.516113 0.008301 0.013672
0 0.036865 0.500977 0.022949 0.022461
0 0.130371 0.500488 0.032227 0.029297
0 0.097168 0.531738 0.033203 0.105469
0 0.947510 0.456543 0.015137 0.031250
0 0.223633 0.425293 0.017578 0.042969
0 0.081543 0.412354 0.029297 0.043457
0 0.953125 0.390381 0.010742 0.025879
0 0.312744 0.380127 0.012207 0.014160
0 0.235596 0.373047 0.021973 0.026367
0 0.517090 0.334961 0.011719 0.009766
0 0.593262 0.326416 0.012695 0.010254
0 0.576172 0.315674 0.019531 0.012207
0 0.073730 0.313477 0.028320 0.041992
0 0.503662 0.287842 0.011230 0.007324
0 0.643555 0.287109 0.014648 0.011719
0 0.184082 0.296387 0.018555 0.034180
0 0.747314 0.282959 0.009277 0.011230
0 0.522217 0.267090 0.017090 0.009766
0 0.114014 0.267090 0.015137 0.021484
0 0.212402 0.264160 0.016602 0.018555
0 0.552246 0.244873 0.011719 0.007324
0 0.142334 0.250977 0.022949 0.033203
0 0.082764 0.238770 0.018066 0.029297
0 0.830811 0.224854 0.011230 0.014160
0 0.642090 0.220215 0.005859 0.006836
0 0.127197 0.209229 0.021973 0.025879
0 0.150635 0.163330 0.018066 0.018066
0 0.811035 0.134277 0.029297 0.024414
0 0.370117 0.352539 0.011719 0.011719