0 0.469971 0.984131 0.033691 0.010254
0 0.588135 0.892822 0.038574 0.024902
0 0.347168 0.832031 0.015625 0.010742
0 0.326904 0.758545 0.049316 0.058105
0 0.074951 0.696045 0.033691 0.034668
0 0.119385 0.684570 0.015137 0.026367
0 0.181885 0.664307 0.032715 0.035645
0 0.354980 0.610107 0.011719 0.012207
0 0.032471 0.618896 0.036621 0.055176
0 0.209961 0.602051 0.031250 0.030273
0 0.292969 0.523682 0.021484 0.020020
0 0.062988 0.519531 0.024414 0.033203
0 0.156250 0.511963 0.034180 0.047363
0 0.302246 0.474365 0.025391 0.019043
0 0.406738 0.443115 0.006836 0.006348
0 0.238037 0.447021 0.012207 0.021973
0 0.343994 0.437256 0.011230 0.013184
0 0.603760 0.419678 0.007324 0.007324
0 0.676514 0.410400 0.013184 0.013184
0 0.137451 0.418701 0.032715 0.034668
0 0.661621 0.401367 0.015625 0.013672
0 0.302002 0.401855 0.012207 0.015625
0 0.404785 0.393311 0.006836 0.006348
0 0.253418 0.395264 0.015625 0.026855
0 0.049316 0.389404 0.022461 0.035645
0 0.370361 0.370850 0.012207 0.011230
0 0.286621 0.361328 0.013672 0.014648
0 0.199219 0.362061 0.022461 0.029785
0 0.611328 0.351807 0.013672 0.011230
0 0.332031 0.347900 0.011719 0.011230
0 0.144043 0.343506 0.023438 0.031738
0 0.644287 0.330566 0.015137 0.014648
0 0.105469 0.335938 0.019531 0.034180
0 0.298584 0.319092 0.011230 0.012207
0 0.734375 0.311035 0.009766 0.009766
0 0.186279 0.309082 0.012207 0.014648
0 0.071533 0.309814 0.026855 0.039551
0 0.262207 0.288574 0.009766 0.008789
0 0.685059 0.283691 0.013672 0.011719
0 0.171631 0.262695 0.016113 0.018555
0 0.091797 0.252686 0.015625 0.021973
0 0.137451 0.286865 0.039551 0.064941
0 0.060547 0.402832 0.013672 0.027344
0 0.680908 0.269287 0.010254 0.008301