0 0.631104 0.594971 0.013184 0.013184
0 0.429199 0.384033 0.009766 0.008301
0 0.522705 0.373047 0.009277 0.006836
0 0.582520 0.357178 0.015625 0.012207
0 0.651611 0.329590 0.008301 0.006836
0 0.752197 0.331543 0.011230 0.013672
0 0.514404 0.323975 0.012207 0.008301
0 0.532227 0.305664 0.013672 0.008789
0 0.654541 0.266113 0.011230 0.008789
0 0.579102 0.263184 0.011719 0.008789
0 0.840088 0.235596 0.013184 0.014160
0 0.781494 0.155029 0.031738 0.026855
0 0.597412 0.366943 0.017090 0.014160
0 0.382080 0.375977 0.011230 0.009766