0 0.488037 0.958008 0.048340 0.014648
0 0.441162 0.940674 0.039551 0.011230
0 0.630127 0.779297 0.021973 0.014648
0 0.638184 0.575684 0.011719 0.012695
0 0.384033 0.381348 0.010254 0.009766
0 0.513916 0.363525 0.008301 0.006348
0 0.416504 0.357910 0.011719 0.008789
0 0.591797 0.357666 0.016602 0.011230
0 0.882812 0.349121 0.011719 0.019531
0 0.573486 0.345703 0.017090 0.012695
0 0.504395 0.342529 0.016602 0.010254
0 0.644043 0.318115 0.011719 0.010254
0 0.744385 0.316162 0.011230 0.012207
0 0.521729 0.296631 0.017090 0.009277
0 0.928223 0.284668 0.005859 0.005859
0 0.644531 0.254639 0.014648 0.010254
0 0.737549 0.063477 0.018066 0.012695
0 0.374756 0.373291 0.011230 0.010254