0 0.569824 0.636963 0.006836 0.006348
0 0.654297 0.635010 0.007812 0.008301
0 0.398682 0.423096 0.010254 0.011230
0 0.364014 0.412842 0.008301 0.009277
0 0.616455 0.412598 0.015137 0.011719
0 0.599365 0.399414 0.014160 0.011719
0 0.242676 0.395264 0.013672 0.018066
0 0.186523 0.398438 0.021484 0.026367
0 0.670166 0.374512 0.011230 0.010742
0 0.769775 0.373047 0.010254 0.014648
0 0.308838 0.369629 0.007324 0.007812
0 0.531006 0.369141 0.008301 0.006836
0 0.187012 0.367920 0.014648 0.020996
0 0.222656 0.361328 0.014648 0.017578
0 0.549561 0.349365 0.011230 0.008301
0 0.271484 0.347900 0.010742 0.011230
0 0.136719 0.355957 0.025391 0.036133
0 0.082764 0.343506 0.022949 0.025879
0 0.581299 0.327393 0.012207 0.009277
0 0.041748 0.334961 0.028809 0.039062
0 0.236572 0.319092 0.012207 0.014160
0 0.672119 0.310547 0.009277 0.008789
0 0.126465 0.306396 0.019531 0.028809
0 0.201904 0.286865 0.010254 0.011230
0 0.160400 0.264404 0.014160 0.017090
0 0.121582 0.264648 0.032227 0.049805
0 0.119629 0.244873 0.011719 0.014160
0 0.853516 0.228516 0.013672 0.014648
0 0.089844 0.268555 0.063477 0.097656
0 0.755859 0.165039 0.029297 0.022461