0 0.477783 0.968262 0.047363 0.016602
0 0.438477 0.949463 0.041016 0.018066
0 0.605713 0.782227 0.020996 0.016602
0 0.638916 0.595215 0.011230 0.012695
0 0.520508 0.376465 0.009766 0.006836
0 0.421875 0.370850 0.008789 0.006348
0 0.595703 0.369629 0.016602 0.009766
0 0.466309 0.360107 0.006836 0.006348
0 0.576416 0.356201 0.010254 0.008301
0 0.527588 0.340332 0.014160 0.010742
0 0.648438 0.331055 0.011719 0.010742
0 0.748779 0.328613 0.010254 0.013672
0 0.527832 0.310059 0.014648 0.008789
0 0.557861 0.285645 0.008301 0.006836
0 0.573730 0.264648 0.010742 0.007812
0 0.694580 0.049805 0.020996 0.012695
0 0.380371 0.385986 0.011719 0.011230