0 0.503662 0.962402 0.065918 0.014648
0 0.467041 0.947754 0.069824 0.022461
0 0.625977 0.776855 0.020508 0.015625
0 0.640381 0.578369 0.012207 0.013184
0 0.518066 0.370117 0.010742 0.007812
0 0.418213 0.363525 0.012207 0.008301
0 0.579102 0.355225 0.017578 0.010254
0 0.517090 0.343018 0.014648 0.011230
0 0.507812 0.322510 0.011719 0.009277
0 0.629883 0.312256 0.012695 0.010254
0 0.729248 0.302002 0.009277 0.009277
0 0.560059 0.281006 0.010742 0.008301
0 0.624268 0.248779 0.014160 0.009277
0 0.375488 0.378418 0.010742 0.009766
0 0.527344 0.303711 0.015625 0.008789