0 0.217041 0.839355 0.028809 0.044922
0 0.535889 0.749756 0.006348 0.006348
0 0.086426 0.744385 0.033203 0.049316
0 0.261963 0.703369 0.007324 0.009277
0 0.120117 0.687988 0.030273 0.036133
0 0.158936 0.635742 0.012207 0.016602
0 0.822998 0.610352 0.011230 0.015625
0 0.207275 0.613770 0.020020 0.023438
0 0.030762 0.589111 0.006836 0.013184
0 0.071289 0.601807 0.024414 0.036621
0 0.731934 0.562500 0.007812 0.012695
0 0.222900 0.562744 0.020996 0.025879
0 0.941895 0.501221 0.008789 0.026855
0 0.920166 0.494141 0.008301 0.012695
0 0.652100 0.492432 0.009277 0.011230
0 0.737549 0.456299 0.013184 0.022949
0 0.658691 0.425537 0.003906 0.004395
0 0.968750 0.407959 0.015625 0.034668
0 0.898438 0.335693 0.011719 0.020996
0 0.926270 0.304199 0.015625 0.024414
0 0.897217 0.252930 0.015137 0.020508