0 0.495605 0.956299 0.026367 0.015137
0 0.442627 0.938477 0.028809 0.012695
0 0.627930 0.781982 0.019531 0.014160
0 0.636230 0.577148 0.012695 0.012695
0 0.381836 0.381348 0.009766 0.007812
0 0.510254 0.362305 0.006836 0.005859
0 0.458984 0.357666 0.007812 0.006348
0 0.413574 0.357666 0.009766 0.009277
0 0.588623 0.353271 0.016113 0.010254
0 0.497559 0.342773 0.015625 0.011719
0 0.569336 0.342041 0.018555 0.012207
0 0.638916 0.312988 0.012207 0.009766
0 0.739014 0.307617 0.012207 0.013672
0 0.515869 0.294189 0.015137 0.009277
0 0.923584 0.281250 0.008301 0.007812
0 0.547119 0.269775 0.016113 0.009277
0 0.371826 0.374023 0.011230 0.010742