0 0.371338 0.932373 0.024902 0.013184
0 0.346924 0.806396 0.017090 0.011230
0 0.302979 0.717041 0.020996 0.041504
0 0.055176 0.670654 0.040039 0.039551
0 0.100586 0.650146 0.020508 0.040527
0 0.164062 0.629883 0.031250 0.039062
0 0.613525 0.607178 0.011230 0.010254
0 0.336182 0.578125 0.006348 0.009766
0 0.017090 0.594482 0.025391 0.065918
0 0.192627 0.570068 0.029785 0.030762
0 0.279297 0.487793 0.018555 0.020508
0 0.138428 0.488770 0.025879 0.029297
0 0.285645 0.438965 0.021484 0.023438
0 0.298096 0.394775 0.008301 0.008301
0 0.121582 0.388184 0.026367 0.047852
0 0.383789 0.364258 0.008789 0.007812
0 0.160400 0.364014 0.012207 0.018066
0 0.233643 0.365234 0.016113 0.028320
0 0.312744 0.318848 0.013184 0.012695
0 0.184570 0.320557 0.020508 0.031738
0 0.238037 0.312988 0.015137 0.019531
0 0.123291 0.316162 0.018066 0.027832
0 0.082520 0.311768 0.033203 0.033691
0 0.278076 0.289795 0.011230 0.010254
0 0.054443 0.288330 0.021973 0.036621
0 0.166260 0.282715 0.019043 0.029297
0 0.241455 0.259521 0.009277 0.009277
0 0.193848 0.241699 0.030273 0.025391
0 0.169189 0.226074 0.024902 0.037109
0 0.125244 0.239502 0.040527 0.038574