0 0.475342 0.954346 0.036621 0.017090
0 0.429443 0.933594 0.061035 0.014648
0 0.616943 0.787842 0.020996 0.015137
0 0.262451 0.773682 0.017090 0.013184
0 0.632568 0.582764 0.009277 0.010254
0 0.375000 0.369141 0.006836 0.006836
0 0.886230 0.362061 0.007812 0.010254
0 0.524170 0.360596 0.009277 0.007324
0 0.598633 0.358154 0.008789 0.006348
0 0.458740 0.354980 0.008301 0.006836
0 0.415039 0.355225 0.011719 0.009277
0 0.584961 0.346924 0.015625 0.011230
0 0.458252 0.344971 0.007324 0.006348
0 0.501221 0.343994 0.029785 0.015137
0 0.754395 0.325439 0.011719 0.014160
0 0.655762 0.322510 0.012695 0.011230
0 0.517822 0.312256 0.013184 0.008301
0 0.928955 0.306885 0.008301 0.009277
0 0.537109 0.293457 0.014648 0.009766
0 0.568359 0.272461 0.012695 0.007812
0 0.659424 0.258545 0.010254 0.008301
0 0.582275 0.252930 0.006348 0.005859
0 0.756592 0.083008 0.016113 0.012695