0 0.254150 0.865723 0.049316 0.060547
0 0.113770 0.794434 0.049805 0.057617
0 0.272705 0.723877 0.011230 0.012207
0 0.138184 0.729980 0.036133 0.041016
0 0.052490 0.650879 0.021973 0.036133
0 0.210449 0.644531 0.029297 0.032227
0 0.078857 0.641113 0.021973 0.039062
0 0.218506 0.591309 0.020996 0.032227
0 0.742676 0.479736 0.005859 0.006348
0 0.641602 0.480713 0.006836 0.010254
0 0.910400 0.462402 0.007324 0.014648
0 0.750244 0.449951 0.010254 0.016113
0 0.588135 0.437744 0.007324 0.010254
0 0.644775 0.414551 0.008301 0.010742
0 0.956055 0.372070 0.025391 0.038086
0 0.644775 0.347900 0.013184 0.014160
0 0.875977 0.306396 0.010742 0.017090
0 0.675293 0.270020 0.014648 0.013672
0 0.901855 0.273926 0.017578 0.024414
0 0.859863 0.186279 0.015625 0.017090
0 0.373291 0.540039 0.008301 0.011719