0 0.643555 0.597900 0.011719 0.012207
0 0.450195 0.391846 0.006836 0.006348
0 0.346191 0.384521 0.009766 0.010254
0 0.597900 0.377197 0.014160 0.009277
0 0.581055 0.366211 0.015625 0.010742
0 0.510498 0.336426 0.010254 0.007812
0 0.650635 0.338135 0.011230 0.011230
0 0.748535 0.329834 0.011719 0.014160
0 0.528564 0.316650 0.016113 0.010254
0 0.915039 0.312500 0.008789 0.011719
0 0.558838 0.292480 0.013184 0.008789
0 0.650391 0.272705 0.011719 0.008301
0 0.834473 0.218994 0.020508 0.021973
0 0.760010 0.145264 0.031738 0.024902
0 0.382324 0.394775 0.012695 0.011230