0 0.344971 0.895020 0.017090 0.012695
0 0.301514 0.761719 0.016113 0.015625
0 0.264160 0.671143 0.025391 0.043457
0 0.024658 0.616211 0.026855 0.041016
0 0.065674 0.590820 0.015137 0.043945
0 0.666016 0.569336 0.010742 0.016602
0 0.129639 0.574951 0.034668 0.048340
0 0.301025 0.531006 0.010254 0.014160
0 0.062256 0.521240 0.024902 0.021973
0 0.992920 0.507324 0.006348 0.005859
0 0.157715 0.517334 0.028320 0.039551
0 0.245605 0.439697 0.019531 0.023926
0 0.104736 0.426758 0.030762 0.045898
0 0.257080 0.390381 0.024902 0.037598
0 0.189697 0.371094 0.008301 0.010742
0 0.424072 0.359863 0.010254 0.008789
0 0.343506 0.359375 0.007324 0.008789
0 0.200439 0.327148 0.023926 0.039062
0 0.128662 0.306641 0.010254 0.015625
0 0.325684 0.297607 0.007812 0.008301
0 0.100586 0.328369 0.041016 0.073730
0 0.287354 0.275146 0.009277 0.010254
0 0.159180 0.272461 0.017578 0.026367
0 0.235840 0.280273 0.041016 0.047852
0 0.097412 0.262695 0.026855 0.025391
0 0.059814 0.270264 0.025879 0.043457
0 0.143311 0.236084 0.018066 0.020996
0 0.084229 0.224609 0.007324 0.009766
0 0.219482 0.209961 0.017090 0.017578
0 0.161865 0.193848 0.020020 0.018555
0 0.108398 0.192627 0.016602 0.020020
0 0.146240 0.181152 0.022949 0.032227
0 0.414795 0.351562 0.012207 0.009766