0 0.313232 0.771729 0.016113 0.012207
0 0.272705 0.681152 0.027832 0.042969
0 0.029785 0.625977 0.038086 0.055664
0 0.072510 0.605469 0.029785 0.037109
0 0.135498 0.590088 0.029785 0.043457
0 0.671631 0.576172 0.010254 0.016602
0 0.309082 0.541260 0.011719 0.011230
0 0.072021 0.534180 0.015137 0.029297
0 0.164795 0.528076 0.030762 0.038574
0 0.250732 0.449707 0.019043 0.024414
0 0.109619 0.447510 0.031738 0.034668
0 0.010498 0.429199 0.013184 0.031250
0 0.383057 0.403564 0.009277 0.010254
0 0.266357 0.394287 0.029785 0.045410
0 0.337891 0.361572 0.005859 0.006348
0 0.098145 0.350830 0.028320 0.043457
0 0.362305 0.328125 0.012695 0.010742
0 0.134521 0.320557 0.009277 0.015137
0 0.205322 0.338867 0.023926 0.041016
0 0.291748 0.282227 0.011230 0.010742
0 0.225586 0.283447 0.014648 0.017090
0 0.161377 0.287354 0.020020 0.040527
0 0.098877 0.283691 0.029785 0.034180
0 0.259277 0.250732 0.005859 0.006348
0 0.144287 0.241211 0.014160 0.015625
0 0.221436 0.219971 0.015137 0.012207
0 0.182617 0.195312 0.005859 0.006836
0 0.168701 0.201416 0.018066 0.020996
0 0.152588 0.186035 0.024902 0.036133
0 0.420654 0.357666 0.011230 0.009277
0 0.145996 0.172852 0.009766 0.009766