0 0.219727 0.818359 0.020508 0.014648
0 0.068848 0.713379 0.041016 0.049805
0 0.245850 0.684326 0.013184 0.015137
0 0.104248 0.653320 0.031738 0.042969
0 0.192139 0.594727 0.027832 0.036133
0 0.390381 0.561523 0.009277 0.009766
0 0.035645 0.567871 0.020508 0.030273
0 0.063232 0.572021 0.019043 0.040527
0 0.208984 0.540527 0.021484 0.027344
0 0.144043 0.508301 0.013672 0.026367
0 0.743652 0.482910 0.006836 0.011719
0 0.641846 0.480713 0.007324 0.010254
0 0.911377 0.478271 0.008301 0.020020
0 0.574951 0.444092 0.009277 0.009277
0 0.731934 0.442627 0.011719 0.015137
0 0.647217 0.413086 0.009277 0.010742
0 0.959961 0.386475 0.023438 0.029785
0 0.657959 0.327393 0.016113 0.015137
0 0.883545 0.314941 0.012207 0.017578
0 0.910156 0.284424 0.018555 0.025879
0 0.684814 0.255615 0.018066 0.016113
0 0.850098 0.187012 0.015625 0.016602
0 0.369385 0.511963 0.008301 0.010254