0 0.225098 0.824951 0.028320 0.045410
0 0.544922 0.741455 0.012695 0.008301
0 0.099121 0.734863 0.036133 0.037109
0 0.273438 0.691895 0.008789 0.010742
0 0.132568 0.682861 0.029785 0.037598
0 0.218506 0.605957 0.020020 0.028320
0 0.835449 0.595215 0.013672 0.016602
0 0.082520 0.597168 0.025391 0.034180
0 0.052979 0.571045 0.006348 0.018066
0 0.725342 0.562012 0.007324 0.010742
0 0.233887 0.554932 0.022461 0.029785
0 0.166260 0.530273 0.012207 0.023438
0 0.763916 0.486816 0.006348 0.012695
0 0.663330 0.483643 0.007324 0.012207
0 0.952393 0.486816 0.019043 0.041016
0 0.755615 0.452637 0.010254 0.020508
0 0.671143 0.418213 0.008301 0.011230
0 0.982910 0.401611 0.020508 0.044434
0 0.908691 0.326904 0.008789 0.015137
0 0.938477 0.301270 0.019531 0.032227
0 0.905518 0.239258 0.006348 0.006836