0 0.322021 0.893799 0.016113 0.009277
0 0.277588 0.804443 0.027832 0.045410
0 0.083984 0.739990 0.018555 0.021973
0 0.592285 0.707764 0.011719 0.008301
0 0.679199 0.705078 0.013672 0.014648
0 0.143066 0.715332 0.030273 0.041016
0 0.317627 0.669678 0.010254 0.011230
0 0.175537 0.656494 0.028809 0.031738
0 0.028320 0.588135 0.034180 0.027832
0 0.259521 0.578369 0.019043 0.020996
0 0.122314 0.570557 0.025879 0.037598
0 0.704102 0.538330 0.007812 0.015137
0 0.272461 0.529297 0.021484 0.026367
0 0.880615 0.523926 0.008301 0.019531
0 0.137451 0.509766 0.005371 0.006836
0 0.205322 0.503662 0.013184 0.020020
0 0.647461 0.480957 0.011719 0.011719
0 0.003418 0.464355 0.002930 0.006836
0 0.156494 0.459961 0.010254 0.020508
0 0.110840 0.470703 0.021484 0.048828
0 0.223633 0.451416 0.014648 0.023926
0 0.701172 0.443848 0.008789 0.013672
0 0.821777 0.437988 0.015625 0.027344
0 0.020020 0.448486 0.026367 0.078613
0 0.176514 0.407715 0.022949 0.027344
0 0.975342 0.410156 0.015137 0.039062
0 0.113037 0.396729 0.024902 0.033691
0 0.073730 0.391113 0.021484 0.033203
0 0.706543 0.377686 0.007812 0.009277
0 0.043213 0.363525 0.023926 0.037598
0 0.940918 0.279297 0.012695 0.018555