0 0.368896 0.964111 0.041504 0.017090
0 0.363037 0.839111 0.021973 0.012207
0 0.318359 0.748291 0.030273 0.053223
0 0.063721 0.683594 0.029785 0.047852
0 0.117920 0.669434 0.016113 0.029297
0 0.636475 0.647949 0.010254 0.008789
0 0.179932 0.650635 0.030762 0.037598
0 0.356934 0.608887 0.011719 0.011719
0 0.213379 0.591553 0.031250 0.028809
0 0.034424 0.596680 0.034668 0.050781
0 0.300781 0.514648 0.020508 0.018555
0 0.163574 0.503174 0.026367 0.034668
0 0.314209 0.463379 0.023926 0.024414
0 0.248047 0.438965 0.013672 0.017578
0 0.608643 0.425049 0.008301 0.010254
0 0.906738 0.427490 0.015625 0.025879
0 0.684814 0.419678 0.013184 0.010254
0 0.267090 0.411621 0.007812 0.009766
0 0.922119 0.414551 0.010254 0.019531
0 0.668213 0.406494 0.016113 0.015137
0 0.586670 0.403076 0.012207 0.011230
0 0.150879 0.400879 0.028320 0.046875
0 0.735596 0.378418 0.008301 0.009766
0 0.195557 0.383057 0.013184 0.019043
0 0.266357 0.385010 0.020996 0.024902
0 0.071045 0.380371 0.011230 0.015625
0 0.598877 0.376221 0.013184 0.011230
0 0.616211 0.355957 0.013672 0.011719
0 0.061768 0.359863 0.022949 0.041016
0 0.222656 0.336182 0.022461 0.030762
0 0.264404 0.325439 0.013184 0.012207
0 0.160889 0.326660 0.023926 0.028320
0 0.662598 0.312744 0.006836 0.006348
0 0.117432 0.320068 0.034668 0.036621
0 0.205811 0.296387 0.013184 0.014648
0 0.241455 0.270264 0.017090 0.017090
0 0.158691 0.270264 0.040039 0.061035
0 0.102295 0.267090 0.052246 0.085938
0 0.626221 0.475586 0.008301 0.009766
0 0.213867 0.249268 0.018555 0.021973
0 0.838623 0.378418 0.009277 0.011719