0 0.546143 0.979492 0.033691 0.018555
0 0.440674 0.920410 0.006348 0.005859
0 0.448975 0.836182 0.030762 0.030762
0 0.755371 0.822754 0.023438 0.019531
0 0.288330 0.752197 0.016113 0.014160
0 0.288818 0.679443 0.038574 0.040527
0 0.032715 0.624268 0.042969 0.049316
0 0.077393 0.602539 0.025879 0.039062
0 0.674561 0.575439 0.012207 0.014160
0 0.141846 0.587646 0.034668 0.046387
0 0.312988 0.538818 0.008789 0.013184
0 0.077881 0.534180 0.019043 0.024414
0 0.171387 0.526855 0.029297 0.033203
0 0.256592 0.453857 0.017090 0.021973
0 0.048828 0.447510 0.007812 0.020996
0 0.117188 0.444092 0.032227 0.034668
0 0.320312 0.395508 0.013672 0.019531
0 0.453125 0.384033 0.010742 0.007324
0 0.251221 0.393555 0.052246 0.041016
0 0.197510 0.372803 0.012207 0.015137
0 0.287842 0.359619 0.014160 0.017090
0 0.424072 0.355469 0.012207 0.009766
0 0.323730 0.349854 0.011719 0.012207
0 0.107178 0.336182 0.035645 0.061035
0 0.216553 0.328369 0.029785 0.047363
0 0.296387 0.279785 0.007812 0.007812
0 0.167480 0.284180 0.035156 0.038086
0 0.113770 0.261719 0.035156 0.045898
0 0.150146 0.237793 0.005371 0.004883
0 0.228027 0.216064 0.007812 0.008301
0 0.088623 0.234863 0.066895 0.095703
0 0.129639 0.190918 0.019043 0.018555
0 0.336182 0.302002 0.006348 0.006348