0 0.318848 0.869385 0.016602 0.012207
0 0.294922 0.789795 0.038086 0.052246
0 0.089844 0.710693 0.017578 0.020996
0 0.608154 0.679932 0.012207 0.011230
0 0.693115 0.677002 0.014160 0.013184
0 0.154053 0.686523 0.039551 0.045898
0 0.326416 0.644287 0.012207 0.013184
0 0.181885 0.627441 0.030762 0.033203
0 0.224609 0.564697 0.013672 0.023926
0 0.268555 0.554688 0.017578 0.024414
0 0.044922 0.547607 0.014648 0.024902
0 0.131104 0.543945 0.029785 0.036133
0 0.188232 0.529541 0.007324 0.015137
0 0.190186 0.505127 0.012207 0.020996
0 0.279297 0.505371 0.021484 0.025391
0 0.216553 0.473877 0.013184 0.021973
0 0.652344 0.450195 0.013672 0.013672
0 0.302490 0.444336 0.011230 0.015625
0 0.636230 0.438965 0.014648 0.016602
0 0.316406 0.436279 0.011719 0.016113
0 0.383545 0.429443 0.006348 0.008301
0 0.118896 0.442627 0.027832 0.048340
0 0.232422 0.426758 0.015625 0.017578
0 0.008789 0.431885 0.010742 0.033691
0 0.264648 0.417236 0.008789 0.012207
0 0.705811 0.410645 0.011230 0.016602
0 0.352295 0.404053 0.007324 0.009277
0 0.805664 0.406982 0.009766 0.019043
0 0.583252 0.388428 0.011230 0.010254
0 0.031494 0.409424 0.030762 0.052246
0 0.596924 0.384277 0.010254 0.010742
0 0.181152 0.384277 0.018555 0.033203
0 0.613281 0.365234 0.009766 0.009766
0 0.085693 0.362549 0.020996 0.030762
0 0.703857 0.343506 0.007324 0.009277
0 0.211182 0.337158 0.015137 0.021973
0 0.174072 0.333252 0.015137 0.020996
0 0.055664 0.326904 0.024414 0.039551
0 0.168945 0.284912 0.012695 0.016113
0 0.132812 0.288330 0.022461 0.030762
0 0.079102 0.264160 0.027344 0.032227
0 0.885986 0.219238 0.016113 0.020508
0 0.745117 0.171631 0.030273 0.022949
0 0.048096 0.437744 0.016113 0.033691