0 0.536133 0.877197 0.037109 0.016113
0 0.327148 0.800537 0.019531 0.015137
0 0.317871 0.721191 0.033203 0.040039
0 0.055176 0.669434 0.044922 0.036133
0 0.103271 0.645752 0.018066 0.035645
0 0.168457 0.627686 0.030273 0.039551
0 0.621826 0.613037 0.009277 0.010254
0 0.341553 0.580078 0.009277 0.011719
0 0.018066 0.583252 0.028320 0.057129
0 0.198242 0.569336 0.030273 0.030273
0 0.279541 0.492676 0.023926 0.020508
0 0.146484 0.480469 0.027344 0.030273
0 0.117432 0.475098 0.006348 0.019531
0 0.284180 0.442139 0.040039 0.023926
0 0.427002 0.427979 0.009277 0.006348
0 0.341553 0.419922 0.011230 0.012695
0 0.229248 0.413330 0.014160 0.022949
0 0.306396 0.381104 0.010254 0.011230
0 0.129639 0.385010 0.032715 0.039551
0 0.395020 0.365723 0.006836 0.005859
0 0.309570 0.350586 0.013672 0.015625
0 0.249756 0.356689 0.027832 0.038574
0 0.042236 0.353760 0.037598 0.045410
0 0.192383 0.329102 0.021484 0.026367
0 0.133301 0.310547 0.023438 0.027344
0 0.093506 0.304932 0.027832 0.031738
0 0.065186 0.278564 0.019043 0.023926
0 0.180176 0.275391 0.016602 0.019531
0 0.215088 0.234131 0.012207 0.011230
0 0.133789 0.254150 0.041992 0.062012
0 0.162598 0.230713 0.015625 0.016113
0 0.175537 0.212891 0.009277 0.009766