0 0.318359 0.889893 0.021484 0.013184
0 0.271729 0.753418 0.013184 0.012695
0 0.240234 0.660400 0.031250 0.045410
0 0.635010 0.564209 0.008301 0.009277
0 0.036377 0.581299 0.020020 0.046387
0 0.097168 0.566406 0.026367 0.053711
0 0.272461 0.522461 0.007812 0.014648
0 0.033203 0.513428 0.023438 0.035645
0 0.130371 0.506592 0.027344 0.038574
0 0.946289 0.476074 0.011719 0.030273
0 0.954590 0.421143 0.010742 0.019043
0 0.078857 0.427002 0.027832 0.032715
0 0.219238 0.425537 0.015625 0.032715
0 0.300049 0.391357 0.011230 0.013184
0 0.229492 0.384033 0.022461 0.030762
0 0.484619 0.370850 0.005371 0.005371
0 0.525146 0.340820 0.009277 0.007812
0 0.593262 0.330322 0.034180 0.024902
0 0.654053 0.300293 0.009277 0.008789
0 0.174316 0.310547 0.026367 0.028320
0 0.067139 0.323486 0.033691 0.056152
0 0.756104 0.301270 0.012207 0.012695
0 0.516113 0.292236 0.011719 0.008301
0 0.104248 0.285400 0.013184 0.020020
0 0.204590 0.278320 0.010742 0.013672
0 0.565430 0.252930 0.011719 0.007812
0 0.131104 0.262695 0.025879 0.034180
0 0.844482 0.243896 0.013184 0.015137
0 0.071777 0.250000 0.019531 0.032227
0 0.116211 0.222900 0.021484 0.026855
0 0.826172 0.157227 0.027344 0.024414
0 0.534912 0.272705 0.015137 0.009277
0 0.474609 0.332275 0.007812 0.006348