0 0.466064 0.963623 0.026855 0.009277
0 0.560303 0.880615 0.034668 0.015137
0 0.344727 0.813477 0.017578 0.012695
0 0.332031 0.732666 0.030273 0.038574
0 0.059570 0.695557 0.033203 0.033691
0 0.113770 0.673584 0.019531 0.036621
0 0.176270 0.650635 0.032227 0.035645
0 0.628906 0.612549 0.007812 0.007324
0 0.348145 0.592285 0.011719 0.011719
0 0.027344 0.612549 0.035156 0.052246
0 0.205811 0.587402 0.026855 0.030273
0 0.049072 0.509521 0.010254 0.014160
0 0.284424 0.508545 0.025879 0.020996
0 0.148682 0.505615 0.029785 0.028809
0 0.123047 0.497559 0.007812 0.016602
0 0.288330 0.457520 0.032715 0.019531
0 0.420410 0.435059 0.008789 0.007812
0 0.226318 0.435547 0.014160 0.026367
0 0.339355 0.429443 0.011719 0.016113
0 0.127441 0.407715 0.031250 0.040039
0 0.299561 0.393066 0.013184 0.014648
0 0.239502 0.383057 0.016113 0.020996
0 0.390625 0.374756 0.008789 0.007324
0 0.038330 0.380615 0.028809 0.055176
0 0.300293 0.361572 0.019531 0.020020
0 0.357910 0.352783 0.007812 0.007324
0 0.186523 0.351807 0.021484 0.025879
0 0.318604 0.331299 0.012207 0.012207
0 0.128906 0.330811 0.014648 0.020996
0 0.085205 0.330811 0.029785 0.028809
0 0.282959 0.304688 0.012207 0.012695
0 0.054443 0.304688 0.024902 0.037109
0 0.174072 0.296143 0.019043 0.027832
0 0.245361 0.275391 0.010254 0.009766
0 0.205566 0.250977 0.015625 0.014648
0 0.152344 0.252930 0.017578 0.021484
0 0.076172 0.237793 0.022461 0.036133
0 0.124512 0.276855 0.041992 0.068359