0 0.654541 0.634766 0.007324 0.007812
0 0.400391 0.424316 0.008789 0.008789
0 0.616943 0.412842 0.015137 0.012207
0 0.600830 0.401367 0.014160 0.011719
0 0.244629 0.397217 0.012695 0.016113
0 0.188965 0.397705 0.021484 0.027832
0 0.671387 0.375977 0.009766 0.010742
0 0.771729 0.375488 0.010254 0.013672
0 0.309570 0.370361 0.011719 0.012207
0 0.189209 0.370361 0.012207 0.020020
0 0.225342 0.363281 0.014160 0.015625
0 0.551025 0.351318 0.014160 0.010254
0 0.272461 0.349609 0.010742 0.011719
0 0.139404 0.357910 0.021973 0.036133
0 0.085205 0.341797 0.023926 0.031250
0 0.582031 0.329102 0.012695 0.009766
0 0.044922 0.336670 0.025391 0.034668
0 0.237793 0.320557 0.009766 0.010254
0 0.673096 0.311035 0.010254 0.009766
0 0.597412 0.307861 0.007324 0.006348
0 0.128174 0.310059 0.016113 0.023438
0 0.201172 0.289551 0.006836 0.007812
0 0.161377 0.265381 0.012207 0.012207
0 0.121826 0.245850 0.007324 0.008301
0 0.124268 0.264404 0.030762 0.047363
0 0.856445 0.229492 0.017578 0.020508
0 0.090332 0.269043 0.061523 0.101562
0 0.755127 0.165283 0.029785 0.024902