0 0.447998 0.994141 0.029785 0.008789
0 0.587402 0.914062 0.039062 0.018555
0 0.333984 0.838135 0.021484 0.014160
0 0.321289 0.758545 0.045898 0.053223
0 0.067871 0.694092 0.023438 0.034668
0 0.115967 0.683350 0.018066 0.024902
0 0.180176 0.661621 0.032227 0.040039
0 0.353027 0.617188 0.009766 0.009766
0 0.212891 0.604004 0.035156 0.028320
0 0.031494 0.612793 0.037598 0.053711
0 0.294922 0.530273 0.019531 0.020508
0 0.067871 0.521729 0.025391 0.028809
0 0.160400 0.527832 0.030762 0.057617
0 0.171631 0.499023 0.008301 0.019531
0 0.310303 0.480713 0.025879 0.020996
0 0.394531 0.445801 0.008789 0.006836
0 0.244385 0.449951 0.013184 0.020996
0 0.609863 0.438232 0.008789 0.008301
0 0.344971 0.440186 0.011230 0.012207
0 0.685303 0.435303 0.014160 0.013184
0 0.669922 0.424561 0.015625 0.018066
0 0.309082 0.408203 0.008789 0.011719
0 0.409180 0.405762 0.008789 0.007812
0 0.145508 0.420166 0.031250 0.040527
0 0.840088 0.402588 0.009277 0.014160
0 0.738525 0.399902 0.009277 0.012695
0 0.260986 0.400879 0.018066 0.023438
0 0.602295 0.390381 0.008301 0.008301
0 0.378174 0.380371 0.009277 0.009766
0 0.057129 0.388916 0.024414 0.035645
0 0.622070 0.371338 0.011719 0.010254
0 0.207764 0.364746 0.023926 0.032227
0 0.280518 0.354736 0.016113 0.016113
0 0.653564 0.350098 0.010254 0.009766
0 0.155762 0.344971 0.025391 0.027832
0 0.744629 0.334229 0.010742 0.012207
0 0.112549 0.340088 0.018066 0.030762
0 0.682129 0.323242 0.011719 0.011719
0 0.199219 0.315430 0.011719 0.018555
0 0.080078 0.305664 0.026367 0.043945
0 0.232666 0.270996 0.014160 0.015625
0 0.195312 0.258545 0.036133 0.034668
0 0.100098 0.251709 0.022461 0.028809
0 0.161621 0.271729 0.064453 0.097168
0 0.037354 0.402588 0.010254 0.013184
0 0.077148 0.412598 0.006836 0.011719
0 0.694824 0.292969 0.007812 0.006836