0 0.479004 0.991455 0.034180 0.010254
0 0.602295 0.898926 0.038574 0.022461
0 0.354980 0.843018 0.020508 0.013184
0 0.333984 0.766846 0.044922 0.055176
0 0.076660 0.711182 0.028320 0.043457
0 0.123291 0.697510 0.019043 0.030762
0 0.187744 0.675293 0.037598 0.041016
0 0.358643 0.620850 0.011230 0.011230
0 0.034912 0.629883 0.035645 0.051758
0 0.213379 0.610107 0.029297 0.027832
0 0.297852 0.533936 0.020508 0.021973
0 0.066162 0.535156 0.024902 0.027344
0 0.161621 0.523926 0.037109 0.044922
0 0.306885 0.485107 0.026855 0.020020
0 0.240234 0.458008 0.012695 0.019531
0 0.396729 0.447998 0.008301 0.006348
0 0.342285 0.444580 0.010742 0.013184
0 0.603760 0.425781 0.008301 0.009766
0 0.141113 0.432861 0.030273 0.035645
0 0.677490 0.417969 0.015137 0.014648
0 0.302979 0.414062 0.010254 0.012695
0 0.661865 0.407471 0.015137 0.014160
0 0.254150 0.407959 0.018066 0.021973
0 0.052246 0.402344 0.022461 0.036133
0 0.371094 0.381104 0.010742 0.011230
0 0.729248 0.379639 0.011230 0.015137
0 0.593506 0.377441 0.012207 0.009766
0 0.830811 0.375244 0.009277 0.013184
0 0.201660 0.373535 0.024414 0.028320
0 0.278320 0.365723 0.015625 0.015625
0 0.610596 0.358887 0.008301 0.006836
0 0.332520 0.359863 0.012695 0.012695
0 0.144531 0.357666 0.024414 0.020996
0 0.640869 0.334717 0.014160 0.012207
0 0.104736 0.345947 0.015137 0.043457
0 0.189453 0.324219 0.010742 0.011719
0 0.731689 0.313965 0.007324 0.007812
0 0.072021 0.325439 0.026855 0.041504
0 0.673584 0.299561 0.012207 0.011230
0 0.264404 0.298828 0.009277 0.008789
0 0.220947 0.279053 0.008301 0.008301
0 0.137939 0.301758 0.035645 0.060547
0 0.172607 0.276123 0.014160 0.019043
0 0.091064 0.261963 0.024902 0.030762
0 0.071533 0.425537 0.008301 0.014160
0 0.678467 0.274170 0.012207 0.010254
0 0.181152 0.256592 0.015625 0.019043