0 0.545410 0.977295 0.029297 0.018066
0 0.446045 0.831299 0.030762 0.020020
0 0.751465 0.822754 0.027344 0.022461
0 0.288330 0.752686 0.016113 0.014160
0 0.284424 0.674805 0.038574 0.041992
0 0.028320 0.611572 0.040039 0.054199
0 0.075439 0.594482 0.022949 0.046387
0 0.673340 0.572754 0.014648 0.014648
0 0.138916 0.580566 0.034668 0.041016
0 0.310059 0.533203 0.009766 0.013672
0 0.072510 0.523438 0.029785 0.027344
0 0.165771 0.521973 0.033691 0.033203
0 0.253662 0.448242 0.019043 0.019531
0 0.045166 0.438965 0.008301 0.018555
0 0.117432 0.434814 0.029785 0.035645
0 0.320557 0.390381 0.015137 0.018066
0 0.255371 0.395264 0.042969 0.027832
0 0.455811 0.379883 0.014160 0.008789
0 0.198730 0.364990 0.010742 0.019043
0 0.285400 0.355713 0.012207 0.016113
0 0.423340 0.351318 0.010742 0.008301
0 0.326416 0.347168 0.012207 0.012695
0 0.101807 0.337402 0.030762 0.039062
0 0.217041 0.320312 0.022949 0.029297
0 0.297852 0.273438 0.014648 0.013672
0 0.169189 0.282227 0.033691 0.046875
0 0.264893 0.242676 0.008301 0.007812
0 0.116455 0.253906 0.045410 0.058594
0 0.153320 0.228760 0.007812 0.009277
0 0.081543 0.243408 0.053711 0.080566
0 0.122559 0.191406 0.031250 0.029297