0 0.479736 0.970703 0.045410 0.016602
0 0.607178 0.779541 0.042480 0.019043
0 0.598389 0.735352 0.018066 0.010742
0 0.640625 0.597412 0.011719 0.009277
0 0.389648 0.398193 0.007812 0.007324
0 0.421387 0.374512 0.006836 0.005859
0 0.594482 0.370361 0.017090 0.011230
0 0.454590 0.367676 0.006836 0.005859
0 0.578857 0.360596 0.016113 0.012207
0 0.531982 0.337158 0.014160 0.011230
0 0.507812 0.332520 0.009766 0.006836
0 0.646973 0.330811 0.012695 0.011230
0 0.746582 0.325439 0.012695 0.016113
0 0.912354 0.306885 0.009277 0.013184
0 0.646973 0.266846 0.014648 0.011230
0 0.683105 0.051270 0.021484 0.013672
0 0.380371 0.389648 0.008789 0.009766