0 0.655029 0.635010 0.008301 0.007324
0 0.397705 0.424316 0.010254 0.010742
0 0.363037 0.414307 0.008301 0.009277
0 0.614990 0.411133 0.015137 0.011719
0 0.598145 0.398193 0.014648 0.011230
0 0.185547 0.402588 0.019531 0.024902
0 0.240723 0.398438 0.011719 0.017578
0 0.307129 0.372070 0.006836 0.006836
0 0.668457 0.372559 0.011719 0.010742
0 0.528809 0.368652 0.008789 0.006836
0 0.768555 0.369629 0.010742 0.014648
0 0.185547 0.371826 0.012695 0.020020
0 0.221191 0.365234 0.014648 0.017578
0 0.269531 0.351074 0.010742 0.011719
0 0.547363 0.348877 0.010742 0.008301
0 0.135010 0.360352 0.023926 0.035156
0 0.080322 0.348633 0.021973 0.025391
0 0.040039 0.340820 0.026367 0.038086
0 0.579346 0.326416 0.012207 0.009277
0 0.234131 0.322510 0.012207 0.015137
0 0.669922 0.308594 0.008789 0.008789
0 0.124268 0.311279 0.018066 0.027832
0 0.199707 0.290527 0.009766 0.011719
0 0.157471 0.268555 0.014160 0.016602
0 0.118652 0.269287 0.031250 0.050293
0 0.116211 0.250000 0.011719 0.014648
0 0.086670 0.273438 0.062012 0.098633
0 0.850342 0.224121 0.013184 0.014648
0 0.751709 0.162109 0.029785 0.021484