0 0.336670 0.791504 0.016113 0.011719
0 0.295166 0.701660 0.024902 0.041992
0 0.045898 0.652588 0.042969 0.044434
0 0.090820 0.630127 0.022461 0.037598
0 0.151611 0.614014 0.028809 0.039551
0 0.599365 0.594971 0.008301 0.009277
0 0.326904 0.562256 0.011230 0.012207
0 0.007812 0.567383 0.010742 0.048828
0 0.184082 0.548828 0.027344 0.036133
0 0.267578 0.469482 0.017578 0.020996
0 0.127930 0.468506 0.028320 0.033691
0 0.023193 0.456299 0.007324 0.023926
0 0.279785 0.418945 0.023438 0.029297
0 0.210938 0.399658 0.007812 0.011230
0 0.445557 0.384521 0.008301 0.007324
0 0.315430 0.377686 0.007812 0.008301
0 0.436279 0.376221 0.011230 0.008301
0 0.114258 0.372070 0.029297 0.048828
0 0.376709 0.347412 0.011230 0.010254
0 0.222412 0.357910 0.020996 0.036133
0 0.152100 0.341553 0.012207 0.020020
0 0.343262 0.323242 0.009766 0.009766
0 0.236084 0.298096 0.013184 0.015137
0 0.175537 0.311768 0.023926 0.046387
0 0.117432 0.297852 0.019043 0.025391
0 0.272705 0.270752 0.006348 0.006348
0 0.160400 0.261963 0.013184 0.015137
0 0.085449 0.277100 0.051758 0.078613
0 0.239990 0.236328 0.007324 0.008789
0 0.185303 0.220215 0.015137 0.016602
0 0.119873 0.221680 0.026855 0.025391
0 0.161133 0.214600 0.011719 0.012207