0 0.468506 0.961670 0.017090 0.007324
0 0.554932 0.877930 0.036621 0.016602
0 0.341064 0.810791 0.019043 0.012207
0 0.330078 0.728271 0.029297 0.036621
0 0.055420 0.686768 0.033691 0.041504
0 0.110596 0.665527 0.019043 0.038086
0 0.174561 0.645508 0.030762 0.039062
0 0.627197 0.612549 0.007324 0.006348
0 0.345947 0.588867 0.012207 0.011719
0 0.022949 0.606934 0.031250 0.058594
0 0.203857 0.580811 0.027832 0.031738
0 0.048340 0.503662 0.006836 0.010254
0 0.281250 0.504639 0.020508 0.021973
0 0.148926 0.500488 0.026367 0.030273
0 0.121582 0.491211 0.007812 0.020508
0 0.287109 0.452881 0.038086 0.020996
0 0.421875 0.433105 0.008789 0.006836
0 0.340088 0.427002 0.014160 0.015137
0 0.227051 0.430176 0.013672 0.024414
0 0.301758 0.389648 0.013672 0.016602
0 0.127930 0.399414 0.033203 0.043945
0 0.241455 0.378662 0.016113 0.022949
0 0.303711 0.358887 0.018555 0.019531
0 0.037109 0.370361 0.037109 0.048340
0 0.187500 0.344727 0.020508 0.025391
0 0.319824 0.327881 0.012695 0.013184
0 0.130371 0.326660 0.016602 0.027344
0 0.086426 0.324219 0.028320 0.030273
0 0.284668 0.301270 0.008789 0.009766
0 0.174805 0.289795 0.019531 0.027832
0 0.056396 0.295898 0.022949 0.041016
0 0.249756 0.268799 0.008301 0.007324
0 0.150635 0.250977 0.017090 0.021484
0 0.127197 0.268799 0.042480 0.068848
0 0.165283 0.229492 0.015137 0.019531
0 0.080811 0.230713 0.022949 0.034668