0 0.323730 0.785889 0.014648 0.012207
0 0.284912 0.694580 0.023926 0.045410
0 0.033203 0.629150 0.027344 0.047363
0 0.602783 0.601562 0.008301 0.010742
0 0.089111 0.611084 0.020020 0.041504
0 0.152832 0.596680 0.036133 0.041016
0 0.326904 0.555664 0.010254 0.010742
0 0.008545 0.547607 0.014160 0.042480
0 0.185547 0.538818 0.027344 0.030762
0 0.271973 0.463379 0.020508 0.020508
0 0.131836 0.451660 0.028320 0.038086
0 0.033691 0.437988 0.013672 0.023438
0 0.287842 0.413330 0.021973 0.025879
0 0.445068 0.376953 0.011230 0.008789
0 0.315674 0.373535 0.008301 0.010742
0 0.125488 0.355957 0.028320 0.042969
0 0.165039 0.327148 0.013672 0.020508
0 0.242676 0.328613 0.034180 0.046875
0 0.320557 0.296143 0.013184 0.011230
0 0.193115 0.292236 0.019043 0.023926
0 0.248535 0.285889 0.014648 0.016113
0 0.131836 0.283447 0.024414 0.023926
0 0.287109 0.265381 0.007812 0.009277
0 0.173096 0.254395 0.020996 0.023438
0 0.254395 0.229736 0.006836 0.006348
0 0.200684 0.211426 0.015625 0.014648
0 0.110840 0.245850 0.078125 0.095215
0 0.178711 0.202637 0.019531 0.020508
0 0.166504 0.187988 0.010742 0.009766