0 0.587158 0.656494 0.009277 0.006348
0 0.670898 0.653809 0.014648 0.012695
0 0.159180 0.618652 0.005859 0.005859
0 0.205322 0.550293 0.012207 0.018555
0 0.021973 0.549561 0.023438 0.036621
0 0.246582 0.540771 0.018555 0.023926
0 0.111328 0.539551 0.027344 0.039062
0 0.194824 0.521973 0.007812 0.014648
0 0.167725 0.490234 0.012207 0.017578
0 0.258545 0.493408 0.024902 0.026855
0 0.192139 0.469727 0.012207 0.018555
0 0.413330 0.445068 0.006348 0.006348
0 0.022217 0.438477 0.014160 0.023438
0 0.629150 0.429199 0.013184 0.010742
0 0.091553 0.441650 0.032715 0.044434
0 0.263672 0.425537 0.011719 0.015137
0 0.614990 0.418701 0.012207 0.010254
0 0.201904 0.421875 0.018066 0.020508
0 0.259033 0.406738 0.014160 0.014648
0 0.011963 0.417969 0.012207 0.037109
0 0.549072 0.391357 0.005371 0.005371
0 0.223145 0.398193 0.011719 0.020020
0 0.683105 0.390625 0.008789 0.009766
0 0.322266 0.391357 0.009766 0.011230
0 0.783691 0.388184 0.007812 0.011719
0 0.949951 0.375732 0.008301 0.014160
0 0.561523 0.367676 0.010742 0.007812
0 0.149902 0.380371 0.022461 0.035156
0 0.093750 0.369629 0.025391 0.027344
0 0.056641 0.365479 0.024414 0.030762
0 0.592041 0.344971 0.012207 0.010254
0 0.248535 0.343262 0.011719 0.012695
0 0.027344 0.344238 0.009766 0.020508
0 0.684814 0.326172 0.008301 0.007812
0 0.606689 0.323242 0.008301 0.006836
0 0.143555 0.324463 0.021484 0.040527
0 0.171631 0.291260 0.012207 0.014160
0 0.090332 0.311035 0.038086 0.068359
0 0.134033 0.282227 0.021973 0.032227
0 0.131592 0.268066 0.012207 0.015625
0 0.869873 0.229736 0.011230 0.014160
0 0.749512 0.169678 0.033203 0.026855
0 0.354980 0.416016 0.007812 0.008789