0 0.627441 0.914062 0.040039 0.024414
0 0.357422 0.858154 0.022461 0.012207
0 0.333252 0.781006 0.045410 0.060059
0 0.084473 0.719727 0.037109 0.042969
0 0.125244 0.706787 0.016113 0.023926
0 0.189697 0.684326 0.035645 0.038574
0 0.362061 0.633301 0.009277 0.009766
0 0.039307 0.636963 0.038574 0.049316
0 0.217529 0.619873 0.032715 0.029785
0 0.302979 0.544678 0.020996 0.020020
0 0.075928 0.542236 0.018066 0.029785
0 0.164062 0.535156 0.031250 0.036133
0 0.187500 0.519287 0.008789 0.016113
0 0.218262 0.494385 0.009766 0.011230
0 0.312500 0.496582 0.025391 0.022461
0 0.247803 0.465332 0.011230 0.019531
0 0.382812 0.453369 0.010742 0.008301
0 0.345215 0.448242 0.011719 0.013672
0 0.683350 0.430420 0.013184 0.012207
0 0.149170 0.436768 0.029785 0.039551
0 0.310059 0.420898 0.010742 0.014648
0 0.666992 0.419922 0.014648 0.013672
0 0.263916 0.416992 0.016113 0.019531
0 0.038330 0.418457 0.015137 0.026367
0 0.382324 0.392090 0.008789 0.006836
0 0.733643 0.390869 0.010254 0.013184
0 0.059814 0.403320 0.024902 0.042969
0 0.626465 0.383057 0.006836 0.007324
0 0.836182 0.385742 0.010254 0.015625
0 0.211182 0.381104 0.020996 0.028809
0 0.658936 0.362305 0.010254 0.010742
0 0.160400 0.364502 0.016113 0.018066
0 0.272705 0.355957 0.016113 0.018555
0 0.751953 0.350586 0.009766 0.012695
0 0.115479 0.354492 0.027832 0.033203
0 0.677490 0.344727 0.014160 0.017578
0 0.311523 0.337891 0.009766 0.007812
0 0.202637 0.323730 0.018555 0.026367
0 0.277100 0.306885 0.007324 0.006348
0 0.072998 0.318359 0.037598 0.034180
0 0.238037 0.282227 0.015137 0.014648
0 0.152100 0.300293 0.042480 0.064453
0 0.199707 0.270508 0.033203 0.032227
0 0.106201 0.259521 0.023926 0.031738
0 0.078369 0.428223 0.008301 0.009766
0 0.699707 0.303711 0.011719 0.010742
0 0.196777 0.261230 0.013672 0.015625