0 0.481445 0.961426 0.066406 0.014648
0 0.445557 0.945557 0.069824 0.022949
0 0.612549 0.782959 0.020996 0.015137
0 0.635986 0.585205 0.012207 0.013184
0 0.509033 0.368896 0.010254 0.007324
0 0.409912 0.367432 0.011230 0.008301
0 0.454834 0.365234 0.007324 0.006836
0 0.586426 0.358887 0.017578 0.010742
0 0.567627 0.348145 0.017090 0.011719
0 0.504883 0.344727 0.014648 0.016602
0 0.496338 0.321533 0.012207 0.009277
0 0.638672 0.318604 0.012695 0.010254
0 0.738525 0.313232 0.009277 0.009277
0 0.513916 0.300781 0.013184 0.008789
0 0.544434 0.276367 0.011719 0.007812
0 0.636475 0.254883 0.014160 0.009766
0 0.368652 0.383789 0.010742 0.010742