0 0.641602 0.779541 0.035156 0.014160
0 0.562988 0.690186 0.045898 0.045410
0 0.070800 0.627686 0.084960 0.048340
0 1.189942 0.589600 0.018554 0.009277
0 0.169434 0.605469 0.057618 0.043945
0 0.287110 0.592529 0.082032 0.044434
0 0.642578 0.549316 0.029296 0.012695
0 0.174316 0.539062 0.016602 0.013672
0 0.355468 0.533447 0.052734 0.033691
0 0.527832 0.455322 0.043946 0.023926
0 0.049804 0.434082 0.031250 0.016602
0 0.245118 0.443848 0.064454 0.041016
0 0.888184 0.377441 0.012696 0.005859
0 0.557128 0.395508 0.049804 0.051758
0 0.651856 0.366943 0.010742 0.005371
0 0.754882 0.337646 0.015624 0.008301
0 0.446778 0.340820 0.040040 0.032227
0 0.232422 0.347656 0.062500 0.052734
0 0.304200 0.325684 0.028320 0.020508
0 0.688964 0.312744 0.014648 0.007324
0 0.479004 0.284180 0.030274 0.015625
0 0.368652 0.285645 0.030274 0.023438
0 0.239258 0.278320 0.035156 0.018555
0 0.155274 0.277344 0.052734 0.038086
0 0.551758 0.258789 0.015624 0.008789
0 0.332032 0.247314 0.019532 0.013184
0 0.199708 0.242676 0.022460 0.019531
0 0.480468 0.226807 0.029296 0.015137
0 0.341308 0.190430 0.049804 0.035156
0 0.418458 0.385010 0.012696 0.007324
0 0.250976 0.202881 0.062500 0.025879
0 0.869140 0.368896 0.023438 0.009277
