0 0.669434 0.889404 0.030274 0.009277
0 0.579102 0.801514 0.050782 0.045410
0 0.187988 0.738525 0.036132 0.023926
0 0.310546 0.715088 0.064454 0.037598
0 1.204102 0.699951 0.021484 0.007324
0 1.380372 0.697021 0.030274 0.015137
0 0.370118 0.655518 0.058594 0.030762
0 0.075196 0.586914 0.064454 0.020508
0 0.538086 0.576660 0.037110 0.022461
0 0.260254 0.568115 0.049804 0.036621
0 1.398926 0.531006 0.016602 0.013184
0 0.560058 0.525391 0.041992 0.026367
0 1.777344 0.515381 0.021484 0.020996
0 0.425782 0.500000 0.023438 0.019531
0 1.307618 0.473389 0.027344 0.011230
0 1.285644 0.466553 0.012696 0.007324
0 0.325684 0.455811 0.018554 0.017090
0 0.233886 0.470459 0.049804 0.046387
0 0.013184 0.457764 0.018554 0.030762
0 0.457520 0.448242 0.038086 0.024414
0 1.416992 0.437012 0.017578 0.014648
0 1.617188 0.434570 0.013672 0.010742
0 1.666992 0.440186 0.027344 0.029785
0 0.053222 0.443848 0.053710 0.081055
0 0.364258 0.405029 0.039062 0.026855
0 0.240234 0.394775 0.042968 0.030762
0 0.160156 0.391113 0.046876 0.032227
0 1.960450 0.396729 0.040040 0.044434
0 0.420898 0.379150 0.019532 0.014160
0 1.426270 0.370850 0.012696 0.006348
0 0.092774 0.357666 0.046876 0.038574
0 0.213378 0.352783 0.038086 0.034668
0 0.336914 0.364014 0.017578 0.018066
0 1.953124 0.432129 0.013672 0.013672
