0 0.718262 0.858887 0.038086 0.011719
0 0.628906 0.767090 0.058594 0.042969
0 0.149414 0.706299 0.060546 0.041504
0 0.239258 0.697266 0.035156 0.025391
0 0.366700 0.676758 0.075196 0.038086
0 0.712890 0.632080 0.021484 0.011230
0 0.431640 0.616699 0.054688 0.027344
0 0.069824 0.625000 0.069336 0.052734
0 0.599610 0.540771 0.044922 0.019043
0 1.333496 0.520996 0.012696 0.008789
0 0.319824 0.532715 0.063476 0.033203
0 0.625976 0.489746 0.044922 0.024414
0 1.847656 0.474609 0.019532 0.022461
0 0.490722 0.466553 0.026368 0.017090
0 1.374512 0.451416 0.024414 0.012207
0 1.787110 0.456055 0.025390 0.024414
0 0.470704 0.444580 0.015624 0.012207
0 1.345704 0.440674 0.031250 0.014160
0 0.303222 0.434814 0.047852 0.043457
0 1.485352 0.417236 0.017578 0.012207
0 0.388672 0.418457 0.017578 0.014648
0 0.533204 0.415283 0.029296 0.021973
0 0.764160 0.393799 0.014648 0.006348
0 1.248536 0.386719 0.022460 0.010742
0 0.118652 0.402100 0.051758 0.043457
0 0.685546 0.371582 0.019532 0.009766
0 0.436524 0.370361 0.041016 0.022949
0 1.316406 0.365723 0.027344 0.014648
0 1.498046 0.351807 0.015624 0.008301
0 0.504882 0.352295 0.025390 0.014160
0 0.308106 0.359131 0.047852 0.031738
0 0.619628 0.340576 0.016602 0.007324
0 0.228028 0.352783 0.055664 0.032715
0 0.401856 0.328857 0.028320 0.020020
0 0.483886 0.309570 0.022460 0.011719
0 0.170898 0.323975 0.060546 0.049316
0 0.472168 0.284912 0.022460 0.011230
0 0.407714 0.282227 0.026368 0.014648
0 0.305664 0.304932 0.076172 0.060059
0 0.210450 0.273193 0.055664 0.032715
0 0.082032 0.420654 0.017578 0.020996
