0 0.619628 0.768555 0.030274 0.012695
0 0.542968 0.678467 0.046876 0.044434
0 0.058106 0.621826 0.073242 0.050293
0 0.143066 0.600586 0.063476 0.035156
0 0.270996 0.587891 0.075196 0.041016
0 1.345704 0.573975 0.021484 0.016113
0 0.613770 0.537842 0.018554 0.014160
0 0.144042 0.530762 0.038086 0.026367
0 0.331054 0.526855 0.058594 0.032227
0 0.502930 0.446533 0.042968 0.021973
0 0.219726 0.438721 0.062500 0.040527
0 0.016114 0.423340 0.014648 0.031250
0 0.765136 0.405029 0.018554 0.010254
0 0.529786 0.396973 0.059570 0.045898
0 0.672364 0.364014 0.012696 0.006348
0 0.192872 0.355957 0.057618 0.043945
0 0.719726 0.329590 0.025390 0.010742
0 0.265624 0.325439 0.017578 0.015137
0 0.406738 0.343262 0.047852 0.041992
0 0.579102 0.285156 0.021484 0.010742
0 0.446290 0.287109 0.029296 0.017578
0 0.316894 0.291748 0.040040 0.040527
0 0.191894 0.289062 0.059570 0.034180
0 0.511230 0.254150 0.012696 0.006348
0 0.281738 0.246094 0.028320 0.015625
0 0.435058 0.223389 0.030274 0.013184
0 0.357422 0.199463 0.011718 0.006348
0 0.330078 0.205811 0.035156 0.020996
0 0.296876 0.190674 0.052734 0.036621
0 0.837402 0.358398 0.022460 0.008789
0 0.283692 0.177002 0.020508 0.011230
