0 0.956542 0.989990 0.043946 0.007324
0 1.209960 0.900879 0.082032 0.033203
0 0.712402 0.841797 0.041992 0.012695
0 0.668946 0.767578 0.089844 0.056641
0 0.156250 0.717773 0.052734 0.031250
0 0.250000 0.702148 0.031250 0.022461
0 0.378418 0.678467 0.067382 0.034668
0 0.718262 0.621338 0.020508 0.011230
0 0.072754 0.637451 0.069336 0.053223
0 0.433106 0.614502 0.057618 0.032715
0 0.595214 0.536621 0.051758 0.019531
0 0.130860 0.539551 0.046876 0.026367
0 0.316894 0.527344 0.067382 0.045898
0 0.608886 0.487549 0.047852 0.020996
0 0.478028 0.460938 0.026368 0.021484
0 0.796876 0.449463 0.017578 0.008301
0 0.682128 0.446777 0.024414 0.013672
0 1.203124 0.423096 0.015624 0.008301
0 0.277832 0.434814 0.063476 0.044434
0 1.354980 0.414551 0.026368 0.009766
0 0.602540 0.415771 0.019532 0.013184
0 0.804688 0.405273 0.015624 0.006836
0 0.504882 0.410889 0.029296 0.021973
0 1.320800 0.404541 0.032226 0.013184
0 0.098632 0.414062 0.054688 0.046875
0 0.739746 0.383057 0.020508 0.009277
0 1.182128 0.375488 0.024414 0.010742
0 1.454590 0.375000 0.022460 0.014648
0 0.395508 0.378174 0.042968 0.026855
0 1.657714 0.369873 0.020508 0.016113
0 0.554200 0.368652 0.032226 0.016602
0 0.659668 0.361572 0.016602 0.008301
0 0.205566 0.364990 0.024414 0.020020
0 1.217774 0.354980 0.029296 0.011719
0 0.284668 0.357910 0.051758 0.031250
0 0.591308 0.333496 0.022460 0.010742
0 1.277832 0.331543 0.018554 0.008789
0 0.371094 0.327148 0.027344 0.019531
0 0.138672 0.332764 0.056640 0.039551
0 0.253906 0.322021 0.039062 0.029785
0 1.343262 0.293701 0.032226 0.014160
0 0.279786 0.290771 0.041992 0.028809
0 0.166504 0.270020 0.040040 0.028320
0 0.338868 0.279053 0.033204 0.021973
0 1.349122 0.270264 0.028320 0.011230
0 0.350586 0.264160 0.019532 0.012695
