0 1.079590 0.940674 0.061524 0.015137
0 0.896484 0.908447 0.062500 0.020020
0 1.420410 0.773926 0.045898 0.018555
0 0.546386 0.746582 0.028320 0.013672
0 0.535156 0.661621 0.074218 0.069336
0 0.041992 0.635498 0.023438 0.033691
0 1.283204 0.559082 0.021484 0.013672
0 0.221680 0.584961 0.054688 0.073242
0 0.070312 0.531738 0.011718 0.019531
0 0.564942 0.523682 0.014648 0.008301
0 0.279296 0.512695 0.054688 0.048828
0 1.888184 0.461426 0.018554 0.018555
0 0.443360 0.441895 0.035156 0.021484
0 0.170410 0.436279 0.061524 0.040527
0 0.450196 0.388672 0.076172 0.026367
0 0.591308 0.384766 0.030274 0.019531
0 0.644532 0.359863 0.027344 0.013672
0 0.497070 0.343262 0.025390 0.015625
0 1.067382 0.331055 0.023438 0.008789
0 0.127930 0.337402 0.080078 0.042969
0 1.202636 0.320801 0.063476 0.024414
0 1.533204 0.294434 0.027344 0.016602
0 1.326660 0.291748 0.028320 0.012207
0 0.370118 0.302734 0.062500 0.038086
0 1.087402 0.263916 0.028320 0.010254
0 0.520020 0.263184 0.022460 0.011719
0 0.265136 0.270508 0.065430 0.041992
0 1.148438 0.243652 0.033204 0.008789
0 0.148926 0.257324 0.055664 0.040039
0 0.453124 0.232178 0.019532 0.011230
0 1.337890 0.227051 0.021484 0.010742
0 0.233398 0.223877 0.033204 0.020996
0 1.626954 0.216797 0.035156 0.020508
0 0.379882 0.201172 0.027344 0.014648
0 0.300782 0.180176 0.015624 0.009766
0 1.598632 0.143555 0.037110 0.016602
0 1.444824 0.090332 0.034180 0.013672
0 1.405762 0.068359 0.053710 0.016602
0 0.098144 0.601807 0.030274 0.030762
