0 0.342774 0.856201 0.068360 0.051270
0 0.993652 0.791016 0.030274 0.007812
0 0.454590 0.729248 0.024414 0.013184
0 1.572266 0.703125 0.027344 0.015625
0 0.765136 0.613770 0.022460 0.010742
0 0.925292 0.604248 0.014648 0.005371
0 1.845704 0.604004 0.029296 0.029297
0 1.519532 0.583740 0.017578 0.012207
0 1.791992 0.563721 0.013672 0.015137
0 1.459472 0.555420 0.014648 0.007324
0 1.888184 0.507080 0.012696 0.011230
0 1.363282 0.483398 0.023438 0.014648
0 1.910156 0.476318 0.054688 0.031738
0 1.956542 0.434814 0.038086 0.030762
0 1.768066 0.401611 0.022460 0.020020
0 1.829590 0.371094 0.030274 0.025391
0 1.786622 0.316895 0.024414 0.016602
