0 1.188964 0.784668 0.036132 0.013672
0 1.173340 0.738037 0.028320 0.008301
0 1.124512 0.616211 0.016602 0.006836
0 1.293458 0.616699 0.024414 0.012695
0 0.873536 0.430664 0.026368 0.008789
0 0.711914 0.392822 0.017578 0.009277
0 0.865234 0.387939 0.015624 0.006348
0 1.212890 0.386963 0.027344 0.010254
0 1.176758 0.375244 0.031250 0.012207
0 0.598632 0.350830 0.013672 0.007324
0 1.039062 0.346924 0.023438 0.009277
0 1.314942 0.346680 0.022460 0.010742
0 1.516114 0.342041 0.024414 0.016113
0 1.122070 0.337646 0.029296 0.010254
0 0.520996 0.330811 0.018554 0.010254
0 1.072754 0.327148 0.020508 0.007812
0 1.849610 0.325928 0.013672 0.007324
0 1.135254 0.303223 0.016602 0.006836
0 0.452636 0.302490 0.024414 0.013184
0 1.314454 0.282471 0.019532 0.008301
0 0.380860 0.270020 0.019532 0.011719
0 0.297852 0.249512 0.025390 0.014648
0 1.254394 0.214600 0.030274 0.010254
0 1.385742 0.081543 0.048828 0.012695
0 0.781738 0.403809 0.024414 0.010742
0 0.219238 0.229248 0.014648 0.007324
