0 1.000976 0.948486 0.095704 0.013184
0 0.804688 0.914551 0.117188 0.017578
0 0.691894 0.825684 0.090820 0.022461
0 0.484864 0.750488 0.028320 0.013672
0 0.486816 0.672363 0.081054 0.043945
0 1.263184 0.562988 0.022460 0.012695
0 0.181640 0.585205 0.056640 0.057129
0 0.531738 0.530273 0.022460 0.012695
0 0.040040 0.529297 0.017578 0.023438
0 0.246582 0.521484 0.055664 0.041016
0 1.888672 0.481201 0.013672 0.010254
0 0.418946 0.440186 0.037110 0.029785
0 0.149414 0.431152 0.052734 0.042969
0 1.016114 0.343750 0.022460 0.007812
0 0.845704 0.333740 0.011718 0.005371
0 1.136718 0.324707 0.042968 0.012695
0 0.993164 0.296387 0.027344 0.009766
0 1.275878 0.295898 0.024414 0.009766
0 1.479492 0.293457 0.023438 0.012695
0 1.030274 0.275879 0.035156 0.010742
0 1.644042 0.262451 0.014648 0.006348
0 1.662598 0.195557 0.030274 0.014160
0 1.299804 0.091064 0.046876 0.013184
0 1.392578 0.076904 0.031250 0.010254
0 0.939942 0.348877 0.016602 0.009277
0 1.170410 0.335205 0.036132 0.012207
0 1.116700 0.232178 0.018554 0.007324
0 0.063964 0.602295 0.043946 0.070801
