0 1.104980 0.987549 0.055664 0.019043
0 0.866210 0.924072 0.044922 0.009277
0 0.919922 0.841309 0.068360 0.015625
0 1.520996 0.830811 0.024414 0.012207
0 0.587890 0.760010 0.035156 0.015137
0 0.581542 0.684082 0.079102 0.041992
0 0.067872 0.624756 0.090820 0.050293
0 0.160156 0.607178 0.062500 0.032715
0 1.354004 0.580078 0.028320 0.015625
0 0.281738 0.588379 0.069336 0.043945
0 0.631836 0.541992 0.023438 0.013672
0 0.162110 0.536377 0.035156 0.027832
0 0.347168 0.531250 0.051758 0.028320
0 0.520020 0.455322 0.038086 0.021973
0 0.116700 0.444824 0.012696 0.015625
0 0.244140 0.443848 0.054688 0.035156
0 0.523438 0.403320 0.082032 0.023438
0 0.646484 0.396729 0.025390 0.015137
0 0.405762 0.375488 0.026368 0.019531
0 0.856446 0.360352 0.019532 0.007812
0 0.581542 0.361084 0.020508 0.012207
0 0.646972 0.350586 0.022460 0.012695
0 0.217774 0.344971 0.064454 0.050293
0 0.439454 0.332764 0.052734 0.042480
0 0.602540 0.282227 0.017578 0.008789
0 0.340820 0.291504 0.052734 0.034180
0 0.229004 0.268311 0.051758 0.034668
0 0.534180 0.251953 0.019532 0.008789
0 0.312988 0.238037 0.016602 0.009277
0 0.465820 0.218750 0.021484 0.008789
0 0.199708 0.233398 0.163086 0.098633
