0 1.024414 0.869873 0.072266 0.016113
0 0.631348 0.786865 0.038086 0.015137
0 0.609864 0.710693 0.083008 0.051270
0 0.084472 0.650635 0.065430 0.032715
0 0.189454 0.630859 0.033204 0.033203
0 1.228028 0.604004 0.012696 0.006836
0 0.319336 0.613770 0.062500 0.044922
0 0.668458 0.567139 0.018554 0.012207
0 0.023438 0.570801 0.035156 0.056641
0 0.384766 0.553711 0.054688 0.029297
0 0.550782 0.479736 0.035156 0.020996
0 0.284668 0.469238 0.057618 0.038086
0 0.564454 0.427734 0.068360 0.024414
0 0.866700 0.418213 0.018554 0.006348
0 0.676270 0.412109 0.022460 0.013672
0 0.447754 0.401611 0.028320 0.020020
0 0.895508 0.384277 0.017578 0.007812
0 0.610840 0.376221 0.024414 0.015137
0 0.776856 0.355469 0.022460 0.009766
0 0.248046 0.368652 0.066406 0.040039
0 0.477540 0.351562 0.044922 0.021484
0 0.634766 0.350586 0.039062 0.022461
0 0.083496 0.339844 0.057618 0.041016
0 0.376464 0.317383 0.041992 0.027344
0 0.642578 0.306641 0.023438 0.008789
0 0.255372 0.295654 0.059570 0.026855
0 0.577636 0.274902 0.016602 0.005859
0 0.128906 0.265137 0.035156 0.024414
0 0.358398 0.259521 0.035156 0.023926
0 0.427246 0.219238 0.012696 0.007812
0 0.227540 0.256836 0.164062 0.103516
