0 0.645996 0.871338 0.045898 0.014160
0 0.602050 0.793457 0.073242 0.053711
0 0.187012 0.720459 0.036132 0.022949
0 1.360352 0.686768 0.027344 0.012207
0 1.192382 0.685059 0.017578 0.006836
0 0.308594 0.699219 0.076172 0.038086
0 0.652832 0.648682 0.020508 0.012207
0 0.368652 0.637695 0.057618 0.030273
0 0.444824 0.568848 0.028320 0.021484
0 0.088378 0.560303 0.028320 0.020020
0 0.531738 0.556641 0.045898 0.027344
0 0.265624 0.553467 0.054688 0.037598
0 0.378418 0.539307 0.016602 0.014160
0 0.374512 0.514160 0.024414 0.019531
0 0.554200 0.510498 0.047852 0.025879
0 0.424316 0.483887 0.026368 0.019531
0 1.306640 0.458008 0.029296 0.012695
0 0.589356 0.449463 0.024414 0.014160
0 0.085938 0.453613 0.025390 0.023438
0 1.274414 0.445068 0.027344 0.012207
0 0.613770 0.440674 0.020508 0.015137
0 0.227540 0.455322 0.050782 0.044434
0 0.452636 0.436035 0.030274 0.019531
0 0.512696 0.425049 0.017578 0.015137
0 1.616700 0.424561 0.016602 0.017090
0 1.416992 0.421875 0.019532 0.013672
0 0.046386 0.430420 0.059570 0.041504
0 0.691406 0.407715 0.013672 0.008789
0 1.177246 0.393066 0.022460 0.010742
0 1.199708 0.390869 0.020508 0.010254
0 0.343750 0.396973 0.042968 0.028320
0 0.613770 0.385498 0.014648 0.009277
0 1.241210 0.372314 0.017578 0.009277
0 0.155274 0.374268 0.037110 0.033691
0 1.423828 0.356201 0.017578 0.011230
0 0.394042 0.345703 0.024414 0.015625
0 0.326660 0.344482 0.028320 0.020996
0 0.088868 0.343994 0.050782 0.041504
0 0.208496 0.336670 0.038086 0.033691
0 0.314454 0.298096 0.021484 0.016113
0 0.240722 0.303223 0.038086 0.028320
0 0.134766 0.281982 0.048828 0.029785
0 1.800292 0.242920 0.024414 0.017090
0 1.533204 0.190674 0.054688 0.023926
0 0.009278 0.449707 0.014648 0.029297
0 1.324218 0.312988 0.027344 0.013672
