0 0.619628 0.770264 0.030274 0.011230
0 0.547364 0.679688 0.045898 0.043945
0 0.061036 0.620117 0.081054 0.054688
0 0.156250 0.602051 0.058594 0.038086
0 1.350586 0.582275 0.019532 0.016113
0 0.281250 0.587158 0.070312 0.043457
0 0.623046 0.541260 0.021484 0.012207
0 0.152344 0.527832 0.027344 0.029297
0 0.333984 0.525635 0.064454 0.036621
0 0.511718 0.449463 0.037110 0.020020
0 0.229492 0.442383 0.060546 0.034180
0 0.022950 0.425293 0.016602 0.018555
0 0.540528 0.391357 0.055664 0.043457
0 0.871094 0.368896 0.017578 0.007324
0 0.670898 0.361816 0.017578 0.009766
0 0.783204 0.348389 0.021484 0.008301
0 0.738770 0.328613 0.016602 0.007812
0 0.211426 0.346191 0.053710 0.045898
0 0.427246 0.333984 0.040040 0.034180
0 0.283204 0.319336 0.025390 0.018555
0 0.597168 0.282715 0.024414 0.011719
0 0.463868 0.280762 0.029296 0.016602
0 0.217774 0.273926 0.048828 0.021484
0 0.525390 0.253662 0.013672 0.007324
0 0.362304 0.270508 0.062500 0.042969
0 0.308106 0.241211 0.020508 0.012695
0 0.142090 0.266602 0.053710 0.032227
0 0.461914 0.217773 0.021484 0.011719
0 0.185546 0.228516 0.064454 0.045898
0 0.361816 0.194824 0.012696 0.005859
0 0.229004 0.196777 0.049804 0.022461
0 0.330078 0.183105 0.072266 0.038086
0 0.850586 0.360840 0.021484 0.009766
