0 0.741210 0.956299 0.087890 0.018066
0 0.718750 0.831787 0.037110 0.012207
0 0.634278 0.739746 0.053710 0.046875
0 0.137696 0.684326 0.085938 0.040527
0 0.236816 0.666748 0.040040 0.041504
0 1.265624 0.639160 0.017578 0.008789
0 0.360352 0.647461 0.062500 0.039062
0 0.710938 0.602295 0.019532 0.012207
0 0.424316 0.589600 0.053710 0.028809
0 0.065918 0.597900 0.077148 0.050293
0 0.594726 0.510742 0.035156 0.018555
0 0.321290 0.501953 0.052734 0.034180
0 0.621582 0.457764 0.043946 0.026855
0 0.486328 0.434326 0.027344 0.020996
0 1.212890 0.416748 0.017578 0.009277
0 0.548340 0.411621 0.014648 0.008789
0 1.357422 0.410645 0.015624 0.009766
0 1.333008 0.400146 0.031250 0.013184
0 1.174316 0.392090 0.024414 0.009766
0 0.296386 0.399170 0.047852 0.048340
0 0.380860 0.381836 0.021484 0.015625
0 1.469726 0.375488 0.019532 0.012695
0 0.524902 0.381348 0.036132 0.025391
0 1.193848 0.367432 0.018554 0.012207
0 0.114258 0.367432 0.035156 0.032715
0 1.230958 0.349121 0.026368 0.009766
0 0.431152 0.337402 0.045898 0.033203
0 1.293458 0.326660 0.028320 0.013672
0 0.518066 0.323730 0.022460 0.012695
0 0.306152 0.323242 0.049804 0.038086
0 1.472656 0.307373 0.017578 0.011230
0 0.232422 0.317871 0.046876 0.045898
0 0.397950 0.295410 0.036132 0.024414
0 0.162598 0.289551 0.057618 0.041992
0 0.457032 0.265625 0.023438 0.013672
0 0.470704 0.252197 0.015624 0.007324
0 0.403320 0.249512 0.033204 0.017578
0 0.215820 0.233398 0.068360 0.032227
0 0.331054 0.259521 0.138672 0.077637
