0 1.202636 0.922119 0.075196 0.015137
0 0.670898 0.847168 0.041016 0.012695
0 0.634278 0.768799 0.096680 0.057129
0 0.192382 0.740234 0.078124 0.041992
0 0.272460 0.725586 0.033204 0.023438
0 0.397950 0.701172 0.071290 0.038086
0 0.093750 0.660400 0.078124 0.048340
0 0.736328 0.639893 0.023438 0.011230
0 0.449708 0.634277 0.067382 0.029297
0 0.157714 0.563965 0.038086 0.029297
0 0.610840 0.555176 0.041992 0.019531
0 0.333008 0.551758 0.062500 0.035156
0 0.377930 0.535156 0.017578 0.016602
0 0.436524 0.508789 0.019532 0.011719
0 0.625488 0.506348 0.049804 0.022461
0 1.255860 0.495605 0.013672 0.007812
0 0.493164 0.478271 0.021484 0.019043
0 0.761230 0.459473 0.020508 0.007812
0 0.685058 0.456787 0.024414 0.013184
0 1.223144 0.444824 0.014648 0.006836
0 0.292480 0.454590 0.059570 0.038086
0 1.375976 0.440674 0.029296 0.012207
0 0.069824 0.442139 0.028320 0.025879
0 0.612304 0.430908 0.021484 0.014160
0 1.343262 0.429443 0.032226 0.017090
0 0.520020 0.429199 0.032226 0.019531
0 0.111328 0.425781 0.050782 0.041992
0 1.683594 0.403076 0.017578 0.012207
0 1.478516 0.402344 0.017578 0.012695
0 0.753418 0.398682 0.016602 0.007324
0 0.410644 0.396240 0.041992 0.028809
0 1.240234 0.376953 0.015624 0.007812
0 0.308594 0.382568 0.029296 0.017090
0 0.531250 0.367676 0.033204 0.020508
0 0.216796 0.374023 0.052734 0.034180
0 1.303710 0.354004 0.021484 0.010742
0 0.606934 0.347656 0.018554 0.008789
0 1.487792 0.337646 0.018554 0.012207
0 1.338868 0.335938 0.029296 0.016602
0 0.387696 0.339111 0.035156 0.026855
0 0.127930 0.340576 0.074218 0.033691
0 0.534668 0.318604 0.014648 0.006348
0 0.454590 0.295898 0.026368 0.015625
0 0.283692 0.318848 0.083008 0.066406
0 0.375976 0.286621 0.062500 0.032227
0 0.188476 0.279785 0.046876 0.033203
0 0.150390 0.449707 0.017578 0.009766
0 1.378418 0.293213 0.022460 0.010254
0 0.370606 0.277100 0.026368 0.016113
