0 1.117188 0.630371 0.013672 0.005859
0 1.282226 0.631348 0.017578 0.009766
0 1.219238 0.404785 0.028320 0.010742
0 0.715820 0.401611 0.013672 0.006348
0 0.990722 0.393066 0.016602 0.005859
0 1.184570 0.391357 0.019532 0.008301
0 0.467286 0.380859 0.026368 0.018555
0 1.329590 0.367920 0.022460 0.012207
0 1.530274 0.368896 0.021484 0.015137
0 1.866700 0.364746 0.016602 0.014648
0 1.049316 0.359619 0.020508 0.009277
0 0.363282 0.354248 0.023438 0.012207
0 1.088378 0.341064 0.028320 0.010254
0 0.533204 0.336182 0.021484 0.011230
0 0.271484 0.338379 0.025390 0.023438
0 0.413086 0.336670 0.033204 0.020996
0 1.152832 0.318848 0.022460 0.008789
0 0.464356 0.305664 0.022460 0.010742
0 1.182618 0.298096 0.019532 0.008301
0 0.247070 0.293457 0.037110 0.022461
0 0.394042 0.274902 0.024414 0.014648
0 0.314942 0.249268 0.024414 0.013184
0 1.704102 0.235840 0.019532 0.011719
0 0.234376 0.229980 0.027344 0.015625
0 0.187012 0.234131 0.094726 0.066895
0 1.531738 0.169434 0.067382 0.028320
0 0.240722 0.248779 0.032226 0.019043
0 0.138672 0.284180 0.048828 0.034180
0 0.787598 0.412354 0.022460 0.012207
0 0.671386 0.382568 0.014648 0.006348
