0 0.648926 0.785889 0.040040 0.014160
0 0.577636 0.696777 0.051758 0.041992
0 0.081542 0.636230 0.086914 0.045898
0 0.178710 0.617188 0.044922 0.041992
0 1.207520 0.598877 0.016602 0.008301
0 0.309570 0.602783 0.074218 0.040527
0 0.653808 0.556641 0.018554 0.010742
0 0.015136 0.553711 0.020508 0.035156
0 0.366210 0.543457 0.062500 0.032227
0 0.539550 0.463623 0.038086 0.022949
0 0.258300 0.454590 0.059570 0.034180
0 0.060546 0.440918 0.025390 0.019531
0 0.566894 0.416504 0.043946 0.022461
0 0.435546 0.391846 0.015624 0.011230
0 0.884278 0.378174 0.022460 0.008301
0 0.625976 0.377686 0.019532 0.011230
0 0.246094 0.361816 0.056640 0.038086
0 0.321778 0.335205 0.026368 0.020996
0 0.477540 0.334961 0.066406 0.046875
0 0.630372 0.300781 0.024414 0.010742
0 0.377442 0.299561 0.038086 0.024902
0 0.486816 0.291992 0.028320 0.016602
0 0.254394 0.292480 0.045898 0.025391
0 0.562012 0.270508 0.016602 0.008789
0 0.334960 0.262207 0.041016 0.023438
0 0.496094 0.235596 0.013672 0.006348
0 0.387696 0.218506 0.031250 0.015137
0 0.209960 0.254639 0.152344 0.096191
0 0.344726 0.210205 0.037110 0.020996
0 0.318360 0.196533 0.021484 0.010254
