0 1.273438 0.626709 0.023438 0.012207
0 1.105468 0.625488 0.025390 0.007812
0 1.210938 0.398193 0.031250 0.011230
0 0.966796 0.393799 0.013672 0.006348
0 0.708984 0.392334 0.013672 0.006348
0 0.863282 0.390869 0.015624 0.006348
0 1.180664 0.388184 0.033204 0.012695
0 1.522460 0.364502 0.021484 0.015137
0 1.322754 0.362793 0.020508 0.011719
0 1.041992 0.353516 0.021484 0.007812
0 1.081054 0.335205 0.025390 0.009277
0 0.526856 0.325928 0.024414 0.012207
0 1.143066 0.312744 0.022460 0.009277
0 0.391602 0.316406 0.029296 0.020508
0 1.329102 0.297363 0.013672 0.005859
0 0.457520 0.296631 0.014648 0.006348
0 0.241700 0.280518 0.040040 0.025879
0 0.310058 0.238281 0.024414 0.012695
0 1.696290 0.235107 0.029296 0.016113
0 0.244628 0.229248 0.041992 0.029785
0 0.230468 0.217529 0.023438 0.013184
0 0.182618 0.223877 0.087890 0.060059
0 1.532226 0.165527 0.056640 0.022461
0 0.662598 0.373779 0.020508 0.010254
