0 1.108886 0.620117 0.018554 0.007812
0 1.277344 0.618408 0.029296 0.014160
0 0.786132 0.415283 0.013672 0.006348
0 0.694336 0.397705 0.017578 0.009277
0 1.199218 0.389893 0.029296 0.009277
0 1.159180 0.376953 0.019532 0.006836
0 1.021484 0.349121 0.011718 0.005859
0 1.304200 0.350830 0.020508 0.010254
0 1.506836 0.349365 0.021484 0.013184
0 0.503418 0.337158 0.018554 0.010254
0 1.840332 0.337158 0.018554 0.015137
0 1.060058 0.328857 0.024414 0.009277
0 0.352050 0.329102 0.034180 0.020508
0 0.434082 0.306885 0.016602 0.009277
0 1.122558 0.305664 0.016602 0.006836
0 1.150390 0.283936 0.021484 0.008301
0 0.359864 0.277100 0.016602 0.008301
0 0.273438 0.257568 0.025390 0.015137
0 0.193848 0.238037 0.014648 0.007324
0 0.212402 0.252686 0.061524 0.038574
0 0.149414 0.248535 0.087890 0.064453
0 1.673828 0.221680 0.035156 0.019531
0 1.508790 0.153076 0.054688 0.020996
