0 0.682618 0.886475 0.027344 0.009277
0 0.582032 0.797607 0.050782 0.043457
0 0.196290 0.732910 0.033204 0.023438
0 1.213378 0.696533 0.020508 0.008301
0 0.316894 0.708252 0.075196 0.037598
0 1.388184 0.694092 0.030274 0.016113
0 0.663574 0.660889 0.024414 0.012207
0 0.381836 0.649414 0.056640 0.032227
0 0.083496 0.581055 0.063476 0.025391
0 0.548828 0.571289 0.039062 0.022461
0 0.270996 0.565186 0.051758 0.041504
0 1.393066 0.529785 0.016602 0.013672
0 0.570312 0.519043 0.044922 0.025391
0 1.786132 0.506592 0.019532 0.021973
0 0.438476 0.495117 0.025390 0.020508
0 0.331054 0.489258 0.013672 0.014648
0 1.315918 0.470215 0.028320 0.013672
0 1.291016 0.461182 0.015624 0.010254
0 0.770020 0.447754 0.010742 0.005859
0 0.338378 0.449463 0.022460 0.016113
0 0.244140 0.464111 0.048828 0.045410
0 0.466308 0.442383 0.040040 0.023438
0 1.679200 0.439453 0.024414 0.021484
0 1.425292 0.433594 0.016602 0.011719
0 1.625488 0.432129 0.016602 0.016602
0 0.065918 0.443115 0.057618 0.071777
0 1.187012 0.406982 0.012696 0.006348
0 0.373046 0.398193 0.054688 0.024902
0 1.965332 0.395752 0.030274 0.041504
0 0.254394 0.388672 0.043946 0.034180
0 0.173340 0.384277 0.051758 0.031250
0 0.437988 0.374756 0.024414 0.020020
0 0.345214 0.357666 0.020508 0.017090
0 0.107422 0.353516 0.048828 0.041016
0 0.245606 0.332764 0.071290 0.062012
0 0.143554 0.296387 0.044922 0.028320
0 0.023438 0.455322 0.027344 0.036621
