0 1.063476 0.877686 0.074218 0.016113
0 0.647460 0.798828 0.039062 0.014648
0 0.630372 0.718750 0.067382 0.040039
0 0.109864 0.670654 0.084960 0.021973
0 0.208496 0.651367 0.024414 0.015625
0 0.336426 0.632080 0.055664 0.022949
0 1.241210 0.614258 0.019532 0.009766
0 0.044922 0.605957 0.062500 0.064453
0 0.681152 0.578369 0.020508 0.011230
0 0.406738 0.581543 0.055664 0.029297
0 0.093262 0.501221 0.010742 0.006348
0 0.562988 0.502441 0.049804 0.020508
0 0.291992 0.498291 0.054688 0.031738
0 0.240234 0.489746 0.015624 0.016602
0 0.573242 0.451660 0.074218 0.020508
0 0.845214 0.432129 0.018554 0.006836
0 0.679200 0.426514 0.026368 0.017090
0 0.453614 0.426758 0.028320 0.025391
0 0.254882 0.399658 0.070312 0.038574
0 0.604980 0.387451 0.026368 0.016113
0 0.782226 0.371338 0.017578 0.008301
0 0.479492 0.375977 0.035156 0.026367
0 0.605958 0.359619 0.034180 0.015137
0 0.082032 0.370117 0.056640 0.041016
0 0.718750 0.345947 0.013672 0.006348
0 0.374024 0.342041 0.042968 0.028809
0 0.256836 0.326660 0.044922 0.028320
0 0.174316 0.322754 0.053710 0.028320
0 0.570800 0.297363 0.018554 0.008789
0 0.115234 0.298096 0.044922 0.029785
0 0.346680 0.288574 0.033204 0.020508
0 0.309082 0.244385 0.028320 0.016113
0 0.253906 0.266846 0.082032 0.067871
0 0.157714 0.232910 0.022460 0.017578
0 0.333984 0.223145 0.031250 0.016602
