0 0.619140 0.768799 0.029296 0.011230
0 0.541016 0.678223 0.056640 0.043945
0 0.056640 0.619385 0.074218 0.057129
0 0.141602 0.599121 0.060546 0.037109
0 1.346192 0.577148 0.022460 0.016602
0 0.268066 0.585205 0.059570 0.044434
0 0.617188 0.538574 0.023438 0.011719
0 0.144042 0.528076 0.030274 0.028809
0 0.328614 0.523193 0.061524 0.038574
0 0.502442 0.445801 0.038086 0.024414
0 0.221192 0.441650 0.063476 0.034668
0 0.022950 0.421875 0.026368 0.031250
0 0.769532 0.401855 0.017578 0.009766
0 0.536132 0.390625 0.060546 0.045898
0 0.862792 0.367432 0.018554 0.007324
0 0.680176 0.359375 0.012696 0.006836
0 0.201660 0.345459 0.057618 0.043457
0 0.274414 0.315186 0.019532 0.015137
0 0.415528 0.335205 0.049804 0.041504
0 0.587402 0.282471 0.018554 0.009277
0 0.458496 0.279541 0.030274 0.017090
0 0.329102 0.282471 0.041016 0.040527
0 0.204590 0.278076 0.059570 0.034668
0 0.525390 0.248779 0.015624 0.009277
0 0.296386 0.236328 0.028320 0.015625
0 0.448242 0.217285 0.025390 0.009766
0 0.373536 0.190674 0.012696 0.006348
0 0.347168 0.196533 0.038086 0.020996
0 0.313476 0.181885 0.052734 0.035645
0 0.843750 0.359619 0.021484 0.009277
0 0.302246 0.167480 0.018554 0.008789
