0 0.629394 0.867676 0.040040 0.012695
0 0.587402 0.784180 0.067382 0.047852
0 0.170410 0.713379 0.034180 0.025391
0 0.298828 0.691895 0.072266 0.039062
0 1.202636 0.676514 0.020508 0.010254
0 1.369628 0.673584 0.024414 0.010254
0 0.640624 0.642334 0.017578 0.010254
0 0.357422 0.630859 0.056640 0.033203
0 0.437988 0.562988 0.030274 0.022461
0 0.523438 0.552734 0.041016 0.026367
0 0.080078 0.548584 0.031250 0.025879
0 0.254394 0.544189 0.051758 0.039551
0 0.376954 0.531738 0.013672 0.015625
0 0.366210 0.507080 0.023438 0.010254
0 0.548340 0.503906 0.045898 0.026367
0 0.417968 0.477295 0.027344 0.022949
0 1.298340 0.456543 0.022460 0.009766
0 1.270020 0.445312 0.028320 0.015625
0 0.222656 0.448242 0.054688 0.043945
0 0.583984 0.443848 0.029296 0.015625
0 0.598144 0.431885 0.036132 0.020996
0 1.611816 0.423828 0.010742 0.006836
0 0.445800 0.428467 0.038086 0.024902
0 1.411132 0.421143 0.013672 0.011230
0 0.505372 0.417480 0.016602 0.013672
0 0.686524 0.404053 0.011718 0.007324
0 0.053222 0.415283 0.063476 0.055176
0 1.173340 0.391602 0.014648 0.007812
0 0.610840 0.381104 0.016602 0.011230
0 0.341796 0.390381 0.041016 0.030762
0 1.235840 0.370605 0.022460 0.010742
0 0.144532 0.368164 0.056640 0.030273
0 1.418946 0.354980 0.015624 0.009766
0 0.327148 0.339600 0.029296 0.022949
0 0.384278 0.335449 0.028320 0.018555
0 0.206054 0.331543 0.033204 0.032227
0 0.087402 0.335938 0.047852 0.043945
0 0.312012 0.291504 0.020508 0.015625
0 0.238282 0.296875 0.041016 0.030273
0 0.128418 0.275879 0.040040 0.026367
0 1.795410 0.246582 0.032226 0.022461
0 1.532714 0.190430 0.053710 0.024414
0 1.188476 0.392578 0.017578 0.009766
0 0.238770 0.371826 0.014648 0.010254
0 0.078614 0.446289 0.034180 0.028320
0 1.317872 0.310547 0.024414 0.012695
