0 0.337402 0.856934 0.071290 0.051758
0 0.992188 0.790771 0.031250 0.007324
0 0.450196 0.728271 0.029296 0.015137
0 1.571290 0.703613 0.027344 0.014648
0 0.766114 0.614258 0.020508 0.010742
0 0.925292 0.604004 0.014648 0.005859
0 1.845214 0.604980 0.028320 0.029297
0 1.519042 0.584229 0.018554 0.012207
0 1.792968 0.564453 0.015624 0.015625
0 1.458984 0.555908 0.013672 0.007324
0 1.888184 0.508057 0.012696 0.011230
0 1.363282 0.483398 0.023438 0.014648
0 1.910156 0.477295 0.054688 0.031738
0 1.956542 0.435791 0.038086 0.030762
0 1.768066 0.402344 0.020508 0.020508
0 1.830078 0.372070 0.029296 0.025391
0 1.787598 0.317871 0.024414 0.017578
