0 0.920898 0.974121 0.050782 0.009766
0 1.135742 0.886230 0.064454 0.039062
0 0.673340 0.818848 0.038086 0.011719
0 0.649414 0.732910 0.072266 0.034180
0 0.131348 0.699707 0.063476 0.041992
0 0.237792 0.686768 0.034180 0.025879
0 0.365722 0.662598 0.061524 0.039062
0 0.066406 0.622314 0.074218 0.051270
0 0.698242 0.597900 0.019532 0.010254
0 0.423828 0.600098 0.056640 0.030273
0 0.579102 0.520752 0.042968 0.019043
0 0.116210 0.529541 0.037110 0.037598
0 0.309570 0.515381 0.060546 0.038574
0 0.596192 0.469482 0.061524 0.020996
0 0.822754 0.441406 0.022460 0.008789
0 0.468750 0.444092 0.027344 0.018066
0 0.683594 0.436523 0.023438 0.014648
0 0.266114 0.417969 0.065430 0.039062
0 0.598144 0.399170 0.016602 0.013184
0 0.794922 0.388916 0.013672 0.006348
0 0.495118 0.393799 0.041016 0.025879
0 0.730468 0.365234 0.019532 0.008789
0 0.096680 0.385986 0.058594 0.053223
0 0.584960 0.362793 0.021484 0.011719
0 1.176758 0.360840 0.017578 0.007812
0 0.386230 0.361084 0.041992 0.025879
0 0.653320 0.343506 0.019532 0.010254
0 1.211426 0.341064 0.024414 0.010254
0 0.280762 0.342529 0.040040 0.027832
0 0.191894 0.341064 0.047852 0.029785
0 0.365234 0.306152 0.039062 0.026367
0 0.126464 0.311035 0.049804 0.037109
0 0.239258 0.304443 0.035156 0.031738
0 0.511718 0.284668 0.023438 0.010742
0 0.430176 0.263428 0.026368 0.014160
0 0.275390 0.274658 0.054688 0.036621
0 0.164062 0.249512 0.037110 0.028320
0 0.344726 0.252930 0.066406 0.036133
0 1.347656 0.258301 0.015624 0.005859
0 1.272460 0.318604 0.027344 0.013184
0 1.373536 0.263428 0.030274 0.013184
