0 0.157714 0.708740 0.030274 0.023926
0 1.334960 0.678223 0.033204 0.014648
0 0.286132 0.687500 0.074218 0.042969
0 0.626464 0.638428 0.026368 0.013184
0 0.344726 0.625000 0.056640 0.032227
0 0.421876 0.556396 0.021484 0.020020
0 0.505860 0.549561 0.037110 0.020996
0 0.059082 0.546875 0.041992 0.029297
0 0.237304 0.542236 0.052734 0.039551
0 0.381348 0.527588 0.020508 0.017090
0 0.349610 0.496094 0.025390 0.013672
0 0.526856 0.498779 0.041992 0.025879
0 0.399414 0.471680 0.027344 0.021484
0 1.280762 0.447510 0.022460 0.011230
0 0.773926 0.440918 0.014648 0.007812
0 1.249512 0.435303 0.026368 0.012207
0 0.059082 0.438477 0.024414 0.024414
0 0.194824 0.445801 0.071290 0.044922
0 0.556152 0.427002 0.032226 0.032715
0 0.429200 0.423096 0.040040 0.026855
0 1.390624 0.411133 0.021484 0.012695
0 1.591308 0.412598 0.018554 0.016602
0 0.472656 0.407959 0.021484 0.013184
0 0.663574 0.398193 0.014648 0.008301
0 0.030274 0.410889 0.037110 0.053223
0 1.147460 0.382812 0.021484 0.007812
0 0.587890 0.375977 0.015624 0.008789
0 0.318848 0.383789 0.043946 0.034180
0 1.212402 0.360352 0.020508 0.008789
0 0.124512 0.364990 0.065430 0.034668
0 0.520996 0.346680 0.024414 0.014648
0 0.300782 0.335693 0.033204 0.023926
0 0.336914 0.325195 0.027344 0.019531
0 0.069824 0.334717 0.040040 0.039551
0 0.200684 0.313477 0.075196 0.063477
0 0.287598 0.289307 0.030274 0.018066
0 0.288574 0.269287 0.020508 0.012207
0 0.114258 0.271729 0.041016 0.037598
0 1.770996 0.241943 0.026368 0.017090
0 1.524902 0.185791 0.055664 0.023926
