0 0.636718 0.867676 0.031250 0.011719
0 0.596680 0.787842 0.085938 0.058105
0 0.116700 0.729004 0.032226 0.025391
0 0.189454 0.712158 0.031250 0.021973
0 1.220704 0.683350 0.021484 0.009277
0 1.387208 0.682617 0.036132 0.015625
0 0.313964 0.688477 0.069336 0.042969
0 0.048340 0.647705 0.014648 0.019043
0 0.661132 0.642822 0.017578 0.011230
0 0.379394 0.629883 0.057618 0.031250
0 0.458496 0.564209 0.024414 0.020020
0 0.548340 0.555176 0.041992 0.025391
0 0.101074 0.546143 0.026368 0.020996
0 0.274902 0.541992 0.055664 0.036133
0 0.377930 0.530029 0.017578 0.015137
0 0.391602 0.505127 0.027344 0.020020
0 0.572754 0.505859 0.043946 0.023438
0 0.444824 0.474609 0.022460 0.021484
0 1.314942 0.454590 0.014648 0.007812
0 1.283204 0.442383 0.015624 0.006836
0 0.619140 0.446045 0.023438 0.014160
0 0.654296 0.444092 0.023438 0.015137
0 0.777344 0.430176 0.015624 0.008789
0 0.107910 0.438232 0.028320 0.025879
0 0.250976 0.445312 0.052734 0.044922
0 0.474122 0.426025 0.032226 0.020996
0 1.427734 0.418213 0.015624 0.011230
0 0.543458 0.419922 0.020508 0.015625
0 1.628418 0.415771 0.012696 0.010254
0 0.031738 0.427734 0.038086 0.041992
0 1.185058 0.392090 0.018554 0.008789
0 0.073730 0.406982 0.051758 0.052246
0 1.224610 0.384277 0.017578 0.011719
0 0.372070 0.387939 0.046876 0.028809
0 1.248536 0.370605 0.016602 0.009766
0 0.183594 0.362305 0.041016 0.029297
0 0.438476 0.342041 0.027344 0.018066
0 0.359864 0.334473 0.034180 0.024414
0 0.121094 0.328613 0.048828 0.041992
0 0.433106 0.290527 0.016602 0.011719
0 0.345704 0.287354 0.031250 0.020996
0 0.259766 0.307617 0.080078 0.067383
0 0.164550 0.268311 0.045898 0.028809
0 1.798828 0.228760 0.035156 0.022949
0 1.518554 0.180420 0.058594 0.025879
0 1.330078 0.312012 0.021484 0.009766
0 0.348144 0.271240 0.012696 0.008301
