0 0.382812 0.838867 0.056640 0.045898
0 1.199218 0.766602 0.015624 0.007812
0 1.025390 0.760986 0.017578 0.006348
0 0.129882 0.742188 0.066406 0.057617
0 0.488282 0.707031 0.025390 0.014648
0 0.206054 0.687988 0.054688 0.031250
0 0.287110 0.635010 0.033204 0.021973
0 1.622558 0.630371 0.022460 0.017578
0 0.380372 0.615479 0.045898 0.024902
0 0.116210 0.604980 0.052734 0.037109
0 0.791016 0.587402 0.015624 0.009766
0 0.948730 0.562500 0.012696 0.005859
0 1.474610 0.565430 0.015624 0.014648
0 0.418946 0.565918 0.037110 0.028320
0 1.865722 0.528564 0.028320 0.038574
0 1.482422 0.509766 0.013672 0.011719
0 1.818360 0.504883 0.011718 0.010742
0 1.279786 0.502686 0.012696 0.007324
0 1.978516 0.474609 0.015624 0.020508
0 1.427246 0.457520 0.030274 0.019531
0 1.294922 0.438232 0.015624 0.012207
0 1.923828 0.415527 0.050782 0.035156
0 1.955566 0.372559 0.034180 0.036133
0 1.772950 0.347900 0.020508 0.017090
0 1.828614 0.317139 0.026368 0.020996
