0 0.755860 0.970703 0.078124 0.016602
0 0.738770 0.845215 0.040040 0.012695
0 0.646972 0.753174 0.055664 0.049316
0 0.151856 0.702148 0.086914 0.044922
0 0.248536 0.687012 0.036132 0.032227
0 0.370118 0.663574 0.066406 0.038086
0 0.717774 0.615723 0.019532 0.010742
0 0.434082 0.603271 0.065430 0.024902
0 0.075684 0.613770 0.075196 0.051758
0 0.601074 0.524658 0.055664 0.018066
0 0.324708 0.516846 0.053710 0.031738
0 0.628906 0.473633 0.048828 0.023438
0 0.492188 0.449707 0.027344 0.016602
0 1.216308 0.426514 0.016602 0.008301
0 1.367676 0.419922 0.028320 0.012695
0 1.803222 0.420410 0.032226 0.025391
0 1.842286 0.411133 0.018554 0.013672
0 1.169434 0.406006 0.020508 0.009277
0 1.333496 0.407471 0.030274 0.015137
0 0.828124 0.400635 0.017578 0.007324
0 0.302734 0.417480 0.056640 0.043945
0 0.387208 0.397949 0.024414 0.016602
0 0.532714 0.397705 0.038086 0.020020
0 1.469726 0.380127 0.021484 0.013184
0 0.764648 0.375732 0.013672 0.006348
0 0.118164 0.387451 0.050782 0.042480
0 1.229980 0.358154 0.022460 0.010254
0 0.688476 0.351807 0.021484 0.011230
0 0.430664 0.348877 0.052734 0.030762
0 1.286622 0.333984 0.028320 0.010742
0 0.517090 0.334229 0.030274 0.017090
0 0.229492 0.338379 0.050782 0.028320
0 0.313964 0.339355 0.049804 0.032227
0 0.624024 0.322266 0.019532 0.008789
0 1.471680 0.315186 0.017578 0.008301
0 0.401856 0.310791 0.030274 0.022949
0 0.473144 0.282959 0.032226 0.016113
0 0.288574 0.300537 0.047852 0.032715
0 0.191406 0.282471 0.101562 0.091309
0 0.412110 0.262939 0.035156 0.018066
0 0.312988 0.274902 0.067382 0.039062
