0 0.646484 0.786133 0.029296 0.009766
0 0.604980 0.710205 0.043946 0.037598
0 0.089844 0.666260 0.058594 0.038574
0 0.196290 0.641113 0.039062 0.043945
0 0.324708 0.624512 0.073242 0.038086
0 1.210938 0.603760 0.019532 0.008301
0 0.666016 0.571533 0.021484 0.012207
0 0.026368 0.584717 0.039062 0.066895
0 0.381836 0.561279 0.056640 0.033691
0 0.546876 0.480713 0.035156 0.018066
0 0.060058 0.470703 0.010742 0.004883
0 0.262696 0.480225 0.062500 0.033691
0 0.568360 0.429932 0.042968 0.026855
0 0.434570 0.407959 0.019532 0.016113
0 0.883790 0.384277 0.023438 0.008789
0 0.615234 0.385742 0.023438 0.015625
0 0.830078 0.377686 0.013672 0.006348
0 0.242188 0.384033 0.050782 0.041504
0 0.766602 0.355225 0.019532 0.009277
0 0.316406 0.352539 0.023438 0.018555
0 0.462890 0.354492 0.046876 0.032227
0 0.626464 0.309570 0.020508 0.009766
0 0.371094 0.309326 0.042968 0.032715
0 0.244628 0.305176 0.051758 0.028320
0 0.487304 0.297119 0.048828 0.028809
0 0.558106 0.279541 0.018554 0.009277
0 0.167968 0.294922 0.072266 0.048828
0 0.336914 0.270996 0.037110 0.028320
0 0.115722 0.271240 0.041992 0.038574
0 0.379882 0.232422 0.029296 0.015625
0 0.407714 0.223633 0.012696 0.005859
0 0.336914 0.218994 0.056640 0.040527
0 0.254882 0.229248 0.074218 0.033691
0 0.223144 0.265625 0.020508 0.010742
