0 1.334472 0.656494 0.028320 0.012207
0 0.408692 0.543457 0.024414 0.022461
0 0.490722 0.537354 0.030274 0.020020
0 0.041504 0.537842 0.041992 0.026855
0 0.220214 0.532227 0.059570 0.040039
0 0.391114 0.515381 0.016602 0.015137
0 0.516602 0.489990 0.048828 0.022949
0 0.332520 0.484375 0.026368 0.017578
0 0.381348 0.463623 0.030274 0.018066
0 0.827636 0.441895 0.014648 0.006836
0 1.256348 0.427002 0.028320 0.011230
0 0.038574 0.431396 0.030274 0.021973
0 0.525390 0.421631 0.023438 0.017090
0 0.183594 0.435059 0.060546 0.045898
0 1.227050 0.416260 0.026368 0.011230
0 0.709472 0.413330 0.016602 0.009277
0 0.402344 0.415771 0.039062 0.027832
0 0.020508 0.410156 0.019532 0.036133
0 1.573730 0.397461 0.018554 0.015625
0 0.513184 0.398682 0.028320 0.018066
0 0.443360 0.396240 0.025390 0.020996
0 0.643066 0.389404 0.016602 0.008301
0 1.907226 0.392334 0.017578 0.015137
0 1.362792 0.387207 0.016602 0.009766
0 1.121582 0.366943 0.022460 0.008301
0 0.300292 0.377441 0.047852 0.030273
0 0.186524 0.363037 0.044922 0.024902
0 1.183594 0.343506 0.023438 0.010254
0 0.115722 0.355957 0.051758 0.038086
0 0.499512 0.340088 0.016602 0.009277
0 1.213378 0.322754 0.012696 0.005859
0 1.362792 0.322510 0.018554 0.008301
0 0.286132 0.319092 0.042968 0.041504
0 0.346680 0.285889 0.025390 0.015137
0 0.184082 0.302490 0.079102 0.065918
0 0.271972 0.279297 0.049804 0.034180
0 1.729004 0.222412 0.022460 0.015137
0 1.493164 0.167969 0.050782 0.020508
0 0.261718 0.264893 0.025390 0.015137
