0 0.985840 0.942627 0.061524 0.017090
0 0.812988 0.902588 0.077148 0.016113
0 1.339844 0.792725 0.048828 0.020020
0 0.494140 0.728271 0.017578 0.010254
0 0.504882 0.648926 0.082032 0.041016
0 0.021484 0.593506 0.009766 0.008301
0 1.283204 0.553467 0.021484 0.011230
0 0.201172 0.552979 0.044922 0.044434
0 0.553710 0.510742 0.015624 0.015625
0 0.062500 0.497314 0.015624 0.019043
0 0.268066 0.493408 0.061524 0.035645
0 1.892090 0.450928 0.040040 0.024902
0 0.444824 0.420410 0.040040 0.029297
0 1.914062 0.394775 0.017578 0.019043
0 0.176270 0.403809 0.057618 0.046875
0 0.601074 0.375244 0.026368 0.014160
0 0.463378 0.371094 0.067382 0.021484
0 0.665040 0.353027 0.037110 0.016602
0 1.077148 0.334961 0.023438 0.009766
0 0.511718 0.330078 0.025390 0.014648
0 1.212402 0.328125 0.065430 0.025391
0 0.681152 0.300049 0.026368 0.011230
0 0.148926 0.308350 0.067382 0.041504
0 1.514648 0.288574 0.019532 0.011719
0 1.065918 0.285889 0.026368 0.008301
0 0.379882 0.290039 0.042968 0.026367
0 0.545898 0.248779 0.027344 0.014160
0 0.279296 0.253418 0.046876 0.030273
0 0.480958 0.216064 0.022460 0.012207
0 1.615722 0.216553 0.032226 0.017090
0 0.187500 0.221924 0.066406 0.051270
0 0.269532 0.197754 0.048828 0.030273
0 0.412110 0.182861 0.031250 0.014160
0 0.338378 0.157471 0.022460 0.011230
0 1.590332 0.144775 0.038086 0.016113
0 1.473144 0.099121 0.032226 0.012695
0 1.432618 0.084961 0.052734 0.018555
0 1.193848 0.228271 0.024414 0.008301
0 0.074708 0.564941 0.032226 0.041016
