0 0.687988 0.891113 0.075196 0.018555
0 0.595704 0.758789 0.031250 0.016602
0 0.511230 0.671387 0.057618 0.047852
0 0.041992 0.622559 0.041016 0.047852
0 0.111328 0.590332 0.037110 0.048828
0 1.302246 0.560303 0.018554 0.013184
0 0.233886 0.575439 0.055664 0.053223
0 0.580078 0.527588 0.019532 0.014160
0 0.099610 0.524170 0.054688 0.029785
0 0.290040 0.519287 0.064454 0.034668
0 1.925292 0.482422 0.018554 0.020508
0 0.467286 0.445312 0.032226 0.033203
0 0.185546 0.435303 0.050782 0.026855
0 1.939942 0.420410 0.020508 0.020508
0 0.672364 0.389160 0.012696 0.006836
0 0.488770 0.386719 0.043946 0.029297
0 0.350098 0.365967 0.030274 0.024902
0 0.711426 0.354736 0.016602 0.008301
0 0.154786 0.337646 0.053710 0.039551
0 0.371094 0.322021 0.039062 0.032715
0 1.544434 0.300537 0.018554 0.010254
0 1.340820 0.298584 0.023438 0.010254
0 0.214844 0.301758 0.027344 0.024414
0 0.412598 0.286133 0.051758 0.042969
0 0.540528 0.266602 0.026368 0.011719
0 0.282226 0.269043 0.035156 0.028320
0 1.721680 0.260010 0.027344 0.018066
0 0.160644 0.263672 0.047852 0.028320
0 0.472656 0.236816 0.015624 0.008789
0 0.250000 0.230713 0.031250 0.015137
0 0.290040 0.186035 0.031250 0.019531
0 1.708984 0.163086 0.060546 0.029297
