0 1.024414 0.943604 0.072266 0.016113
0 0.834960 0.906006 0.119140 0.020020
0 0.735352 0.815430 0.035156 0.010742
0 1.308106 0.798828 0.047852 0.018555
0 0.510742 0.736816 0.046876 0.024414
0 0.512208 0.657959 0.075196 0.052246
0 1.273926 0.560791 0.020508 0.012207
0 0.206054 0.577393 0.056640 0.045410
0 0.554688 0.522705 0.019532 0.014160
0 0.061036 0.521729 0.008790 0.020020
0 0.263672 0.513428 0.060546 0.034668
0 1.900390 0.479004 0.021484 0.018555
0 0.434082 0.435547 0.038086 0.025391
0 0.165040 0.430176 0.056640 0.035156
0 0.589356 0.384766 0.024414 0.017578
0 0.439942 0.385010 0.084960 0.024902
0 0.651368 0.363525 0.027344 0.012207
0 0.494628 0.341797 0.026368 0.015625
0 1.057128 0.333740 0.020508 0.012207
0 1.208008 0.330078 0.025390 0.008789
0 1.182128 0.319824 0.030274 0.012695
0 0.659668 0.309326 0.016602 0.011230
0 0.129882 0.323486 0.062500 0.059082
0 1.523926 0.298584 0.020508 0.012207
0 1.317872 0.295410 0.026368 0.011719
0 0.362304 0.305176 0.050782 0.034180
0 0.256836 0.271484 0.048828 0.031250
0 0.518066 0.261230 0.022460 0.012695
0 1.138184 0.246582 0.014648 0.006836
0 0.450684 0.231445 0.024414 0.012695
0 1.635254 0.231689 0.024414 0.016113
0 0.149902 0.246582 0.053710 0.049805
0 0.232422 0.220703 0.035156 0.023438
0 0.383790 0.197266 0.025390 0.011719
0 0.298828 0.177734 0.017578 0.008789
0 1.627930 0.165527 0.037110 0.017578
0 1.433594 0.088623 0.044922 0.015137
0 1.383300 0.076172 0.041992 0.013672
0 0.082032 0.592285 0.039062 0.046875
