0 1.322266 0.652832 0.017578 0.008789
0 1.159180 0.652100 0.011718 0.008301
0 0.032226 0.533691 0.046876 0.024414
0 0.204102 0.524902 0.039062 0.031250
0 0.395996 0.512451 0.016602 0.015137
0 0.508300 0.486328 0.045898 0.023438
0 0.329102 0.479980 0.023438 0.019531
0 0.373046 0.457275 0.025390 0.023926
0 0.748536 0.427490 0.016602 0.008301
0 1.255372 0.427002 0.030274 0.011230
0 0.033692 0.427734 0.026368 0.018555
0 0.516602 0.417725 0.023438 0.017090
0 1.218262 0.413330 0.020508 0.010254
0 0.178710 0.430664 0.056640 0.046875
0 0.701660 0.408691 0.012696 0.005859
0 0.018554 0.412598 0.009766 0.015625
0 0.396484 0.411865 0.037110 0.024902
0 1.564454 0.391602 0.017578 0.014648
0 1.365234 0.389893 0.019532 0.012207
0 0.422852 0.392090 0.029296 0.015625
0 0.498046 0.392334 0.027344 0.020020
0 0.637696 0.385254 0.013672 0.007812
0 0.563476 0.364258 0.013672 0.007812
0 0.290040 0.373779 0.042968 0.029785
0 1.128418 0.363037 0.022460 0.007324
0 0.188476 0.362549 0.027344 0.019043
0 0.097656 0.355957 0.062500 0.030273
0 1.189454 0.343018 0.023438 0.009277
0 0.493164 0.335205 0.017578 0.008301
0 0.159668 0.321777 0.038086 0.031250
0 0.417480 0.306396 0.026368 0.016113
0 0.275878 0.302979 0.034180 0.025879
0 0.338378 0.282715 0.024414 0.014648
0 0.187988 0.282959 0.047852 0.037598
0 0.255860 0.261963 0.013672 0.007324
0 0.267578 0.270752 0.052734 0.037598
0 1.741700 0.237061 0.026368 0.017090
0 1.527832 0.178467 0.057618 0.022949
0 0.274414 0.326172 0.037110 0.028320
