0 0.330566 0.857422 0.073242 0.051758
0 1.166504 0.806641 0.022460 0.007812
0 0.986328 0.798340 0.019532 0.006836
0 1.564454 0.717529 0.019532 0.014160
0 1.005372 0.630615 0.016602 0.006348
0 1.835938 0.629395 0.031250 0.033203
0 0.922852 0.613770 0.015624 0.005859
0 1.528320 0.594238 0.017578 0.011719
0 1.787110 0.582031 0.017578 0.017578
0 1.454590 0.568115 0.018554 0.013184
0 1.251954 0.554443 0.015624 0.008301
0 1.874024 0.522949 0.015624 0.016602
0 1.351074 0.492188 0.026368 0.016602
0 1.910644 0.497559 0.059570 0.038086
0 1.957032 0.460449 0.041016 0.041016
0 1.774414 0.419434 0.017578 0.016602
0 1.838868 0.395264 0.031250 0.030762
0 1.800782 0.337891 0.023438 0.020508
