0 0.700684 0.897705 0.051758 0.015137
0 0.608398 0.763916 0.027344 0.012207
0 0.533692 0.673340 0.053710 0.042969
0 0.051758 0.623047 0.056640 0.044922
0 0.136230 0.593994 0.053710 0.045410
0 1.332032 0.569092 0.021484 0.016113
0 0.258790 0.582520 0.080078 0.045898
0 0.603516 0.534180 0.021484 0.013672
0 0.133790 0.524414 0.039062 0.032227
0 1.985840 0.507568 0.012696 0.006348
0 0.320312 0.521729 0.052734 0.037598
0 0.490722 0.442383 0.036132 0.021484
0 0.208984 0.433350 0.064454 0.043457
0 0.512208 0.396973 0.045898 0.031250
0 0.381348 0.371094 0.016602 0.009766
0 0.848144 0.359863 0.020508 0.008789
0 0.684570 0.359375 0.017578 0.008789
0 0.187988 0.343018 0.055664 0.046387
0 0.400878 0.329590 0.045898 0.037109
0 0.257324 0.311279 0.016602 0.014160
0 0.651368 0.297607 0.015624 0.008301
0 0.572754 0.275879 0.020508 0.008789
0 0.318848 0.273438 0.038086 0.028320
0 0.470704 0.280518 0.082032 0.047363
0 0.199708 0.266602 0.051758 0.023438
0 0.124024 0.262695 0.029296 0.027344
0 0.286622 0.236328 0.036132 0.021484
0 0.437988 0.209961 0.034180 0.017578
0 0.322754 0.194336 0.038086 0.018555
0 0.215332 0.192871 0.034180 0.020508
0 0.291992 0.181152 0.044922 0.032227
0 0.829590 0.351562 0.024414 0.009766
