0 1.221680 0.932129 0.054688 0.012695
0 0.672364 0.870605 0.040040 0.010742
0 0.645996 0.783203 0.061524 0.038086
0 0.129882 0.733643 0.064454 0.038574
0 0.223144 0.719238 0.038086 0.027344
0 1.406250 0.684326 0.027344 0.013184
0 0.340820 0.695801 0.074218 0.047852
0 0.060058 0.662354 0.028320 0.029785
0 0.688476 0.647705 0.019532 0.010254
0 0.406738 0.637207 0.059570 0.029297
0 0.481446 0.571045 0.027344 0.018066
0 0.569336 0.559082 0.042968 0.022461
0 0.122558 0.556885 0.030274 0.024902
0 0.301270 0.551270 0.055664 0.038086
0 0.383790 0.536621 0.015624 0.018555
0 0.591308 0.509766 0.045898 0.022461
0 0.411622 0.511719 0.026368 0.027344
0 0.462890 0.481201 0.025390 0.020996
0 0.686524 0.455322 0.023438 0.013184
0 0.640624 0.455322 0.021484 0.016113
0 0.120606 0.448975 0.028320 0.016113
0 0.265624 0.455566 0.056640 0.041992
0 0.048828 0.444336 0.044922 0.024414
0 0.563964 0.428223 0.018554 0.011719
0 0.491210 0.432373 0.031250 0.022949
0 1.452636 0.419189 0.014648 0.012207
0 0.728516 0.408447 0.013672 0.007324
0 0.088378 0.422852 0.049804 0.047852
0 1.210450 0.392822 0.016602 0.009277
0 0.386718 0.397217 0.041016 0.025879
0 1.268554 0.375244 0.015624 0.009277
0 0.194336 0.373779 0.046876 0.032715
0 0.464844 0.357910 0.027344 0.017578
0 0.366210 0.344727 0.031250 0.020508
0 0.120118 0.343506 0.070312 0.043457
0 0.514648 0.325195 0.021484 0.012695
0 0.437500 0.301025 0.021484 0.014160
0 0.280274 0.309082 0.046876 0.042969
0 0.350586 0.296631 0.027344 0.018066
0 0.357422 0.277100 0.025390 0.016113
0 0.168946 0.281494 0.041016 0.031738
0 1.834960 0.228516 0.029296 0.021484
0 0.271972 0.373779 0.024414 0.013184
0 0.250000 0.336426 0.044922 0.034180
