0 0.639648 0.863037 0.037110 0.011230
0 0.622070 0.774658 0.062500 0.037598
0 0.129882 0.735596 0.066406 0.043457
0 0.224610 0.724365 0.039062 0.024902
0 0.342286 0.700439 0.071290 0.041504
0 1.398438 0.685547 0.029296 0.013672
0 0.061036 0.665039 0.024414 0.024414
0 0.687012 0.649902 0.016602 0.009766
0 0.400878 0.639648 0.063476 0.029297
0 0.479492 0.573242 0.023438 0.019531
0 0.120606 0.561279 0.024414 0.018066
0 0.564454 0.562744 0.041016 0.021973
0 0.297852 0.554688 0.054688 0.037109
0 0.383300 0.540283 0.016602 0.015137
0 0.410156 0.519043 0.021484 0.019531
0 0.585450 0.511963 0.043946 0.022949
0 0.458008 0.482910 0.023438 0.020508
0 1.344726 0.460693 0.013672 0.008301
0 0.635254 0.457275 0.022460 0.014160
0 0.677246 0.454834 0.020508 0.013184
0 0.115722 0.452637 0.020508 0.020508
0 0.262696 0.457031 0.056640 0.041992
0 0.037110 0.448486 0.025390 0.029785
0 0.481934 0.435059 0.038086 0.022461
0 0.558594 0.429443 0.019532 0.016113
0 1.449708 0.417236 0.016602 0.020996
0 0.083496 0.428711 0.049804 0.044922
0 1.208008 0.394775 0.019532 0.010254
0 0.379882 0.397461 0.039062 0.027344
0 1.264160 0.378906 0.018554 0.009766
0 1.272950 0.372314 0.016602 0.010254
0 0.181640 0.378662 0.062500 0.038574
0 0.455566 0.358398 0.028320 0.016602
0 0.362792 0.346191 0.030274 0.023438
0 0.111816 0.347656 0.073242 0.041992
0 0.508790 0.326660 0.013672 0.007812
0 0.430664 0.302490 0.017578 0.011230
0 0.343750 0.298828 0.025390 0.016602
0 0.276856 0.311035 0.049804 0.044922
0 0.166016 0.284912 0.042968 0.028809
0 1.835450 0.233398 0.024414 0.016602
0 1.544922 0.183350 0.027344 0.013184
0 0.244140 0.339355 0.048828 0.036133
0 1.351074 0.312988 0.022460 0.011719
0 0.349122 0.280029 0.024414 0.014160
