0 1.111328 0.994873 0.044922 0.005371
0 0.885254 0.934082 0.041992 0.009766
0 0.946778 0.849854 0.073242 0.017090
0 0.597168 0.767334 0.034180 0.014160
0 0.582520 0.691162 0.075196 0.041504
0 0.073242 0.628418 0.097656 0.045898
0 0.166016 0.610596 0.046876 0.045410
0 1.201172 0.586670 0.013672 0.008301
0 1.366700 0.587646 0.022460 0.015137
0 0.289550 0.594238 0.057618 0.042969
0 0.011718 0.559570 0.007812 0.013672
0 0.643554 0.549072 0.023438 0.013184
0 0.176758 0.540527 0.031250 0.019531
0 0.354492 0.536377 0.062500 0.033691
0 0.530762 0.461182 0.038086 0.021973
0 0.257812 0.448975 0.054688 0.031738
0 0.538574 0.409424 0.075196 0.026855
0 0.656738 0.400879 0.024414 0.012695
0 0.422364 0.384033 0.028320 0.020996
0 0.868652 0.368408 0.020508 0.008301
0 0.594238 0.367188 0.024414 0.015625
0 0.644532 0.349121 0.021484 0.009766
0 0.229980 0.350586 0.057618 0.046875
0 0.453124 0.337646 0.048828 0.044434
0 0.068360 0.331543 0.037110 0.039062
0 0.618164 0.290039 0.015624 0.007812
0 0.353028 0.303711 0.059570 0.046875
0 0.156738 0.272949 0.063476 0.032227
0 0.550292 0.258789 0.012696 0.005859
0 0.245606 0.270508 0.059570 0.039062
0 0.326660 0.245850 0.036132 0.022949
0 0.479980 0.226562 0.012696 0.007812
0 0.277344 0.206787 0.019532 0.009277
0 0.235840 0.223877 0.102540 0.069824
0 0.328614 0.177734 0.010742 0.004883
