0 0.963868 0.945801 0.068360 0.014648
0 0.810058 0.912109 0.075196 0.013672
0 0.686036 0.818115 0.053710 0.010254
0 0.487792 0.742676 0.022460 0.012695
0 0.491210 0.671143 0.101562 0.059082
0 1.264648 0.564697 0.019532 0.013184
0 0.191894 0.573975 0.061524 0.041504
0 0.539062 0.523926 0.015624 0.014648
0 0.047364 0.521729 0.018554 0.024902
0 0.253418 0.511475 0.059570 0.039551
0 1.888184 0.480957 0.012696 0.025391
0 0.423340 0.440430 0.040040 0.021484
0 1.901368 0.421875 0.019532 0.020508
0 0.153808 0.423584 0.057618 0.045410
0 0.582520 0.393066 0.020508 0.014648
0 0.427246 0.388428 0.090820 0.024902
0 0.945312 0.348877 0.029296 0.010254
0 1.040528 0.341309 0.022460 0.006836
0 0.847168 0.331543 0.022460 0.008789
0 1.177734 0.331055 0.062500 0.023438
0 0.123046 0.335449 0.064454 0.034180
0 1.503418 0.301025 0.018554 0.010254
0 1.301270 0.300293 0.024414 0.009766
0 1.023438 0.293457 0.013672 0.007812
0 1.061036 0.273926 0.038086 0.009766
0 1.653320 0.261963 0.025390 0.018066
0 1.663574 0.197266 0.047852 0.019531
0 1.429688 0.087158 0.039062 0.013184
0 0.302246 0.362061 0.036132 0.019043
0 0.065918 0.586426 0.036132 0.043945
