0 0.479980 0.816895 0.055664 0.045898
0 1.292968 0.731445 0.035156 0.013672
0 0.221192 0.718994 0.067382 0.045410
0 0.576172 0.682617 0.023438 0.013672
0 0.288086 0.663818 0.058594 0.033691
0 0.463868 0.589844 0.044922 0.023438
0 1.697754 0.577881 0.022460 0.024902
0 0.190918 0.581543 0.051758 0.035156
0 1.435546 0.557129 0.017578 0.013672
0 0.162110 0.538818 0.013672 0.018066
0 0.487304 0.536865 0.052734 0.027832
0 0.359864 0.510986 0.028320 0.021973
0 1.551758 0.476807 0.011718 0.005371
0 0.007812 0.478760 0.015624 0.022949
0 0.177246 0.483887 0.030274 0.034180
0 1.352050 0.471680 0.014648 0.010742
0 1.923340 0.468994 0.030274 0.034668
0 1.555664 0.450439 0.025390 0.020996
0 1.840332 0.315674 0.024414 0.021973
0 1.890624 0.278320 0.033204 0.028320
0 1.838868 0.234375 0.019532 0.015625
