0 0.786622 0.947998 0.077148 0.018066
0 0.734376 0.822998 0.037110 0.011230
0 0.644042 0.731201 0.055664 0.052246
0 0.133790 0.709229 0.060546 0.037598
0 0.232910 0.682373 0.040040 0.034668
0 0.354980 0.659180 0.063476 0.035156
0 1.249512 0.611816 0.020508 0.009766
0 0.054200 0.626221 0.063476 0.063965
0 0.696290 0.597168 0.021484 0.012695
0 0.411622 0.598389 0.061524 0.027832
0 0.567382 0.511475 0.041016 0.019043
0 0.284668 0.515625 0.061524 0.034180
0 0.583008 0.458740 0.044922 0.022949
0 0.441894 0.441406 0.016602 0.010742
0 0.563476 0.416748 0.015624 0.012207
0 0.245606 0.416260 0.061524 0.045410
0 0.324218 0.394287 0.019532 0.020020
0 0.471680 0.392578 0.031250 0.021484
0 0.769532 0.379883 0.009766 0.005859
0 0.701660 0.357422 0.014648 0.007812
0 0.369628 0.349854 0.040040 0.025879
0 0.245118 0.343262 0.029296 0.023438
0 0.460938 0.337646 0.029296 0.018066
0 0.161132 0.340332 0.050782 0.039062
0 0.090820 0.315186 0.052734 0.039551
0 0.330078 0.308838 0.039062 0.028809
0 0.210450 0.304932 0.030274 0.026855
0 0.478028 0.281738 0.018554 0.009766
0 0.369140 0.272461 0.019532 0.011719
0 0.314454 0.270020 0.033204 0.024414
0 0.232910 0.271729 0.057618 0.029785
0 0.133300 0.254883 0.038086 0.031250
