0 0.992676 0.946045 0.059570 0.016113
0 0.836426 0.912598 0.069336 0.012695
0 0.716796 0.822266 0.062500 0.015625
0 0.501464 0.743164 0.018554 0.009766
0 0.501464 0.667480 0.094726 0.059570
0 0.198242 0.578369 0.054688 0.044434
0 1.270996 0.559570 0.026368 0.011719
0 0.546386 0.526123 0.014648 0.013184
0 0.054200 0.526611 0.010742 0.018066
0 0.261230 0.519043 0.055664 0.041992
0 1.895020 0.472168 0.018554 0.021484
0 0.428222 0.440918 0.036132 0.025391
0 0.158692 0.428711 0.057618 0.042969
0 1.903808 0.407715 0.012696 0.017578
0 0.582032 0.393311 0.025390 0.014160
0 0.432128 0.390137 0.083008 0.024414
0 0.654786 0.372803 0.030274 0.015137
0 0.939942 0.349365 0.030274 0.011230
0 0.484376 0.346680 0.023438 0.014648
0 1.043458 0.338135 0.024414 0.009277
0 1.195800 0.332520 0.036132 0.012695
0 0.117676 0.337891 0.071290 0.038086
0 1.159180 0.320068 0.029296 0.010254
0 1.503906 0.294678 0.017578 0.009277
0 0.356446 0.306885 0.054688 0.035645
0 1.026368 0.288818 0.025390 0.008301
0 0.244628 0.280029 0.040040 0.025879
0 1.120606 0.250000 0.028320 0.008789
0 0.141114 0.257080 0.055664 0.038574
0 1.636230 0.244385 0.030274 0.017090
0 0.225098 0.227783 0.043946 0.028809
0 1.638672 0.176758 0.031250 0.015625
0 1.415528 0.083740 0.032226 0.011230
0 1.354004 0.083740 0.036132 0.011230
0 1.060058 0.270752 0.030274 0.009277
0 0.073242 0.595215 0.037110 0.041992
