0 1.023438 0.942139 0.062500 0.014160
0 0.845214 0.904297 0.061524 0.020508
0 1.385254 0.787109 0.047852 0.017578
0 0.515136 0.731934 0.026368 0.013672
0 0.514648 0.645996 0.074218 0.070312
0 0.025878 0.604736 0.018554 0.033691
0 1.297364 0.545898 0.018554 0.012695
0 0.211914 0.560059 0.046876 0.074219
0 0.562500 0.510010 0.013672 0.008301
0 0.069336 0.502197 0.013672 0.020020
0 0.277832 0.489502 0.055664 0.049316
0 0.451660 0.423584 0.036132 0.021973
0 1.881348 0.418945 0.026368 0.020508
0 0.180176 0.410156 0.059570 0.041992
0 0.606446 0.372559 0.031250 0.019531
0 1.918946 0.363525 0.009766 0.005371
0 0.466308 0.371338 0.073242 0.026855
0 0.663086 0.349121 0.027344 0.013672
0 0.519042 0.327393 0.028320 0.015137
0 1.195312 0.318359 0.035156 0.010742
0 1.158204 0.307617 0.041016 0.012695
0 0.150390 0.309814 0.078124 0.045410
0 1.292968 0.278809 0.029296 0.011719
0 0.396484 0.283203 0.066406 0.037109
0 1.497070 0.271729 0.027344 0.016113
0 0.551758 0.248047 0.023438 0.011719
0 0.296386 0.247803 0.067382 0.040527
0 0.182128 0.230957 0.057618 0.039062
0 1.133300 0.215088 0.028320 0.008301
0 0.486816 0.215576 0.018554 0.011230
0 1.292968 0.212891 0.019532 0.008789
0 0.270508 0.199951 0.033204 0.020996
0 1.571290 0.186279 0.031250 0.016113
0 0.418946 0.182129 0.027344 0.013672
0 1.179200 0.174072 0.012696 0.007324
0 0.343262 0.158447 0.016602 0.009277
0 1.522950 0.113770 0.049804 0.019531
0 1.329102 0.049805 0.037110 0.012695
0 0.087890 0.572998 0.029296 0.030762
