0 0.737792 0.964111 0.083008 0.017090
0 0.726074 0.839111 0.043946 0.012207
0 0.636718 0.748291 0.060546 0.053223
0 0.127442 0.683594 0.059570 0.047852
0 0.235840 0.669434 0.032226 0.029297
0 1.272950 0.647949 0.020508 0.008789
0 0.359864 0.650635 0.061524 0.037598
0 0.713868 0.608887 0.023438 0.011719
0 0.426758 0.591553 0.062500 0.028809
0 0.068848 0.596680 0.069336 0.050781
0 0.601562 0.514648 0.041016 0.018555
0 0.327148 0.503174 0.052734 0.034668
0 0.628418 0.463379 0.047852 0.024414
0 0.496094 0.438965 0.027344 0.017578
0 1.217286 0.425049 0.016602 0.010254
0 1.813476 0.427490 0.031250 0.025879
0 1.369628 0.419678 0.026368 0.010254
0 0.534180 0.411621 0.015624 0.009766
0 1.844238 0.414551 0.020508 0.019531
0 1.336426 0.406494 0.032226 0.015137
0 1.173340 0.403076 0.024414 0.011230
0 0.301758 0.400879 0.056640 0.046875
0 1.471192 0.378418 0.016602 0.009766
0 0.391114 0.383057 0.026368 0.019043
0 0.532714 0.385010 0.041992 0.024902
0 0.142090 0.380371 0.022460 0.015625
0 1.197754 0.376221 0.026368 0.011230
0 1.232422 0.355957 0.027344 0.011719
0 0.123536 0.359863 0.045898 0.041016
0 0.445312 0.336182 0.044922 0.030762
0 0.528808 0.325439 0.026368 0.012207
0 0.321778 0.326660 0.047852 0.028320
0 1.325196 0.312744 0.013672 0.006348
0 0.234864 0.320068 0.069336 0.036621
0 0.411622 0.296387 0.026368 0.014648
0 0.482910 0.270264 0.034180 0.017090
0 0.317382 0.270264 0.080078 0.061035
0 0.204590 0.267090 0.104492 0.085938
0 1.252442 0.475586 0.016602 0.009766
0 0.427734 0.249268 0.037110 0.021973
0 1.677246 0.378418 0.018554 0.011719
