0 0.342774 0.854736 0.068360 0.051270
0 1.170898 0.796631 0.027344 0.008301
0 0.991700 0.788818 0.030274 0.008301
0 0.449218 0.722900 0.013672 0.006348
0 1.577148 0.691650 0.029296 0.018066
0 0.765624 0.611816 0.021484 0.010742
0 0.926758 0.600586 0.017578 0.005859
0 1.846680 0.591553 0.029296 0.032715
0 1.512696 0.580811 0.017578 0.014160
0 1.459960 0.547607 0.015624 0.010254
0 1.256836 0.538818 0.013672 0.007324
0 1.895996 0.502197 0.014648 0.026855
0 1.367676 0.480713 0.024414 0.017090
0 1.909180 0.469238 0.050782 0.038086
0 1.958008 0.428223 0.039062 0.036133
0 1.767090 0.395752 0.020508 0.020020
0 1.826660 0.364258 0.026368 0.021484
0 1.783204 0.311279 0.021484 0.013184
