0 0.694824 0.893311 0.069336 0.018066
0 0.603516 0.760742 0.033204 0.014648
0 0.525390 0.670410 0.046876 0.042969
0 0.044922 0.622559 0.044922 0.043945
0 0.117188 0.594238 0.039062 0.043945
0 0.242188 0.580078 0.058594 0.049805
0 1.321290 0.555176 0.019532 0.014648
0 0.586426 0.530029 0.012696 0.008301
0 0.108398 0.523926 0.058594 0.032227
0 0.301270 0.519775 0.063476 0.040527
0 1.933594 0.481689 0.021484 0.028809
0 1.954102 0.428711 0.015624 0.014648
0 0.189942 0.437012 0.061524 0.034180
0 0.476074 0.434570 0.038086 0.035156
0 0.690918 0.391357 0.020508 0.011230
0 0.494628 0.396973 0.038086 0.036133
0 0.702636 0.356689 0.014648 0.008301
0 0.812500 0.343750 0.019532 0.008789
0 0.163086 0.343506 0.054688 0.047363
0 0.228516 0.303955 0.023438 0.019043
0 0.553222 0.268311 0.018554 0.009277
0 0.406250 0.299316 0.095704 0.078125
0 1.729492 0.265625 0.031250 0.021484
0 0.297852 0.268555 0.044922 0.036133
0 0.177246 0.261475 0.057618 0.030762
0 0.259278 0.233398 0.032226 0.020508
0 0.301270 0.189209 0.032226 0.015137
0 0.263184 0.179443 0.071290 0.040527
0 0.331542 0.187012 0.012696 0.006836
