0 0.729004 0.897949 0.059570 0.013672
0 0.608398 0.767334 0.033204 0.015137
0 0.523438 0.679688 0.058594 0.046875
0 0.049316 0.649170 0.014648 0.017090
0 0.105958 0.613037 0.036132 0.036621
0 0.225098 0.603027 0.057618 0.063477
0 1.285156 0.559082 0.023438 0.015625
0 0.098144 0.547607 0.040040 0.029785
0 0.565918 0.534912 0.014648 0.012207
0 0.279786 0.521240 0.053710 0.062012
0 1.902344 0.470215 0.029296 0.036133
0 0.445800 0.443848 0.034180 0.027344
0 0.162598 0.448486 0.055664 0.037598
0 1.923828 0.410156 0.023438 0.022461
0 0.628906 0.395264 0.021484 0.013184
0 0.460450 0.397217 0.051758 0.027832
0 0.322266 0.377686 0.025390 0.015137
0 0.707032 0.362061 0.021484 0.011230
0 1.056640 0.335693 0.023438 0.009277
0 0.126464 0.350098 0.065430 0.044922
0 1.213378 0.329834 0.026368 0.011230
0 0.343262 0.327393 0.040040 0.027832
0 1.179688 0.318115 0.041016 0.015137
0 0.187500 0.307861 0.037110 0.032715
0 1.317382 0.292969 0.025390 0.011719
0 1.520020 0.291016 0.022460 0.013672
0 0.384278 0.290771 0.047852 0.029785
0 0.509766 0.273438 0.029296 0.014648
0 0.126464 0.279785 0.047852 0.028320
0 0.246094 0.281006 0.050782 0.035645
0 1.072754 0.267334 0.032226 0.009277
0 1.132324 0.246094 0.022460 0.007812
0 0.437012 0.244629 0.028320 0.014648
0 0.211914 0.243652 0.041016 0.026367
0 1.320800 0.226807 0.026368 0.011230
0 0.365722 0.214355 0.028320 0.014648
0 0.285644 0.194580 0.024414 0.014160
0 0.250000 0.197754 0.052734 0.031250
0 1.670410 0.151855 0.063476 0.030273
