0 0.637696 0.896240 0.039062 0.012207
0 0.549316 0.808838 0.055664 0.048340
0 0.162110 0.745605 0.027344 0.023438
0 1.178710 0.709961 0.023438 0.007812
0 0.280274 0.720215 0.068360 0.041016
0 1.358398 0.705811 0.027344 0.015137
0 0.345214 0.660400 0.059570 0.031738
0 0.510742 0.583252 0.041016 0.020996
0 0.234864 0.576660 0.057618 0.034180
0 1.410156 0.537842 0.015624 0.013184
0 0.540528 0.531494 0.045898 0.025879
0 1.752930 0.528076 0.017578 0.023926
0 0.403320 0.507324 0.029296 0.022461
0 1.285156 0.483398 0.025390 0.010742
0 0.306640 0.462646 0.019532 0.017090
0 0.212402 0.477539 0.047852 0.046875
0 1.595214 0.447510 0.010742 0.005371
0 0.438476 0.455078 0.031250 0.023438
0 1.395508 0.446289 0.017578 0.012695
0 1.929200 0.432861 0.010742 0.005371
0 1.629394 0.440674 0.026368 0.022949
0 0.033204 0.444580 0.052734 0.059082
0 0.351562 0.415283 0.021484 0.016113
0 1.949218 0.420898 0.029296 0.035156
0 0.217286 0.400635 0.047852 0.029785
0 0.140136 0.397461 0.043946 0.036133
0 1.405762 0.380371 0.016602 0.010742
0 1.872070 0.280762 0.025390 0.019531
0 1.248046 0.469971 0.013672 0.006348
