0 1.209472 0.779053 0.065430 0.017090
0 1.197266 0.734131 0.037110 0.011230
0 1.290040 0.600342 0.025390 0.013184
0 0.832032 0.426514 0.019532 0.009277
0 0.790528 0.401367 0.014648 0.007812
0 1.197754 0.375732 0.030274 0.010254
0 1.163086 0.364746 0.031250 0.010742
0 1.079590 0.338623 0.028320 0.010254
0 1.302734 0.336182 0.021484 0.010254
0 1.019532 0.335449 0.023438 0.008789
0 1.501464 0.331543 0.016602 0.008789
0 1.057618 0.316162 0.029296 0.010254
0 1.119140 0.292480 0.021484 0.007812
0 1.373046 0.060303 0.044922 0.013184
0 0.770508 0.393799 0.021484 0.009277
