0 0.974122 0.960693 0.055664 0.015137
0 0.857422 0.941406 0.109376 0.015625
0 1.243652 0.780518 0.043946 0.015137
0 1.272460 0.582764 0.023438 0.013184
0 1.031738 0.368896 0.018554 0.006348
0 1.187988 0.363281 0.030274 0.009766
0 0.836426 0.361572 0.018554 0.007324
0 1.154786 0.351562 0.034180 0.013672
0 1.024414 0.342285 0.029296 0.012695
0 1.294434 0.325439 0.026368 0.012207
0 1.495606 0.324951 0.026368 0.015137
0 1.049316 0.301025 0.028320 0.007324
0 1.112304 0.278076 0.029296 0.008301
0 1.296386 0.260254 0.020508 0.007812
