0 0.971680 0.975098 0.037110 0.010742
0 1.205566 0.781738 0.055664 0.014648
0 1.194336 0.735352 0.029296 0.009766
0 1.283692 0.600098 0.024414 0.013672
0 0.823242 0.424805 0.019532 0.008789
0 0.786622 0.398926 0.018554 0.009766
0 0.940918 0.376221 0.020508 0.007324
0 1.199218 0.374756 0.033204 0.011230
0 1.165528 0.363525 0.030274 0.012207
0 1.082520 0.338623 0.028320 0.009277
0 1.305664 0.336914 0.025390 0.011719
0 1.507324 0.335693 0.020508 0.011230
0 1.025878 0.334717 0.020508 0.008301
0 1.839356 0.322266 0.018554 0.013672
0 1.061524 0.314941 0.027344 0.009766
0 1.123046 0.291992 0.029296 0.009766
0 1.308106 0.272461 0.020508 0.008789
0 1.152344 0.270752 0.023438 0.008301
0 1.390136 0.061035 0.045898 0.013672
0 0.767090 0.390381 0.022460 0.010254
