0 0.983398 0.943848 0.068360 0.014648
0 0.811036 0.904297 0.084960 0.016602
0 0.719726 0.814697 0.041016 0.011230
0 1.335938 0.791016 0.046876 0.017578
0 0.504394 0.736816 0.038086 0.019531
0 0.495118 0.654297 0.072266 0.044922
0 1.270508 0.563721 0.019532 0.012207
0 0.200684 0.562988 0.059570 0.044922
0 0.550292 0.516113 0.018554 0.015625
0 0.059082 0.505127 0.012696 0.014160
0 1.898926 0.488281 0.016602 0.024414
0 0.260254 0.491211 0.063476 0.057617
0 0.437500 0.429443 0.033204 0.017090
0 1.918458 0.425537 0.016602 0.019043
0 0.169922 0.418457 0.054688 0.041016
0 0.595704 0.379883 0.025390 0.012695
0 0.446290 0.376465 0.080078 0.028320
0 0.663086 0.359863 0.027344 0.011719
0 1.063476 0.336426 0.023438 0.010742
0 1.217774 0.334473 0.037110 0.012695
0 0.500000 0.334473 0.027344 0.016602
0 1.182128 0.321289 0.032226 0.011719
0 0.672852 0.303467 0.017578 0.008301
0 1.528320 0.303711 0.021484 0.012695
0 1.324708 0.300781 0.026368 0.011719
0 0.141114 0.315918 0.075196 0.041016
0 0.369628 0.296387 0.040040 0.026367
0 1.051270 0.286865 0.026368 0.010254
0 0.606934 0.278809 0.014648 0.007812
0 0.267578 0.261230 0.048828 0.027344
0 1.148926 0.249512 0.020508 0.007812
0 1.650390 0.245117 0.033204 0.019531
0 1.337890 0.234619 0.009766 0.005371
0 0.163086 0.237305 0.044922 0.034180
0 0.251954 0.208740 0.042968 0.025879
0 1.648926 0.177246 0.038086 0.019531
0 0.325196 0.164551 0.017578 0.007812
0 1.445800 0.092041 0.024414 0.009277
0 1.401856 0.083740 0.040040 0.013184
0 0.071778 0.572266 0.034180 0.043945
