0 0.658204 0.790527 0.021484 0.008789
0 0.577636 0.697754 0.043946 0.040039
0 0.073242 0.635010 0.052734 0.038574
0 0.181640 0.617432 0.042968 0.039551
0 1.213378 0.600098 0.014648 0.009766
0 0.312012 0.602539 0.071290 0.041992
0 0.655274 0.559570 0.015624 0.010742
0 0.373046 0.543457 0.052734 0.027344
0 0.017090 0.552246 0.024414 0.048828
0 0.544922 0.466553 0.037110 0.018066
0 0.262696 0.456543 0.064454 0.033203
0 0.058106 0.442383 0.012696 0.021484
0 0.571778 0.414307 0.040040 0.027832
0 0.892090 0.378418 0.022460 0.008789
0 0.630860 0.373779 0.019532 0.010254
0 0.776368 0.347168 0.019532 0.007812
0 0.247558 0.358887 0.059570 0.043945
0 0.327148 0.333496 0.029296 0.020508
0 0.480468 0.338379 0.060546 0.041992
0 0.640624 0.298828 0.025390 0.011719
0 0.494140 0.290039 0.029296 0.016602
0 0.257812 0.287354 0.068360 0.032715
0 0.400390 0.288330 0.076172 0.049316
0 0.573730 0.267578 0.020508 0.008789
0 0.185546 0.277100 0.078124 0.037598
0 0.343750 0.260254 0.041016 0.027344
0 0.133300 0.254639 0.036132 0.028809
0 0.402344 0.214600 0.031250 0.016113
0 0.259766 0.220215 0.072266 0.043945
0 0.357422 0.206055 0.035156 0.018555
0 0.426758 0.209473 0.025390 0.010742
