0 0.365234 0.851562 0.066406 0.051758
0 1.178710 0.783447 0.023438 0.007324
0 1.004394 0.776855 0.026368 0.006836
0 0.469238 0.720947 0.030274 0.015137
0 0.185058 0.698975 0.057618 0.035645
0 1.604004 0.654541 0.024414 0.017090
0 0.277344 0.648193 0.023438 0.020996
0 0.369628 0.629883 0.036132 0.026367
0 0.773926 0.601807 0.016602 0.007324
0 1.494628 0.567139 0.018554 0.016113
0 1.856446 0.551758 0.033204 0.028320
0 1.465820 0.523682 0.013672 0.007324
0 1.262208 0.519043 0.014648 0.007812
0 1.801270 0.521484 0.014648 0.017578
0 1.923340 0.473145 0.014648 0.022461
0 1.386718 0.465576 0.029296 0.015137
0 1.278808 0.454102 0.018554 0.011719
0 1.904786 0.425049 0.047852 0.041504
0 1.757324 0.364502 0.020508 0.016113
0 1.946778 0.381104 0.051758 0.051270
0 1.813476 0.333008 0.025390 0.020508
0 1.764648 0.280762 0.027344 0.017578
