0 1.009278 0.945557 0.059570 0.015137
0 0.852540 0.913574 0.070312 0.013672
0 0.729004 0.824707 0.063476 0.015625
0 0.504394 0.747803 0.024414 0.013184
0 0.498536 0.676025 0.086914 0.067871
0 0.196290 0.585205 0.054688 0.043457
0 1.272950 0.556641 0.026368 0.011719
0 0.057618 0.534180 0.009766 0.006836
0 0.544434 0.530029 0.018554 0.015137
0 0.254394 0.519775 0.061524 0.034668
0 1.894042 0.463379 0.018554 0.021484
0 0.426758 0.449951 0.039062 0.036621
0 0.155274 0.437012 0.052734 0.039062
0 1.900390 0.399170 0.015624 0.018066
0 0.580078 0.396240 0.027344 0.016113
0 0.423340 0.394775 0.090820 0.023926
0 0.477540 0.352051 0.023438 0.014648
0 0.939454 0.349609 0.029296 0.012695
0 1.038086 0.339600 0.019532 0.008301
0 1.189454 0.330811 0.037110 0.012207
0 0.115722 0.346436 0.069336 0.048340
0 1.152344 0.318604 0.029296 0.010254
0 0.349610 0.313232 0.050782 0.033691
0 1.023926 0.291992 0.012696 0.006836
0 1.495606 0.289795 0.016602 0.009277
0 0.244140 0.280762 0.046876 0.032227
0 1.116210 0.250488 0.033204 0.008789
0 0.132812 0.263672 0.048828 0.039062
0 0.211914 0.238281 0.013672 0.008789
0 1.626464 0.238281 0.030274 0.016602
0 1.625976 0.170410 0.031250 0.015625
0 1.338378 0.080811 0.036132 0.011230
0 1.399902 0.080322 0.032226 0.011230
0 0.074708 0.600586 0.032226 0.044922
0 0.299316 0.367188 0.026368 0.016602
