0 0.684570 0.891357 0.062500 0.018066
0 0.595704 0.757568 0.029296 0.014160
0 0.516114 0.667969 0.049804 0.045898
0 0.041992 0.619141 0.042968 0.046875
0 0.113770 0.593262 0.038086 0.040039
0 1.304688 0.560547 0.019532 0.014648
0 0.234376 0.575928 0.050782 0.049316
0 0.581542 0.526611 0.016602 0.012207
0 0.104004 0.523438 0.053710 0.031250
0 0.293458 0.517578 0.063476 0.035156
0 1.928222 0.480957 0.020508 0.028320
0 0.469726 0.448242 0.029296 0.039062
0 0.183594 0.435547 0.058594 0.049805
0 1.945800 0.423828 0.022460 0.027344
0 0.677734 0.390381 0.013672 0.009277
0 0.492188 0.391602 0.046876 0.031250
0 0.352540 0.365479 0.027344 0.016113
0 0.707520 0.355713 0.026368 0.013184
0 0.804200 0.342285 0.022460 0.010742
0 0.730958 0.331787 0.018554 0.007324
0 0.159180 0.335938 0.062500 0.044922
0 1.546386 0.300049 0.022460 0.013184
0 0.221680 0.298828 0.019532 0.013672
0 0.376954 0.317139 0.068360 0.052246
0 0.422852 0.275146 0.029296 0.017090
0 0.544922 0.268311 0.021484 0.012207
0 1.719238 0.257568 0.030274 0.019043
0 0.290040 0.270752 0.068360 0.059082
0 0.176758 0.257812 0.070312 0.040039
0 0.477540 0.236816 0.015624 0.006836
0 0.256348 0.233154 0.026368 0.016113
0 0.408692 0.204102 0.012696 0.006836
0 0.332032 0.180908 0.013672 0.007324
0 0.297364 0.185059 0.036132 0.020508
0 1.716796 0.165771 0.050782 0.024902
