0 1.054200 0.951172 0.059570 0.018555
0 0.845214 0.904053 0.079102 0.012207
0 0.829590 0.817383 0.010742 0.005859
0 1.429200 0.797119 0.038086 0.014160
0 0.543946 0.736328 0.031250 0.016602
0 0.538086 0.659668 0.082032 0.041992
0 0.041992 0.604736 0.046876 0.036621
0 0.113282 0.579346 0.035156 0.037598
0 1.318848 0.553223 0.020508 0.013672
0 0.238282 0.564453 0.058594 0.046875
0 0.588378 0.517578 0.018554 0.014648
0 0.100098 0.509033 0.034180 0.025879
0 0.301758 0.497803 0.058594 0.046387
0 1.923340 0.452393 0.045898 0.033691
0 0.475586 0.436768 0.033204 0.024902
0 0.015136 0.428955 0.010742 0.012207
0 0.203614 0.422363 0.055664 0.032227
0 1.948730 0.397217 0.012696 0.011230
0 0.476562 0.398926 0.064454 0.022461
0 0.871094 0.390137 0.013672 0.005859
0 0.605958 0.390381 0.020508 0.015137
0 0.639160 0.358154 0.026368 0.014160
0 0.819336 0.351074 0.019532 0.008789
0 0.523438 0.352783 0.027344 0.019043
0 0.154296 0.351318 0.060546 0.040527
0 0.380860 0.323975 0.042968 0.025879
0 0.616210 0.293945 0.015624 0.008789
0 1.541992 0.287109 0.023438 0.014648
0 0.268554 0.291504 0.046876 0.028320
0 0.537598 0.271729 0.016602 0.009277
0 0.157226 0.274658 0.058594 0.046387
0 0.471680 0.240723 0.013672 0.007812
0 0.246094 0.238525 0.031250 0.023926
0 0.395020 0.211426 0.028320 0.015625
0 0.799316 0.343018 0.024414 0.012207
