0 1.206542 0.927490 0.071290 0.026855
0 0.696290 0.797119 0.080078 0.055176
0 0.181640 0.746094 0.070312 0.037109
0 0.272950 0.733398 0.040040 0.024414
0 0.396972 0.705322 0.075196 0.038574
0 0.734376 0.646240 0.023438 0.009277
0 0.084960 0.663818 0.089844 0.053223
0 0.450684 0.640137 0.063476 0.032227
0 0.517090 0.577148 0.012696 0.008789
0 0.155274 0.571045 0.039062 0.027832
0 0.603516 0.560303 0.046876 0.020996
0 0.338378 0.556396 0.057618 0.037598
0 0.388184 0.540039 0.018554 0.016602
0 0.439942 0.520996 0.028320 0.013672
0 0.622070 0.510986 0.048828 0.020996
0 1.254882 0.502441 0.013672 0.008789
0 0.490722 0.483154 0.024414 0.018066
0 0.739258 0.462891 0.013672 0.007812
0 0.677734 0.458252 0.021484 0.013184
0 0.067382 0.453613 0.029296 0.019531
0 1.375000 0.447998 0.025390 0.011230
0 0.291992 0.460205 0.058594 0.038574
0 1.339844 0.434814 0.023438 0.010254
0 0.604492 0.434082 0.019532 0.014648
0 0.520508 0.434326 0.033204 0.019043
0 0.111328 0.431885 0.052734 0.041504
0 1.478028 0.409668 0.016602 0.011719
0 1.682128 0.408936 0.018554 0.014160
0 0.409180 0.399414 0.042968 0.029297
0 1.239746 0.382812 0.016602 0.007812
0 0.676758 0.382812 0.021484 0.009766
0 0.293946 0.385742 0.044922 0.024414
0 0.514648 0.369873 0.027344 0.016113
0 0.215820 0.375244 0.046876 0.038574
0 1.300292 0.359863 0.016602 0.008789
0 0.605468 0.352783 0.019532 0.010254
0 1.329590 0.352783 0.022460 0.011230
0 1.485840 0.343750 0.028320 0.017578
0 0.386230 0.346680 0.030274 0.024414
0 0.117676 0.348633 0.098632 0.033203
0 0.533204 0.324463 0.019532 0.010254
0 0.449708 0.304199 0.026368 0.013672
0 0.286132 0.323975 0.080078 0.067871
0 0.185058 0.288818 0.045898 0.027832
0 0.373536 0.292480 0.061524 0.036133
0 0.371094 0.281738 0.029296 0.018555
