0 1.183106 0.786377 0.077148 0.017090
0 1.153320 0.738525 0.037110 0.009277
0 1.142090 0.629395 0.014648 0.006836
0 1.308594 0.629883 0.027344 0.014648
0 0.920410 0.435303 0.012696 0.006348
0 0.799316 0.413574 0.018554 0.009766
0 0.727540 0.402832 0.017578 0.009766
0 1.230958 0.402344 0.030274 0.011719
0 1.197754 0.390381 0.030274 0.012207
0 1.339844 0.364990 0.023438 0.012207
0 1.541504 0.364502 0.020508 0.012207
0 1.061524 0.359619 0.023438 0.009277
0 0.616700 0.360107 0.022460 0.011230
0 1.098632 0.341064 0.019532 0.007324
0 1.171876 0.341309 0.031250 0.014648
0 0.542480 0.338135 0.018554 0.010254
0 1.344238 0.300049 0.022460 0.010254
0 1.191406 0.296387 0.015624 0.006836
0 0.254882 0.295410 0.033204 0.026367
0 0.400878 0.277832 0.024414 0.012695
0 0.319824 0.255859 0.028320 0.016602
0 0.167968 0.260498 0.056640 0.031738
0 0.227050 0.248047 0.034180 0.021484
