0 0.626464 0.771729 0.032226 0.012207
0 0.545410 0.681152 0.055664 0.042969
0 0.059570 0.625977 0.076172 0.055664
0 0.145020 0.605469 0.059570 0.037109
0 0.270996 0.590088 0.059570 0.043457
0 1.343262 0.576172 0.020508 0.016602
0 0.618164 0.541260 0.023438 0.011230
0 0.144042 0.534180 0.030274 0.029297
0 0.329590 0.528076 0.061524 0.038574
0 0.501464 0.449707 0.038086 0.024414
0 0.219238 0.447510 0.063476 0.034668
0 0.020996 0.429199 0.026368 0.031250
0 0.766114 0.403564 0.018554 0.010254
0 0.532714 0.394287 0.059570 0.045410
0 0.675782 0.361572 0.011718 0.006348
0 0.196290 0.350830 0.056640 0.043457
0 0.724610 0.328125 0.025390 0.010742
0 0.269042 0.320557 0.018554 0.015137
0 0.410644 0.338867 0.047852 0.041016
0 0.583496 0.282227 0.022460 0.010742
0 0.451172 0.283447 0.029296 0.017090
0 0.322754 0.287354 0.040040 0.040527
0 0.197754 0.283691 0.059570 0.034180
0 0.518554 0.250732 0.011718 0.006348
0 0.288574 0.241211 0.028320 0.015625
0 0.442872 0.219971 0.030274 0.012207
0 0.365234 0.195312 0.011718 0.006836
0 0.337402 0.201416 0.036132 0.020996
0 0.305176 0.186035 0.049804 0.036133
0 0.841308 0.357666 0.022460 0.009277
0 0.291992 0.172852 0.019532 0.009766
