0 0.664062 0.891602 0.041016 0.011719
0 0.572266 0.803467 0.050782 0.047363
0 0.184570 0.739502 0.037110 0.026855
0 0.306640 0.717285 0.072266 0.041016
0 1.201660 0.700684 0.022460 0.007812
0 1.378418 0.697510 0.026368 0.013184
0 0.366210 0.655762 0.060546 0.032227
0 0.072266 0.589355 0.062500 0.026367
0 0.531250 0.577393 0.035156 0.022949
0 0.255860 0.568604 0.054688 0.038574
0 1.401368 0.532227 0.015624 0.014648
0 0.557618 0.524414 0.039062 0.024414
0 1.773438 0.518066 0.023438 0.031250
0 0.421876 0.500732 0.027344 0.022949
0 1.304200 0.475098 0.026368 0.009766
0 1.279296 0.465576 0.017578 0.009277
0 0.320312 0.458740 0.019532 0.016113
0 0.231446 0.472900 0.046876 0.045410
0 0.456054 0.450195 0.029296 0.025391
0 1.414550 0.439209 0.016602 0.012207
0 1.612792 0.437500 0.014648 0.010742
0 1.665528 0.439453 0.040040 0.026367
0 0.040040 0.449219 0.076172 0.076172
0 0.360840 0.404785 0.041992 0.028320
0 1.233398 0.389160 0.011718 0.006836
0 1.959960 0.401611 0.033204 0.037598
0 0.156738 0.395752 0.038086 0.031738
0 0.232422 0.396729 0.048828 0.034668
0 0.208984 0.356934 0.037110 0.032227
0 0.089844 0.359863 0.046876 0.040039
0 1.888672 0.273438 0.019532 0.016602
