0 1.082520 0.955566 0.073242 0.016602
0 0.878418 0.908447 0.071290 0.011230
0 0.863770 0.822510 0.028320 0.008301
0 1.463868 0.796387 0.046876 0.019531
0 0.562012 0.744141 0.030274 0.014648
0 0.553710 0.668213 0.082032 0.042480
0 0.047364 0.609375 0.067382 0.057617
0 0.125976 0.587402 0.035156 0.048828
0 0.250000 0.574219 0.056640 0.042969
0 1.329590 0.552246 0.022460 0.014648
0 0.597656 0.524658 0.017578 0.013184
0 0.117188 0.519531 0.044922 0.025391
0 0.314454 0.514893 0.052734 0.033691
0 1.936036 0.450195 0.040040 0.032227
0 0.033692 0.436768 0.016602 0.021973
0 0.485840 0.434814 0.040040 0.030762
0 1.953124 0.393555 0.019532 0.022461
0 0.492188 0.390869 0.062500 0.025879
0 0.210450 0.411377 0.059570 0.068848
0 0.621582 0.384033 0.026368 0.014160
0 0.842774 0.347656 0.017578 0.008789
0 0.655762 0.349121 0.028320 0.014648
0 0.180176 0.334717 0.061524 0.038574
0 0.707032 0.309570 0.027344 0.011719
0 0.403320 0.308594 0.039062 0.024414
0 0.644042 0.285400 0.014648 0.008301
0 0.297852 0.273682 0.046876 0.025879
0 0.567382 0.263184 0.019532 0.010742
0 0.172852 0.263184 0.074218 0.055664
0 0.500976 0.231445 0.027344 0.014648
0 0.282714 0.219482 0.034180 0.023926
0 0.428710 0.200439 0.017578 0.010254
0 0.351074 0.177490 0.020508 0.010254
0 0.246094 0.174316 0.037110 0.021484
