0 1.080078 0.974121 0.064454 0.017578
0 0.871582 0.916748 0.040040 0.010254
0 0.894042 0.831055 0.040040 0.011719
0 1.492676 0.818359 0.051758 0.021484
0 0.569824 0.748535 0.030274 0.013672
0 0.566894 0.671631 0.077148 0.040527
0 0.055176 0.611572 0.077148 0.049316
0 0.140136 0.591797 0.034180 0.039062
0 1.342774 0.571289 0.025390 0.014648
0 0.272950 0.578857 0.067382 0.042480
0 0.616210 0.530762 0.023438 0.011719
0 0.138672 0.520752 0.062500 0.026855
0 0.329102 0.517334 0.060546 0.031738
0 1.966796 0.490479 0.015624 0.015137
0 0.507324 0.446045 0.043946 0.019043
0 0.079102 0.437012 0.015624 0.017578
0 0.231934 0.431152 0.059570 0.033203
0 0.635742 0.391113 0.023438 0.015625
0 0.504882 0.392578 0.085938 0.025391
0 0.908204 0.379150 0.023438 0.008301
0 0.394042 0.360352 0.014648 0.009766
0 0.566894 0.356689 0.014648 0.009277
0 0.843262 0.351807 0.024414 0.009277
0 0.650878 0.349609 0.022460 0.011719
0 0.200196 0.334717 0.068360 0.037598
0 0.425782 0.317871 0.042968 0.020508
0 0.318848 0.291260 0.051758 0.039551
0 0.217774 0.259277 0.054688 0.028320
0 0.302246 0.231445 0.010742 0.004883
0 0.165040 0.240967 0.105468 0.062012
0 0.222168 0.194824 0.040040 0.023438
0 0.292968 0.166260 0.011718 0.005371
0 0.254394 0.187500 0.040040 0.018555
