0 0.570800 0.762451 0.014648 0.009277
0 0.151856 0.699951 0.032226 0.022949
0 1.185058 0.671875 0.028320 0.010742
0 1.354004 0.671631 0.030274 0.015137
0 0.280762 0.681152 0.063476 0.041992
0 0.623536 0.634277 0.022460 0.014648
0 0.341308 0.618652 0.057618 0.035156
0 0.421876 0.550781 0.027344 0.024414
0 0.509278 0.544678 0.038086 0.025879
0 0.061036 0.536865 0.032226 0.028809
0 0.240234 0.534668 0.050782 0.036133
0 0.377930 0.520508 0.017578 0.015625
0 0.532714 0.496826 0.041992 0.026855
0 0.357910 0.492188 0.014648 0.017578
0 0.403808 0.464600 0.026368 0.019043
0 1.286132 0.452148 0.027344 0.012695
0 1.252930 0.438721 0.021484 0.009277
0 0.210450 0.440186 0.055664 0.042480
0 0.068848 0.428711 0.026368 0.022461
0 1.934082 0.419678 0.012696 0.006348
0 1.598632 0.421875 0.017578 0.018555
0 1.397950 0.417236 0.020508 0.015137
0 0.569336 0.425049 0.035156 0.031738
0 0.433106 0.419678 0.034180 0.022949
0 0.488770 0.404541 0.020508 0.019043
0 1.160644 0.395752 0.022460 0.009277
0 0.037110 0.400879 0.046876 0.052734
0 0.333008 0.378906 0.037110 0.032227
0 1.225098 0.365479 0.022460 0.011230
0 0.135742 0.354736 0.066406 0.039551
0 0.316406 0.327881 0.031250 0.025879
0 0.361328 0.319092 0.037110 0.023926
0 0.083984 0.326660 0.048828 0.041016
0 0.205078 0.319580 0.044922 0.030762
0 0.305176 0.279785 0.016602 0.012695
0 0.237304 0.283447 0.048828 0.035645
0 0.128418 0.263184 0.043946 0.040039
0 1.786622 0.250488 0.026368 0.017578
0 1.538086 0.192383 0.054688 0.023438
0 1.160644 0.386963 0.022460 0.008301
