0 0.967774 0.989502 0.060546 0.008301
0 1.206542 0.895508 0.088868 0.023438
0 0.715332 0.841064 0.041992 0.013184
0 0.670410 0.767090 0.090820 0.057617
0 0.166504 0.714111 0.067382 0.033691
0 0.254394 0.700439 0.032226 0.023926
0 0.379394 0.678467 0.067382 0.032715
0 0.076172 0.641357 0.072266 0.043457
0 0.719726 0.618408 0.021484 0.010254
0 0.431152 0.613770 0.055664 0.028320
0 0.128418 0.540527 0.061524 0.025391
0 0.588868 0.535645 0.044922 0.020508
0 0.314942 0.530273 0.067382 0.040039
0 0.607422 0.485107 0.044922 0.020020
0 0.477050 0.460449 0.026368 0.018555
0 0.802734 0.448486 0.011718 0.006348
0 0.681152 0.446289 0.024414 0.013672
0 0.271484 0.435791 0.066406 0.037598
0 1.200684 0.419678 0.018554 0.008301
0 0.599122 0.414307 0.022460 0.015137
0 1.350586 0.409180 0.029296 0.012695
0 0.501464 0.411621 0.030274 0.022461
0 0.799804 0.403320 0.019532 0.009766
0 1.313476 0.397949 0.021484 0.011719
0 0.096192 0.414551 0.061524 0.046875
0 0.734376 0.380371 0.023438 0.011719
0 1.177734 0.371826 0.023438 0.010254
0 0.392578 0.378418 0.044922 0.029297
0 1.451172 0.369873 0.021484 0.014160
0 0.556152 0.370605 0.030274 0.014648
0 1.654296 0.364502 0.017578 0.011230
0 0.656738 0.358643 0.022460 0.011230
0 0.200684 0.363037 0.030274 0.020996
0 1.214356 0.350586 0.020508 0.008789
0 0.279786 0.357666 0.049804 0.033691
0 0.585938 0.332520 0.021484 0.010742
0 1.271484 0.326660 0.013672 0.005859
0 0.363282 0.325439 0.031250 0.019043
0 0.135254 0.333008 0.049804 0.037109
0 0.247558 0.322266 0.041992 0.031250
0 1.344726 0.286377 0.029296 0.012207
0 0.276368 0.290771 0.048828 0.026855
0 0.330566 0.279541 0.028320 0.016113
0 0.163086 0.270508 0.041016 0.025391
0 0.344238 0.261719 0.018554 0.010742
0 1.343750 0.266602 0.015624 0.006836
