0 0.945800 0.965820 0.077148 0.017578
0 0.867188 0.947021 0.099610 0.013184
0 1.205566 0.782227 0.061524 0.016602
0 1.273926 0.591309 0.022460 0.012695
0 1.030274 0.373047 0.017578 0.006836
0 1.181640 0.364746 0.035156 0.010742
0 1.152832 0.354980 0.020508 0.008789
0 1.036132 0.340820 0.029296 0.008789
0 1.289062 0.326172 0.023438 0.009766
0 1.008790 0.324463 0.027344 0.010254
0 1.486328 0.321045 0.019532 0.012207
0 1.042968 0.305664 0.015624 0.006836
0 1.104004 0.281982 0.014648 0.006348
0 1.286132 0.261230 0.019532 0.007812
0 1.370606 0.039795 0.045898 0.013184
0 1.130372 0.260742 0.024414 0.007812
