0 0.768554 0.875732 0.037110 0.011230
0 0.657714 0.788086 0.051758 0.046875
0 0.166016 0.739746 0.058594 0.037109
0 0.257324 0.727295 0.036132 0.027832
0 0.384766 0.703613 0.070312 0.038086
0 1.421876 0.685059 0.029296 0.016602
0 0.722168 0.649414 0.016602 0.008789
0 0.079102 0.660400 0.078124 0.048340
0 0.437988 0.642578 0.057618 0.028320
0 0.120606 0.580322 0.018554 0.011230
0 0.595704 0.561035 0.044922 0.017578
0 0.319336 0.557373 0.054688 0.033691
0 1.354492 0.521973 0.015624 0.009766
0 0.621094 0.505371 0.050782 0.022461
0 1.841796 0.483643 0.017578 0.018066
0 0.482910 0.484863 0.024414 0.020508
0 0.436036 0.465820 0.014648 0.012695
0 1.371094 0.458740 0.023438 0.011230
0 0.067872 0.450684 0.016602 0.014648
0 1.768554 0.457275 0.023438 0.031738
0 1.333008 0.442871 0.021484 0.010742
0 0.289062 0.457520 0.046876 0.043945
0 0.377442 0.437988 0.020508 0.018555
0 0.519532 0.430664 0.035156 0.021484
0 1.477540 0.420898 0.011718 0.004883
0 0.105468 0.424561 0.050782 0.044434
0 1.237792 0.391846 0.020508 0.011230
0 0.672364 0.385010 0.010742 0.005371
0 0.421386 0.387451 0.041992 0.025879
0 1.304688 0.370361 0.019532 0.009277
0 0.294922 0.379639 0.044922 0.028809
0 0.213868 0.374512 0.042968 0.037109
0 0.486816 0.364258 0.028320 0.017578
0 0.605958 0.353760 0.020508 0.011230
0 0.383300 0.348145 0.022460 0.019531
0 0.477050 0.329834 0.022460 0.014160
0 0.165528 0.344971 0.084960 0.047363
0 0.534668 0.323730 0.016602 0.008789
0 0.286622 0.324219 0.077148 0.062500
0 0.391602 0.298584 0.025390 0.016113
0 0.189454 0.295166 0.046876 0.028809
0 1.486816 0.354248 0.022460 0.014160
