0 0.630860 0.888916 0.035156 0.009277
0 0.545898 0.753906 0.027344 0.011719
0 0.482422 0.661621 0.062500 0.044922
0 0.083008 0.593262 0.037110 0.050781
0 1.272460 0.560791 0.019532 0.013184
0 0.204590 0.590576 0.057618 0.073730
0 0.548828 0.530029 0.015624 0.015137
0 0.069336 0.530273 0.046876 0.029297
0 0.264160 0.516846 0.055664 0.061035
0 1.889648 0.474365 0.033204 0.032715
0 0.433594 0.447754 0.033204 0.038086
0 0.151368 0.437500 0.054688 0.038086
0 1.907714 0.414551 0.018554 0.016602
0 0.601074 0.395020 0.022460 0.011719
0 0.452636 0.391602 0.041992 0.024414
0 0.964844 0.369629 0.015624 0.005859
0 1.044434 0.338623 0.024414 0.008301
0 0.942382 0.321045 0.013672 0.006348
0 1.180176 0.327881 0.059570 0.021973
0 0.124512 0.337891 0.061524 0.057617
0 0.340332 0.316406 0.038086 0.035156
0 1.508300 0.297852 0.018554 0.012695
0 0.198242 0.294189 0.031250 0.022949
0 0.395508 0.285156 0.037110 0.018555
0 1.063476 0.270996 0.037110 0.009766
0 0.252442 0.272949 0.041992 0.035156
0 0.128418 0.264648 0.040040 0.029297
0 1.125488 0.250977 0.032226 0.008789
0 1.684082 0.239746 0.016602 0.009766
0 1.156738 0.230225 0.012696 0.006348
0 0.215820 0.233154 0.042968 0.027832
0 1.644532 0.151123 0.068360 0.029785
0 1.028808 0.290771 0.028320 0.009277
0 0.940430 0.331543 0.013672 0.005859
