0 1.200684 0.916504 0.073242 0.016602
0 0.683594 0.845947 0.054688 0.016113
0 0.649414 0.772217 0.093750 0.056152
0 0.156738 0.706787 0.073242 0.041504
0 0.240234 0.693604 0.037110 0.026855
0 0.367188 0.672852 0.058594 0.037109
0 0.712402 0.624756 0.020508 0.011230
0 0.071778 0.626221 0.073242 0.053223
0 0.430664 0.613525 0.066406 0.030762
0 0.596192 0.537598 0.040040 0.022461
0 0.143066 0.532227 0.047852 0.028320
0 0.327148 0.528320 0.062500 0.032227
0 0.359864 0.509766 0.014648 0.022461
0 0.622070 0.489502 0.048828 0.021973
0 0.491210 0.458252 0.025390 0.020996
0 0.776368 0.450684 0.023438 0.008789
0 1.223632 0.443359 0.015624 0.008789
0 0.688476 0.445068 0.021484 0.014160
0 1.374024 0.440186 0.031250 0.013184
0 1.341796 0.427246 0.027344 0.014648
0 0.618652 0.417236 0.014648 0.012207
0 0.073242 0.413330 0.027344 0.018066
0 0.293946 0.427490 0.060546 0.049316
0 1.683594 0.406738 0.015624 0.010742
0 0.525390 0.410645 0.035156 0.018555
0 1.480468 0.403564 0.015624 0.009277
0 1.208496 0.394531 0.016602 0.007812
0 0.766114 0.385986 0.020508 0.009277
0 1.246094 0.376465 0.017578 0.008789
0 0.117188 0.392578 0.050782 0.049805
0 0.416992 0.372803 0.041016 0.023926
0 0.690430 0.361572 0.015624 0.008301
0 1.307128 0.353516 0.018554 0.010742
0 0.309570 0.358154 0.044922 0.023926
0 0.559570 0.351562 0.035156 0.017578
0 0.227050 0.349121 0.038086 0.032227
0 1.492188 0.338623 0.021484 0.012207
0 1.356934 0.333740 0.024414 0.011230
0 0.410156 0.315186 0.033204 0.022949
0 0.161132 0.320801 0.054688 0.044922
0 0.288086 0.310303 0.056640 0.043457
0 0.480958 0.272949 0.024414 0.012695
0 0.327148 0.273438 0.046876 0.027344
0 0.387208 0.267822 0.038086 0.018066
0 0.215820 0.250977 0.048828 0.030273
