0 0.953614 0.968262 0.094726 0.016602
0 0.874512 0.949219 0.081054 0.017578
0 1.209960 0.782227 0.041016 0.016602
0 1.279786 0.595947 0.024414 0.013184
0 0.934570 0.371094 0.011718 0.005859
0 0.843750 0.370605 0.017578 0.007812
0 1.191406 0.370605 0.031250 0.010742
0 1.160156 0.359863 0.033204 0.012695
0 1.063476 0.339355 0.023438 0.008789
0 1.299804 0.332520 0.023438 0.011719
0 1.020508 0.330078 0.023438 0.007812
0 1.499512 0.329834 0.024414 0.014160
0 1.056152 0.310303 0.026368 0.007324
0 1.119628 0.287109 0.012696 0.005859
0 1.300292 0.267822 0.030274 0.011230
0 1.388184 0.051025 0.043946 0.013184
0 1.191406 0.226807 0.023438 0.007324
0 0.760742 0.385498 0.023438 0.011230
