0 0.603516 0.894043 0.039062 0.012695
0 0.508790 0.753906 0.046876 0.020508
0 0.488770 0.683594 0.049804 0.030273
0 0.079590 0.621338 0.055664 0.072754
0 0.199218 0.608154 0.068360 0.067871
0 1.256348 0.572754 0.020508 0.011719
0 0.057618 0.555908 0.027344 0.019043
0 0.537598 0.549072 0.018554 0.015137
0 0.255372 0.544922 0.045898 0.031250
0 1.885254 0.489746 0.012696 0.008789
0 1.025878 0.349121 0.024414 0.006836
0 0.828614 0.343994 0.024414 0.010254
0 1.162110 0.337891 0.068360 0.022461
0 1.288086 0.306152 0.025390 0.010742
0 1.003906 0.302246 0.015624 0.008789
0 1.293458 0.242188 0.010742 0.004883
0 1.135742 0.240234 0.015624 0.006836
0 1.663574 0.233398 0.030274 0.016602
0 1.596192 0.149414 0.067382 0.027344
0 0.920410 0.344482 0.018554 0.006348
