0 1.077148 0.975586 0.074218 0.018555
0 0.870118 0.917236 0.037110 0.009277
0 0.888672 0.831787 0.046876 0.011230
0 1.497070 0.820068 0.048828 0.019043
0 0.570312 0.750244 0.023438 0.011230
0 0.563964 0.672852 0.077148 0.041016
0 0.057618 0.611328 0.078124 0.048828
0 0.140624 0.595215 0.035156 0.030273
0 1.343262 0.572510 0.026368 0.014160
0 0.267578 0.577393 0.054688 0.044434
0 0.618164 0.531982 0.021484 0.013184
0 0.143066 0.522705 0.057618 0.024902
0 0.328614 0.513428 0.063476 0.040527
0 0.505372 0.446045 0.034180 0.019043
0 0.083984 0.438721 0.017578 0.021973
0 0.231446 0.433838 0.060546 0.031738
0 0.508790 0.393555 0.080078 0.024414
0 0.639648 0.389648 0.025390 0.016602
0 0.908692 0.381104 0.028320 0.008301
0 0.393066 0.364746 0.018554 0.014648
0 0.570800 0.354004 0.014648 0.009766
0 0.846680 0.352539 0.015624 0.008789
0 0.654786 0.347168 0.022460 0.011719
0 0.198730 0.336914 0.071290 0.041016
0 0.432618 0.319092 0.039062 0.030762
0 0.326660 0.284668 0.047852 0.035156
0 0.219726 0.260254 0.064454 0.041016
0 0.310058 0.226318 0.010742 0.005371
0 0.172364 0.237549 0.108398 0.066895
0 0.229980 0.190186 0.038086 0.022949
0 0.302734 0.161133 0.011718 0.005859
0 0.262208 0.182373 0.036132 0.018066
