0 1.026856 0.945068 0.069336 0.017090
0 0.872070 0.919189 0.070312 0.014160
0 0.724610 0.829346 0.058594 0.014160
0 0.516114 0.760010 0.022460 0.012207
0 0.514648 0.687256 0.095704 0.057129
0 0.192382 0.599854 0.062500 0.048340
0 1.274414 0.553467 0.021484 0.013184
0 0.051758 0.549072 0.021484 0.017090
0 0.541504 0.540283 0.018554 0.014160
0 0.251464 0.534180 0.063476 0.035156
0 1.885742 0.480469 0.015624 0.017578
0 0.416504 0.455322 0.041992 0.023926
0 0.145996 0.447266 0.057618 0.041992
0 1.899902 0.420410 0.016602 0.020508
0 0.413086 0.403809 0.089844 0.026367
0 0.940430 0.349609 0.029296 0.011719
0 1.031738 0.341797 0.024414 0.007812
0 0.105958 0.355713 0.063476 0.036621
0 0.837402 0.334229 0.012696 0.006348
0 1.167968 0.330811 0.070312 0.024902
0 1.293458 0.299316 0.026368 0.011719
0 1.011230 0.293457 0.020508 0.007812
0 1.046876 0.274902 0.029296 0.009766
0 1.648926 0.262939 0.026368 0.016113
0 1.110840 0.253662 0.014648 0.006348
0 1.295410 0.233398 0.030274 0.010742
0 1.667968 0.199219 0.046876 0.024414
0 1.333008 0.091309 0.023438 0.007812
0 1.417480 0.083496 0.041992 0.013672
0 0.294922 0.379395 0.019532 0.015625
0 0.075684 0.615479 0.041992 0.044434
