0 0.716308 0.902100 0.036132 0.009277
0 0.620118 0.768311 0.033204 0.014160
0 0.545410 0.679932 0.051758 0.042480
0 0.060058 0.630371 0.059570 0.037109
0 0.143554 0.602295 0.054688 0.039551
0 1.342286 0.569092 0.022460 0.017090
0 0.268066 0.582764 0.069336 0.054199
0 0.610352 0.537842 0.023438 0.014160
0 0.139648 0.533203 0.041016 0.026367
0 0.322266 0.528320 0.064454 0.032227
0 0.494628 0.447510 0.040040 0.024902
0 0.212402 0.440186 0.063476 0.044434
0 0.744628 0.401123 0.012696 0.006348
0 0.525878 0.391357 0.059570 0.047363
0 0.852050 0.364014 0.022460 0.007324
0 0.258300 0.319092 0.018554 0.012207
0 0.407226 0.330811 0.048828 0.043457
0 0.198242 0.336182 0.072266 0.072754
0 0.446778 0.280762 0.032226 0.017578
0 0.199218 0.272217 0.052734 0.027832
0 0.329102 0.279785 0.083984 0.062500
0 0.282226 0.242676 0.039062 0.022461
0 0.120606 0.272705 0.096680 0.085449
0 0.217774 0.195312 0.060546 0.036133
0 0.296876 0.186035 0.060546 0.034180
0 0.833496 0.354736 0.026368 0.009277
