0 0.625000 0.771484 0.031250 0.011719
0 0.551270 0.682129 0.043946 0.043945
0 0.065430 0.627930 0.080078 0.048828
0 0.161622 0.610840 0.051758 0.041992
0 0.285156 0.595215 0.070312 0.040039
0 1.352540 0.580811 0.019532 0.016113
0 0.627442 0.546143 0.016602 0.012207
0 0.155762 0.538818 0.024414 0.020996
0 0.341796 0.530029 0.052734 0.038574
0 0.513672 0.453369 0.039062 0.020020
0 0.231446 0.447266 0.058594 0.034180
0 0.023926 0.433594 0.018554 0.022461
0 0.792480 0.406738 0.014648 0.008789
0 0.540528 0.403564 0.053710 0.028809
0 0.666016 0.363770 0.011718 0.006836
0 0.851074 0.362793 0.022460 0.009766
0 0.210450 0.352539 0.055664 0.049805
0 0.423828 0.340820 0.046876 0.037109
0 0.284180 0.321045 0.037110 0.029785
0 0.598144 0.285156 0.020508 0.009766
0 0.461426 0.285156 0.028320 0.016602
0 0.330566 0.294678 0.055664 0.050293
0 0.221192 0.284180 0.053710 0.041016
0 0.142578 0.269287 0.054688 0.041504
0 0.306640 0.245605 0.031250 0.015625
0 0.349122 0.203613 0.026368 0.014648
0 0.193360 0.235107 0.048828 0.038574
0 0.311524 0.197510 0.039062 0.020996
0 0.224122 0.201172 0.061524 0.028320
0 0.733886 0.333496 0.028320 0.012695
