0 1.205566 0.779785 0.065430 0.017578
0 1.194336 0.735107 0.037110 0.011230
0 1.289062 0.601318 0.025390 0.013184
0 0.825196 0.427246 0.023438 0.008789
0 1.199218 0.376221 0.031250 0.010254
0 1.164550 0.365234 0.032226 0.010742
0 1.081054 0.338867 0.027344 0.009766
0 1.304688 0.337158 0.021484 0.010254
0 1.021484 0.335449 0.023438 0.008789
0 1.503418 0.333008 0.016602 0.008789
0 1.059570 0.316162 0.029296 0.010254
0 1.121582 0.292725 0.022460 0.008301
0 1.377930 0.060791 0.044922 0.012207
0 0.764648 0.394043 0.019532 0.009766
