0 0.628418 0.904297 0.008790 0.005859
0 0.538086 0.821045 0.056640 0.048340
0 0.154296 0.759033 0.041016 0.024902
0 1.168458 0.716064 0.024414 0.008301
0 0.276368 0.734375 0.082032 0.045898
0 1.340820 0.711914 0.029296 0.014648
0 0.620606 0.683105 0.012696 0.006836
0 0.333496 0.674072 0.061524 0.029785
0 0.043946 0.607178 0.050782 0.027832
0 0.498536 0.594727 0.040040 0.024414
0 0.222656 0.589355 0.052734 0.040039
0 1.428222 0.539551 0.014648 0.010742
0 0.524902 0.542969 0.045898 0.028320
0 1.730468 0.542969 0.025390 0.030273
0 0.386230 0.520752 0.028320 0.020996
0 0.287110 0.478271 0.015624 0.018066
0 0.188476 0.487793 0.054688 0.051758
0 0.421386 0.468750 0.036132 0.026367
0 1.373046 0.452637 0.013672 0.010742
0 1.571778 0.451660 0.016602 0.015625
0 0.020508 0.460693 0.037110 0.053223
0 1.907226 0.441406 0.017578 0.015625
0 1.590820 0.436768 0.027344 0.021973
0 1.934570 0.425537 0.033204 0.032715
0 1.382324 0.388428 0.010742 0.006348
0 1.848144 0.287842 0.024414 0.020020
