0 0.634766 0.776367 0.029296 0.012695
0 0.560058 0.686279 0.043946 0.040527
0 0.067872 0.629883 0.083008 0.048828
0 0.164062 0.610840 0.050782 0.041992
0 1.184570 0.585205 0.019532 0.009277
0 1.359376 0.585449 0.023438 0.014648
0 0.284668 0.593506 0.055664 0.042480
0 0.634278 0.547363 0.022460 0.012695
0 0.168458 0.539307 0.020508 0.021973
0 0.340332 0.533203 0.063476 0.032227
0 0.520996 0.455566 0.038086 0.025391
0 0.236816 0.450684 0.063476 0.031250
0 0.031738 0.434814 0.016602 0.022949
0 0.812012 0.409912 0.010742 0.006348
0 0.541992 0.408691 0.048828 0.035156
0 0.395508 0.383057 0.025390 0.023926
0 0.859864 0.366455 0.024414 0.008301
0 0.285156 0.332031 0.033204 0.027344
0 0.220214 0.351807 0.061524 0.053223
0 0.439454 0.338623 0.066406 0.055176
0 0.229492 0.292725 0.037110 0.017090
0 0.466796 0.285889 0.033204 0.019043
0 0.353516 0.290039 0.082032 0.066406
0 0.309570 0.248779 0.031250 0.020996
0 0.168458 0.250000 0.049804 0.026367
0 0.461426 0.226318 0.040040 0.015137
0 0.228028 0.211670 0.065430 0.043457
0 0.326660 0.191650 0.051758 0.036621
0 0.295410 0.181885 0.041992 0.023926
