0 0.775878 0.945801 0.081054 0.017578
0 0.720214 0.819092 0.049804 0.013184
0 0.628418 0.725830 0.057618 0.052246
0 0.117188 0.684082 0.070312 0.051758
0 0.214356 0.663818 0.047852 0.039551
0 0.343262 0.643555 0.065430 0.038086
0 1.243652 0.612549 0.016602 0.009277
0 0.686524 0.589111 0.023438 0.012207
0 0.042968 0.607666 0.058594 0.069824
0 0.401368 0.582275 0.058594 0.029785
0 0.566406 0.500244 0.041016 0.021973
0 0.281250 0.499268 0.066406 0.034668
0 0.581054 0.448975 0.042968 0.023926
0 0.573730 0.404541 0.022460 0.011230
0 0.253418 0.405273 0.053710 0.040039
0 0.777344 0.374756 0.017578 0.008301
0 0.479492 0.378906 0.031250 0.024414
0 0.331542 0.378418 0.022460 0.023438
0 0.709472 0.351318 0.020508 0.010254
0 0.380372 0.333984 0.043946 0.031250
0 0.255860 0.328125 0.027344 0.022461
0 0.475586 0.323730 0.037110 0.023438
0 0.175292 0.321777 0.063476 0.035156
0 0.105468 0.294434 0.056640 0.044922
0 0.343750 0.293701 0.041016 0.029785
0 0.225098 0.289551 0.024414 0.023438
0 0.368652 0.270020 0.012696 0.005859
0 0.493652 0.270264 0.016602 0.008301
0 0.384766 0.257568 0.021484 0.012207
0 0.333008 0.255615 0.042968 0.025879
0 0.247070 0.256836 0.058594 0.030273
0 0.148438 0.241699 0.035156 0.026367
