0 0.459960 0.820801 0.056640 0.045898
0 1.098144 0.736572 0.024414 0.008301
0 1.276368 0.737061 0.029296 0.010254
0 0.202636 0.723877 0.065430 0.046387
0 0.558106 0.686279 0.018554 0.011230
0 0.272460 0.669434 0.060546 0.034180
0 0.447754 0.594971 0.040040 0.024902
0 1.684570 0.589111 0.023438 0.021973
0 0.178710 0.582764 0.044922 0.039551
0 1.440918 0.562256 0.016602 0.012207
0 0.130372 0.548340 0.012696 0.014648
0 0.481934 0.541992 0.041992 0.026367
0 0.345704 0.515381 0.029296 0.022949
0 0.170410 0.496826 0.010742 0.005371
0 1.879882 0.486816 0.011718 0.007812
0 1.542480 0.483887 0.016602 0.013672
0 1.342286 0.479004 0.012696 0.010742
0 1.914062 0.480713 0.031250 0.041504
0 1.538086 0.453857 0.029296 0.020020
0 1.358398 0.413086 0.013672 0.008789
0 1.970704 0.395752 0.027344 0.039551
0 1.834472 0.325439 0.016602 0.016113
0 1.890624 0.293213 0.031250 0.022949
0 1.834960 0.243408 0.023438 0.016113
