0 0.956054 0.963867 0.099610 0.016602
0 0.879882 0.946045 0.076172 0.024902
0 1.236816 0.780273 0.055664 0.018555
0 1.274902 0.584473 0.026368 0.013672
0 1.013184 0.369141 0.022460 0.007812
0 0.934082 0.364502 0.016602 0.006348
0 0.839844 0.363770 0.019532 0.006836
0 1.166016 0.358154 0.035156 0.011230
0 1.130860 0.348389 0.035156 0.012207
0 1.006348 0.342529 0.028320 0.011230
0 0.984376 0.322510 0.023438 0.009277
0 1.268066 0.316406 0.022460 0.009766
0 1.470704 0.310791 0.017578 0.009277
0 1.020020 0.301758 0.032226 0.009766
0 1.081542 0.276367 0.020508 0.007812
0 1.262696 0.252686 0.021484 0.007324
0 0.757324 0.377197 0.022460 0.010254
