0 0.456054 0.818359 0.056640 0.044922
0 1.273438 0.737793 0.029296 0.009766
0 1.095214 0.736816 0.024414 0.008789
0 0.199218 0.721436 0.064454 0.046387
0 0.555176 0.684814 0.018554 0.011230
0 0.270508 0.667236 0.060546 0.033691
0 0.447266 0.593262 0.041016 0.025391
0 1.684082 0.589111 0.020508 0.019043
0 0.176270 0.580078 0.047852 0.040039
0 1.443848 0.561768 0.016602 0.013184
0 0.129394 0.545654 0.012696 0.015137
0 0.481934 0.540039 0.041992 0.026367
0 0.345214 0.513672 0.028320 0.023438
0 0.170410 0.493896 0.010742 0.005371
0 1.537598 0.483154 0.012696 0.011230
0 1.875488 0.484131 0.014648 0.014160
0 1.339844 0.480225 0.013672 0.011230
0 1.910156 0.481445 0.029296 0.034180
0 1.532714 0.452393 0.024414 0.021973
0 1.352540 0.413086 0.017578 0.010742
0 1.968750 0.393311 0.027344 0.037598
0 1.829590 0.325439 0.022460 0.019043
0 1.888672 0.297363 0.037110 0.030273
0 1.828124 0.241943 0.027344 0.019043
