0 1.146484 0.651123 0.009766 0.006348
0 1.316406 0.652344 0.029296 0.012695
0 0.501464 0.475098 0.038086 0.026367
0 0.324218 0.464355 0.027344 0.010742
0 0.372070 0.446533 0.025390 0.020996
0 0.820800 0.432373 0.012696 0.006348
0 1.250488 0.423340 0.030274 0.013672
0 1.220704 0.413818 0.031250 0.012207
0 0.035156 0.409180 0.027344 0.018555
0 0.514648 0.407471 0.025390 0.018066
0 0.708984 0.403564 0.025390 0.012207
0 0.176758 0.418457 0.060546 0.048828
0 0.396484 0.402832 0.037110 0.022461
0 1.560546 0.390381 0.019532 0.014160
0 1.360840 0.389893 0.020508 0.012207
0 1.895996 0.385010 0.014648 0.013184
0 1.083984 0.380127 0.015624 0.007324
0 0.639648 0.376953 0.017578 0.009766
0 0.494140 0.378662 0.027344 0.017090
0 0.421386 0.377197 0.024414 0.016113
0 1.119628 0.362305 0.024414 0.010742
0 0.564942 0.355713 0.018554 0.012207
0 0.296386 0.358398 0.047852 0.034180
0 0.192872 0.347900 0.032226 0.024902
0 0.498536 0.324707 0.012696 0.005859
0 0.101562 0.340576 0.070312 0.040527
0 1.365722 0.322754 0.018554 0.008789
0 0.277832 0.312744 0.032226 0.020020
0 0.428710 0.293457 0.015624 0.009766
0 0.276368 0.286377 0.029296 0.018066
0 0.347656 0.268799 0.029296 0.017090
0 0.267578 0.266602 0.035156 0.021484
0 0.183106 0.287109 0.081054 0.073242
0 0.263672 0.249512 0.013672 0.009766
0 1.737304 0.238037 0.031250 0.019043
0 1.526368 0.176758 0.072266 0.031250
