0 0.976562 0.948730 0.082032 0.016602
0 0.813964 0.920166 0.092774 0.017090
0 0.668946 0.828369 0.066406 0.016113
0 0.486816 0.755127 0.030274 0.012207
0 0.484864 0.665527 0.081054 0.062500
0 1.261230 0.565186 0.024414 0.012207
0 0.180664 0.578613 0.058594 0.053711
0 0.530762 0.533691 0.026368 0.015625
0 0.038574 0.534180 0.018554 0.026367
0 0.244628 0.518799 0.057618 0.042480
0 1.888184 0.476562 0.028320 0.027344
0 1.037598 0.349121 0.024414 0.007812
0 0.959472 0.349609 0.038086 0.016602
0 0.840820 0.337646 0.023438 0.009277
0 1.159180 0.334961 0.039062 0.014648
0 1.303222 0.310791 0.024414 0.011230
0 1.020996 0.300293 0.026368 0.007812
0 1.060546 0.281738 0.031250 0.008789
0 1.659668 0.277100 0.016602 0.008301
0 1.123536 0.260010 0.028320 0.009277
0 1.353516 0.114258 0.039062 0.012695
0 1.459472 0.089844 0.038086 0.012695
0 1.190430 0.346436 0.035156 0.013184
0 0.931152 0.340332 0.020508 0.005859
0 0.057128 0.591553 0.040040 0.067871
