0 1.285156 0.628418 0.019532 0.008789
0 0.785644 0.412354 0.022460 0.011230
0 1.214844 0.401611 0.027344 0.010254
0 0.720704 0.402344 0.035156 0.012695
0 0.987304 0.393555 0.017578 0.005859
0 1.183594 0.390137 0.029296 0.011719
0 0.667480 0.381836 0.016602 0.008789
0 1.325196 0.364502 0.021484 0.011230
0 1.523438 0.364014 0.023438 0.016113
0 1.044434 0.359131 0.020508 0.009277
0 1.858886 0.355469 0.014648 0.009766
0 1.083008 0.339355 0.025390 0.008789
0 0.528808 0.335938 0.020508 0.011719
0 0.406738 0.333984 0.028320 0.013672
0 0.460450 0.306641 0.020508 0.009766
0 1.329102 0.300049 0.019532 0.009277
0 0.242188 0.294189 0.039062 0.029785
0 0.391114 0.274170 0.022460 0.013184
0 0.309082 0.250488 0.026368 0.014648
0 0.229980 0.230225 0.024414 0.014160
0 1.695312 0.229736 0.029296 0.016113
0 0.246094 0.241699 0.058594 0.040039
0 0.169922 0.251709 0.132812 0.103027
0 1.522460 0.165527 0.058594 0.023438
0 1.224610 0.258057 0.015624 0.007324
