0 0.951660 0.953125 0.047852 0.015625
0 0.829102 0.930176 0.070312 0.012695
0 0.658204 0.837646 0.017578 0.006348
0 0.513184 0.767578 0.030274 0.012695
0 1.261230 0.580811 0.026368 0.013184
0 1.900878 0.523682 0.024414 0.012207
0 1.027344 0.357910 0.021484 0.007812
0 0.831542 0.351807 0.018554 0.008301
0 0.987792 0.345215 0.028320 0.012695
0 1.166016 0.344971 0.060546 0.020996
0 1.285156 0.310547 0.025390 0.010742
0 1.005372 0.310059 0.032226 0.010742
0 1.483398 0.306885 0.023438 0.013184
0 1.040040 0.289551 0.023438 0.007812
0 1.105468 0.266602 0.019532 0.007812
0 1.807618 0.267578 0.019532 0.013672
0 1.129394 0.246582 0.018554 0.006836
0 1.293946 0.128662 0.048828 0.014160
0 1.435058 0.064697 0.016602 0.006348
