0 1.189454 0.785156 0.076172 0.017578
0 1.158204 0.737549 0.037110 0.009277
0 1.145020 0.628906 0.012696 0.005859
0 1.311036 0.628418 0.026368 0.014648
0 0.927734 0.435547 0.017578 0.006836
0 0.802734 0.413818 0.023438 0.011230
0 0.732910 0.402832 0.018554 0.009766
0 1.228516 0.401367 0.031250 0.011719
0 1.195800 0.389404 0.030274 0.012207
0 1.336914 0.363281 0.023438 0.012695
0 1.538574 0.361816 0.020508 0.012695
0 0.620606 0.359863 0.018554 0.008789
0 1.058106 0.359131 0.024414 0.009277
0 1.094238 0.340576 0.018554 0.007324
0 1.168458 0.340332 0.032226 0.014648
0 0.546876 0.339600 0.025390 0.013184
0 1.339844 0.298340 0.023438 0.010742
0 1.187012 0.295410 0.014648 0.006836
0 0.262208 0.292236 0.040040 0.029785
0 0.326660 0.252930 0.026368 0.014648
0 0.181152 0.254395 0.059570 0.037109
0 0.243164 0.239502 0.046876 0.032715
