0 0.702148 0.929688 0.029296 0.008789
0 1.273438 0.582764 0.023438 0.013184
0 0.771484 0.387451 0.015624 0.009277
0 0.836914 0.386475 0.019532 0.008301
0 0.750976 0.379639 0.021484 0.010254
0 1.034668 0.370361 0.020508 0.007324
0 0.927734 0.364258 0.015624 0.005859
0 0.835450 0.363770 0.022460 0.008789
0 1.185058 0.363770 0.032226 0.010742
0 1.153808 0.352539 0.034180 0.012695
0 1.498046 0.326660 0.019532 0.011719
0 1.294434 0.325928 0.020508 0.010254
0 1.013672 0.322266 0.025390 0.009766
0 1.050782 0.303223 0.033204 0.009766
0 1.110840 0.278564 0.022460 0.008301
0 1.299804 0.262695 0.019532 0.007812
0 1.666992 0.227783 0.035156 0.019043
0 1.554688 0.150391 0.066406 0.029297
0 0.926758 0.353516 0.017578 0.006836
