0 0.946290 0.943604 0.089844 0.017090
0 0.805176 0.906494 0.067382 0.014160
0 0.716796 0.818604 0.083984 0.020020
0 1.304688 0.795166 0.041016 0.013184
0 0.487792 0.733398 0.026368 0.013672
0 0.482910 0.657959 0.077148 0.049316
0 1.269532 0.563232 0.021484 0.012207
0 0.198730 0.560791 0.061524 0.042480
0 0.545898 0.515869 0.015624 0.015137
0 0.054688 0.511230 0.013672 0.016602
0 1.898926 0.489258 0.016602 0.026367
0 0.260254 0.500977 0.063476 0.049805
0 0.434082 0.437012 0.036132 0.033203
0 1.916504 0.427979 0.018554 0.018066
0 0.164550 0.420166 0.059570 0.034668
0 0.591308 0.386230 0.026368 0.014648
0 0.437500 0.381836 0.087890 0.026367
0 0.662598 0.366699 0.028320 0.011719
0 0.945312 0.349121 0.031250 0.010742
0 0.495118 0.341553 0.019532 0.012207
0 1.051270 0.337646 0.022460 0.008301
0 1.205566 0.333496 0.034180 0.011719
0 1.169922 0.321533 0.033204 0.014160
0 0.128906 0.323242 0.074218 0.039062
0 1.512696 0.299072 0.023438 0.014160
0 1.310058 0.297852 0.024414 0.011719
0 0.361328 0.302979 0.039062 0.026855
0 1.036622 0.289551 0.028320 0.009766
0 0.262696 0.267090 0.044922 0.028320
0 1.643554 0.247070 0.023438 0.012695
0 0.154786 0.245361 0.045898 0.038574
0 0.243164 0.215576 0.042968 0.026855
0 0.308594 0.173828 0.017578 0.008789
0 1.640624 0.177490 0.039062 0.019043
0 1.434082 0.089355 0.041992 0.014648
0 1.365722 0.083740 0.047852 0.014160
0 0.949708 0.329590 0.016602 0.006836
0 0.068360 0.576416 0.033204 0.037598
