0 1.143066 0.795166 0.043946 0.014160
0 1.106446 0.741455 0.027344 0.011230
0 1.139160 0.662354 0.018554 0.007324
0 1.310546 0.661377 0.031250 0.015137
0 0.286622 0.609375 0.010742 0.004883
0 0.468262 0.534912 0.040040 0.028809
0 0.739258 0.504395 0.019532 0.011719
0 0.196778 0.514648 0.063476 0.074219
0 0.488282 0.491943 0.042968 0.032715
0 0.354004 0.465332 0.028320 0.021484
0 0.991700 0.450195 0.014648 0.005859
0 1.198242 0.421387 0.019532 0.008789
0 0.161622 0.438965 0.055664 0.052734
0 0.685546 0.414062 0.015624 0.009766
0 0.390624 0.410889 0.035156 0.028809
0 1.543946 0.397949 0.013672 0.006836
0 1.343262 0.397705 0.020508 0.013184
0 0.621582 0.389648 0.022460 0.012695
0 1.877442 0.387451 0.014648 0.013184
0 1.099122 0.372803 0.022460 0.009277
0 0.278320 0.375732 0.041016 0.034668
0 1.231934 0.348877 0.028320 0.008301
0 1.165040 0.349609 0.021484 0.007812
0 0.174804 0.360352 0.025390 0.033203
0 0.091308 0.354248 0.045898 0.036621
0 1.351562 0.332275 0.015624 0.008301
0 1.196778 0.329590 0.012696 0.005859
0 0.259766 0.327148 0.029296 0.023438
0 1.243652 0.304443 0.028320 0.013184
0 0.246094 0.281738 0.035156 0.021484
0 0.163574 0.303467 0.079102 0.066895
0 1.817872 0.229980 0.016602 0.008789
0 1.401368 0.160400 0.035156 0.013184
0 1.530762 0.114014 0.041992 0.016113
