0 0.650390 0.866211 0.033204 0.011719
0 0.626464 0.778809 0.061524 0.041016
0 0.208984 0.710693 0.039062 0.024902
0 0.114258 0.719727 0.064454 0.044922
0 1.403320 0.680908 0.027344 0.012207
0 0.329102 0.688721 0.070312 0.043457
0 0.677734 0.644287 0.017578 0.010254
0 0.050292 0.648438 0.022460 0.025391
0 0.390624 0.629395 0.062500 0.030273
0 0.474610 0.564209 0.023438 0.020020
0 0.562012 0.555176 0.041992 0.022461
0 0.117188 0.545654 0.025390 0.018066
0 0.294434 0.542236 0.053710 0.037598
0 0.380860 0.529541 0.017578 0.015137
0 0.409180 0.508545 0.021484 0.020020
0 0.584960 0.504883 0.044922 0.023438
0 0.459472 0.473389 0.024414 0.020996
0 1.336914 0.454102 0.015624 0.009766
0 0.638184 0.450928 0.022460 0.014160
0 0.680664 0.449463 0.021484 0.013184
0 1.295410 0.441162 0.012696 0.008301
0 0.119628 0.437012 0.020508 0.020508
0 0.265624 0.444092 0.054688 0.042480
0 0.041504 0.431396 0.026368 0.029785
0 0.486816 0.426025 0.038086 0.022949
0 0.563964 0.421631 0.020508 0.016113
0 1.442872 0.416992 0.014648 0.010742
0 1.214844 0.398438 0.017578 0.010742
0 0.088868 0.412598 0.050782 0.044922
0 1.272460 0.383789 0.017578 0.009766
0 0.387696 0.386719 0.041016 0.027344
0 1.282714 0.377441 0.018554 0.010742
0 0.191406 0.364502 0.062500 0.038574
0 0.466308 0.348877 0.028320 0.017090
0 0.374024 0.334473 0.031250 0.023438
0 0.521484 0.318115 0.013672 0.007324
0 0.123046 0.332031 0.074218 0.041992
0 0.445800 0.292236 0.014648 0.010254
0 0.358398 0.287109 0.025390 0.016602
0 0.289550 0.299072 0.053710 0.045410
0 0.182128 0.270264 0.043946 0.028809
0 1.566894 0.193359 0.026368 0.013672
0 0.255860 0.326172 0.046876 0.035156
0 1.363770 0.319336 0.020508 0.011719
0 0.366210 0.268311 0.023438 0.014160
