0 0.881836 0.954346 0.017578 0.006348
0 1.057618 0.877197 0.072266 0.017090
0 0.642090 0.796143 0.038086 0.015137
0 0.634278 0.718750 0.053710 0.030273
0 0.116210 0.676514 0.091796 0.035645
0 0.210938 0.651611 0.037110 0.035645
0 0.341308 0.632812 0.061524 0.039062
0 1.240234 0.613037 0.019532 0.008301
0 0.685546 0.582520 0.019532 0.011719
0 0.039062 0.590576 0.058594 0.057129
0 0.398926 0.573486 0.061524 0.029785
0 0.559082 0.495850 0.047852 0.020020
0 0.234376 0.480957 0.011718 0.019531
0 0.292480 0.485596 0.055664 0.029785
0 0.565430 0.445557 0.082032 0.023926
0 0.852050 0.429199 0.018554 0.006836
0 0.680664 0.422363 0.023438 0.012695
0 0.456054 0.417480 0.029296 0.023438
0 0.608886 0.383789 0.020508 0.011719
0 0.255860 0.390625 0.066406 0.039062
0 0.786132 0.366943 0.015624 0.006348
0 0.614746 0.353516 0.028320 0.015625
0 0.495118 0.360596 0.054688 0.038574
0 0.080078 0.360596 0.074218 0.045410
0 0.379882 0.333740 0.042968 0.025879
0 0.261718 0.315918 0.044922 0.027344
0 0.180664 0.311035 0.056640 0.032227
0 0.124024 0.285400 0.039062 0.023926
0 0.353516 0.280029 0.033204 0.020020
0 0.422852 0.238525 0.023438 0.011230
0 0.260254 0.259766 0.083008 0.062500
0 0.316406 0.236084 0.029296 0.016113
0 0.342286 0.217773 0.020508 0.009766
