0 0.652344 0.786377 0.033204 0.013184
0 0.573730 0.695801 0.040040 0.042969
0 0.082032 0.635010 0.083984 0.045410
0 0.175782 0.617676 0.054688 0.043945
0 1.204590 0.596436 0.010742 0.006348
0 0.305176 0.600830 0.069336 0.043457
0 0.652344 0.556396 0.017578 0.012207
0 0.015136 0.559570 0.020508 0.037109
0 0.365722 0.540283 0.055664 0.033691
0 0.538086 0.464844 0.039062 0.018555
0 0.260742 0.453857 0.054688 0.037598
0 0.053222 0.442627 0.014648 0.018066
0 0.563476 0.414307 0.041016 0.026855
0 0.430176 0.391357 0.018554 0.013184
0 0.902344 0.383545 0.013672 0.006348
0 0.881348 0.375488 0.022460 0.007812
0 0.636230 0.372803 0.014648 0.008301
0 0.240722 0.357178 0.057618 0.047363
0 0.314942 0.333740 0.026368 0.020996
0 0.479980 0.330322 0.065430 0.048340
0 0.630372 0.296143 0.010742 0.006348
0 0.485352 0.289551 0.023438 0.013672
0 0.368652 0.296631 0.040040 0.032715
0 0.256348 0.289307 0.024414 0.019043
0 0.563476 0.265381 0.029296 0.015137
0 0.337890 0.253418 0.031250 0.020508
0 0.185546 0.264648 0.103516 0.062500
0 0.387696 0.214844 0.027344 0.015625
0 0.258300 0.211182 0.049804 0.022949
0 0.344238 0.205322 0.026368 0.013184
0 0.763672 0.345459 0.037110 0.017090
