0 1.226562 0.777588 0.037110 0.014160
0 1.211426 0.732666 0.032226 0.009277
0 1.296876 0.598389 0.021484 0.011230
0 0.837402 0.428955 0.022460 0.008301
0 1.046876 0.387207 0.011718 0.005859
0 0.695800 0.387939 0.020508 0.010254
0 1.201660 0.379395 0.028320 0.009766
0 1.166016 0.368408 0.033204 0.011230
0 1.306640 0.340332 0.025390 0.011719
0 1.088868 0.338379 0.031250 0.011719
0 1.507812 0.337891 0.021484 0.012695
0 1.061036 0.318359 0.028320 0.008789
0 1.307618 0.275391 0.023438 0.010742
0 1.151856 0.273193 0.026368 0.008301
0 1.378906 0.065918 0.044922 0.013672
0 0.645996 0.370361 0.022460 0.013184
