0 0.956542 0.945557 0.069336 0.015137
0 0.803222 0.911377 0.075196 0.014160
0 0.681152 0.817139 0.053710 0.010254
0 0.483886 0.740479 0.022460 0.013184
0 0.487792 0.668945 0.100586 0.058594
0 1.262208 0.564941 0.022460 0.012695
0 0.190918 0.570557 0.061524 0.041504
0 0.538086 0.521973 0.015624 0.014648
0 0.047364 0.517334 0.018554 0.024902
0 0.252930 0.508301 0.060546 0.040039
0 1.890136 0.481934 0.014648 0.027344
0 0.424316 0.437988 0.040040 0.021484
0 1.904296 0.425781 0.015624 0.016602
0 0.155274 0.420166 0.058594 0.045410
0 0.584472 0.391357 0.020508 0.015137
0 0.429200 0.385986 0.090820 0.025879
0 0.951172 0.349609 0.031250 0.012695
0 1.047852 0.340576 0.023438 0.009277
0 1.182618 0.331787 0.066406 0.022949
0 0.125976 0.331543 0.064454 0.034180
0 1.308594 0.302002 0.013672 0.006348
0 1.510742 0.305420 0.027344 0.015137
0 1.030274 0.293457 0.021484 0.007812
0 1.070800 0.273193 0.034180 0.009277
0 1.656738 0.262451 0.030274 0.020020
0 1.131348 0.253418 0.024414 0.007812
0 1.315918 0.236572 0.022460 0.008301
0 1.672364 0.197754 0.036132 0.018555
0 1.369628 0.094238 0.045898 0.014648
0 1.441406 0.091309 0.037110 0.011719
0 0.304200 0.359375 0.036132 0.019531
0 0.064454 0.582031 0.035156 0.043945
