0 0.557618 0.775391 0.031250 0.012695
0 0.485352 0.685303 0.060546 0.045410
0 0.072754 0.613525 0.057618 0.049316
0 0.200196 0.600098 0.066406 0.044922
0 1.255860 0.575439 0.021484 0.013184
0 1.911132 0.513672 0.011718 0.004883
0 1.032226 0.352051 0.023438 0.007812
0 1.188476 0.347656 0.033204 0.010742
0 0.834960 0.344238 0.023438 0.008789
0 1.152832 0.335693 0.038086 0.014160
0 1.499512 0.313721 0.010742 0.004395
0 1.295410 0.310547 0.026368 0.011719
0 1.294922 0.244385 0.011718 0.005371
0 1.670898 0.239014 0.033204 0.019043
0 1.601562 0.153320 0.054688 0.023438
