0 0.523438 0.762939 0.033204 0.016113
0 0.460938 0.673828 0.080078 0.041016
0 1.256836 0.575684 0.023438 0.014648
0 1.905274 0.508789 0.013672 0.013672
0 1.033204 0.353027 0.019532 0.006836
0 0.925292 0.345947 0.018554 0.007324
0 0.833496 0.344971 0.024414 0.008301
0 1.166992 0.341797 0.058594 0.021484
0 1.495606 0.311768 0.018554 0.009277
0 1.291504 0.310547 0.020508 0.008789
0 1.012696 0.304443 0.025390 0.008301
0 1.114746 0.263184 0.018554 0.006836
0 1.293946 0.245361 0.017578 0.007324
0 1.663574 0.232666 0.020508 0.010254
0 1.595704 0.152100 0.068360 0.030762
