0 1.077148 0.875732 0.064454 0.016113
0 0.660156 0.799561 0.029296 0.012207
0 0.635254 0.723389 0.079102 0.049316
0 0.105468 0.670166 0.078124 0.037598
0 0.209472 0.650391 0.036132 0.034180
0 0.335938 0.631592 0.062500 0.040527
0 1.233886 0.610352 0.018554 0.009766
0 0.681640 0.578857 0.017578 0.011230
0 0.038086 0.590332 0.052734 0.055664
0 0.398438 0.571045 0.056640 0.029785
0 0.561036 0.493408 0.034180 0.020996
0 0.215820 0.484619 0.041016 0.024902
0 0.283204 0.483154 0.041016 0.027832
0 0.572266 0.442139 0.064454 0.022949
0 0.679688 0.420166 0.019532 0.012207
0 0.452636 0.415283 0.028320 0.027832
0 0.607910 0.383789 0.022460 0.013672
0 0.253418 0.385254 0.069336 0.045898
0 0.781738 0.363281 0.018554 0.007812
0 0.484864 0.365479 0.040040 0.025879
0 0.624024 0.352539 0.035156 0.019531
0 0.082032 0.356934 0.068360 0.048828
0 0.381348 0.333984 0.047852 0.027344
0 0.252930 0.309570 0.062500 0.031250
0 0.351562 0.277344 0.031250 0.021484
0 0.124512 0.281006 0.040040 0.032715
0 0.197266 0.291748 0.107422 0.068848
0 0.272950 0.237793 0.055664 0.032227
0 0.317872 0.230225 0.053710 0.028809
