0 0.747070 0.953857 0.085938 0.018066
0 0.723144 0.829346 0.036132 0.011230
0 0.628906 0.739746 0.056640 0.046875
0 0.125000 0.685303 0.060546 0.046387
0 0.233886 0.670898 0.032226 0.028320
0 0.354980 0.646729 0.057618 0.043457
0 0.704590 0.598389 0.022460 0.011230
0 0.419922 0.588623 0.056640 0.030762
0 0.063964 0.597900 0.077148 0.052246
0 0.591796 0.508545 0.041016 0.019043
0 0.310058 0.503418 0.057618 0.032227
0 0.616210 0.457031 0.050782 0.025391
0 0.477540 0.436035 0.027344 0.018555
0 0.554688 0.412598 0.021484 0.014648
0 1.172364 0.385742 0.026368 0.010742
0 0.278808 0.402588 0.059570 0.047363
0 0.365234 0.382568 0.025390 0.019043
0 0.514160 0.378906 0.049804 0.036133
0 1.191406 0.363281 0.019532 0.008789
0 0.669922 0.337158 0.015624 0.007324
0 0.417968 0.336426 0.044922 0.031250
0 1.288574 0.322021 0.022460 0.009277
0 0.504882 0.323975 0.025390 0.014160
0 0.294434 0.327148 0.045898 0.029297
0 0.610840 0.312256 0.012696 0.006348
0 0.379882 0.299072 0.027344 0.018066
0 0.148438 0.290283 0.058594 0.034668
0 0.443360 0.260254 0.041016 0.027344
0 0.276856 0.279297 0.088868 0.066406
0 0.386230 0.251465 0.030274 0.018555
0 0.176270 0.247559 0.053710 0.036133
0 0.208008 0.322998 0.070312 0.042480
0 1.365234 0.262207 0.015624 0.008789
