0 0.970704 0.966553 0.078124 0.017090
0 0.891114 0.948486 0.100586 0.013184
0 1.220704 0.779541 0.060546 0.017090
0 1.278320 0.587891 0.023438 0.012695
0 0.777344 0.389893 0.017578 0.008301
0 1.040040 0.374512 0.021484 0.006836
0 1.194824 0.370117 0.030274 0.010742
0 0.842286 0.366943 0.016602 0.007324
0 0.935058 0.356689 0.014648 0.006348
0 1.159668 0.357422 0.024414 0.009766
0 1.054200 0.340332 0.026368 0.008789
0 1.303222 0.332764 0.024414 0.011230
0 1.503906 0.333740 0.025390 0.015137
0 1.020996 0.326660 0.020508 0.008789
0 1.059082 0.307861 0.012696 0.006348
0 1.122070 0.284912 0.017578 0.007324
0 1.307128 0.268555 0.022460 0.008789
0 1.153808 0.264160 0.022460 0.008789
0 1.408204 0.050293 0.042968 0.012695
0 0.758300 0.381104 0.022460 0.011230
