0 1.221192 0.932373 0.073242 0.027832
0 0.656738 0.864014 0.034180 0.010254
0 0.631348 0.776855 0.063476 0.040039
0 0.213378 0.706299 0.024414 0.018066
0 0.124024 0.715576 0.066406 0.041504
0 1.409668 0.682617 0.030274 0.014648
0 0.339356 0.684570 0.069336 0.047852
0 0.687012 0.641602 0.014648 0.008789
0 0.047852 0.638184 0.039062 0.043945
0 0.404296 0.625488 0.052734 0.029297
0 0.483398 0.561768 0.023438 0.020996
0 0.574218 0.551758 0.039062 0.023438
0 0.124512 0.541260 0.022460 0.020020
0 0.305176 0.536377 0.049804 0.035645
0 0.381836 0.524170 0.015624 0.014160
0 0.598144 0.501221 0.041992 0.022949
0 0.417968 0.500732 0.031250 0.027832
0 0.472168 0.469971 0.024414 0.020996
0 1.352540 0.458252 0.013672 0.010254
0 0.702636 0.450928 0.020508 0.015137
0 0.652832 0.447754 0.020508 0.012695
0 0.136718 0.430420 0.011718 0.015137
0 0.280274 0.441650 0.054688 0.039551
0 0.582520 0.420410 0.018554 0.011719
0 1.457032 0.417969 0.015624 0.012695
0 0.504394 0.421387 0.034180 0.022461
0 1.179200 0.410645 0.012696 0.006836
0 0.745606 0.402100 0.012696 0.007324
0 1.214356 0.392578 0.014648 0.008789
0 0.084472 0.407959 0.090820 0.061035
0 0.670410 0.377441 0.018554 0.010742
0 0.402344 0.382568 0.041016 0.023926
0 0.604980 0.345947 0.018554 0.010254
0 0.489746 0.348633 0.030274 0.018555
0 0.204590 0.354736 0.067382 0.038574
0 0.388184 0.328125 0.032226 0.023438
0 0.541992 0.311279 0.009766 0.005371
0 0.271972 0.320312 0.043946 0.035156
0 0.137696 0.322998 0.074218 0.045410
0 0.461914 0.287842 0.021484 0.012207
0 0.308594 0.293457 0.048828 0.043945
0 0.382324 0.278809 0.051758 0.030273
0 0.379882 0.264404 0.017578 0.010254
0 0.196290 0.264648 0.046876 0.028320
0 1.278808 0.370850 0.020508 0.013184
