0 1.138672 0.637207 0.013672 0.006836
0 1.306152 0.635498 0.016602 0.007324
0 0.729492 0.412109 0.017578 0.008789
0 1.231446 0.410889 0.031250 0.011230
0 1.197754 0.399414 0.034180 0.013672
0 0.485840 0.394043 0.028320 0.018555
0 0.374024 0.397705 0.042968 0.024902
0 1.339356 0.374023 0.020508 0.010742
0 1.539062 0.372314 0.019532 0.013184
0 0.618164 0.368652 0.013672 0.006836
0 1.060546 0.367188 0.015624 0.007812
0 0.375488 0.366455 0.028320 0.020996
0 0.446290 0.360107 0.029296 0.017090
0 1.096192 0.348877 0.020508 0.008301
0 0.545410 0.346924 0.020508 0.011230
0 0.275390 0.354492 0.050782 0.036133
0 0.166016 0.341553 0.046876 0.025879
0 1.160156 0.326172 0.025390 0.009766
0 0.084960 0.333008 0.056640 0.039062
0 0.474610 0.316650 0.025390 0.017090
0 0.254882 0.304932 0.039062 0.028809
0 0.399414 0.289551 0.013672 0.006836
0 0.323242 0.261719 0.029296 0.018555
0 0.246582 0.260742 0.065430 0.053711
0 1.707032 0.228516 0.029296 0.016602
0 0.187012 0.263672 0.139648 0.105469
0 1.519042 0.166504 0.057618 0.024414
0 0.798828 0.421143 0.021484 0.010254
0 0.243164 0.240723 0.029296 0.020508
