0 1.048828 0.944824 0.078124 0.016602
0 0.854492 0.903809 0.078124 0.014648
0 1.410644 0.785156 0.047852 0.018555
0 0.531250 0.736084 0.033204 0.017090
0 0.535156 0.657959 0.085938 0.046387
0 0.036132 0.609619 0.031250 0.033691
0 0.102540 0.585449 0.031250 0.053711
0 1.306640 0.544678 0.021484 0.015137
0 0.230958 0.578125 0.063476 0.089844
0 0.083008 0.508301 0.011718 0.016602
0 0.288086 0.497559 0.054688 0.047852
0 0.458984 0.430908 0.035156 0.019043
0 1.898438 0.419678 0.042968 0.024902
0 0.188476 0.425049 0.060546 0.042480
0 0.446290 0.408447 0.072266 0.021973
0 0.583496 0.401367 0.026368 0.016602
0 0.626464 0.371582 0.032226 0.014648
0 1.916016 0.366943 0.021484 0.017090
0 0.489258 0.364258 0.021484 0.015625
0 0.125000 0.368652 0.060546 0.027344
0 0.768554 0.343994 0.027344 0.013184
0 0.350586 0.330322 0.052734 0.037598
0 1.187012 0.312744 0.065430 0.021973
0 0.230468 0.307373 0.044922 0.026855
0 0.497070 0.282227 0.017578 0.009766
0 1.303710 0.278320 0.021484 0.009766
0 1.507812 0.272217 0.027344 0.015137
0 0.117188 0.296875 0.070312 0.073242
0 0.424804 0.255127 0.017578 0.010254
0 0.202636 0.256104 0.034180 0.024902
0 0.346192 0.227295 0.024414 0.015137
0 1.300782 0.212158 0.021484 0.009277
0 0.263672 0.209229 0.023438 0.014160
0 1.562012 0.175049 0.026368 0.013184
0 1.500976 0.101807 0.042968 0.017090
0 1.373046 0.073730 0.037110 0.012695
0 1.340332 0.044189 0.051758 0.014160
0 0.577636 0.300537 0.016602 0.008301
