0 0.683106 0.891602 0.057618 0.015625
0 0.578124 0.758545 0.033204 0.015137
0 0.503906 0.669922 0.048828 0.045898
0 0.085450 0.584961 0.032226 0.041016
0 0.215332 0.585693 0.059570 0.067871
0 1.292968 0.543213 0.019532 0.013184
0 0.555664 0.523682 0.015624 0.016113
0 0.079590 0.522461 0.053710 0.026367
0 0.269042 0.514404 0.057618 0.082520
0 0.445800 0.430176 0.034180 0.024414
0 0.162598 0.428955 0.055664 0.035645
0 1.884766 0.418945 0.039062 0.032227
0 0.628906 0.385010 0.023438 0.013184
0 0.467774 0.380127 0.044922 0.028809
0 0.328614 0.357666 0.014648 0.009277
0 1.073730 0.337402 0.022460 0.009766
0 1.214844 0.330811 0.060546 0.024902
0 1.544434 0.313477 0.020508 0.012695
0 0.139648 0.327393 0.066406 0.050293
0 1.337402 0.304688 0.024414 0.013672
0 0.367188 0.303467 0.052734 0.038574
0 0.212402 0.279785 0.032226 0.021484
0 1.098632 0.271240 0.033204 0.010254
0 0.411132 0.271729 0.029296 0.018066
0 1.720214 0.263672 0.016602 0.010742
0 0.532226 0.258789 0.017578 0.008789
0 1.165040 0.251465 0.019532 0.007812
0 1.352050 0.238770 0.022460 0.008789
0 0.149414 0.249023 0.058594 0.032227
0 0.276368 0.252686 0.060546 0.040527
0 0.465332 0.228027 0.016602 0.008789
0 0.239746 0.219971 0.038086 0.020020
0 0.318360 0.172607 0.019532 0.011230
0 0.285156 0.173584 0.029296 0.016113
0 1.708984 0.173340 0.046876 0.025391
0 1.059570 0.288574 0.029296 0.008789
