0 0.927246 0.966064 0.045898 0.009277
0 1.111816 0.883301 0.088868 0.016602
0 0.682128 0.814941 0.034180 0.010742
0 0.660156 0.732422 0.062500 0.039062
0 0.122070 0.693848 0.066406 0.028320
0 0.227050 0.672607 0.026368 0.022949
0 0.351562 0.649414 0.058594 0.038086
0 1.254882 0.618408 0.017578 0.009277
0 0.696290 0.593506 0.023438 0.012207
0 0.049804 0.610596 0.062500 0.051270
0 0.412110 0.587891 0.054688 0.031250
0 0.102050 0.509766 0.028320 0.021484
0 0.570800 0.509521 0.040040 0.021973
0 0.298828 0.507812 0.064454 0.031250
0 0.254882 0.496826 0.013672 0.016113
0 0.571290 0.460205 0.083984 0.020020
0 0.834960 0.437012 0.023438 0.008789
0 0.458984 0.435303 0.025390 0.019043
0 0.681152 0.431152 0.022460 0.013672
0 0.597168 0.394531 0.020508 0.012695
0 0.259278 0.407227 0.063476 0.041992
0 0.483398 0.385010 0.033204 0.020996
0 0.086426 0.380615 0.065430 0.053223
0 0.595704 0.361084 0.041016 0.019043
0 0.716308 0.356445 0.020508 0.008789
0 0.375488 0.356689 0.041992 0.030762
0 0.638672 0.334717 0.013672 0.006348
0 0.264160 0.333984 0.038086 0.029297
0 0.176758 0.329590 0.062500 0.037109
0 0.569824 0.306152 0.012696 0.005859
0 0.351074 0.298096 0.038086 0.025879
0 0.114258 0.304443 0.054688 0.041504
0 0.227050 0.296387 0.041992 0.031250
0 0.494140 0.278076 0.023438 0.011230
0 0.414062 0.255859 0.025390 0.012695
0 0.264648 0.263916 0.054688 0.037598
0 0.322266 0.245117 0.058594 0.039062
0 0.154296 0.238525 0.044922 0.035645
