0 1.216796 0.777588 0.064454 0.017090
0 1.203614 0.732910 0.036132 0.011719
0 1.288574 0.603760 0.016602 0.011230
0 0.830566 0.427979 0.020508 0.009277
0 0.788574 0.402832 0.014648 0.007812
0 1.198730 0.377686 0.032226 0.010254
0 1.162598 0.365234 0.026368 0.009766
0 1.085450 0.337891 0.030274 0.010742
0 1.024902 0.337158 0.024414 0.008301
0 1.304200 0.338135 0.022460 0.011230
0 1.504394 0.334961 0.022460 0.012695
0 1.838868 0.319580 0.015624 0.009277
0 1.060546 0.317871 0.029296 0.009766
0 1.121094 0.293701 0.015624 0.006348
0 1.305664 0.274658 0.019532 0.008301
0 1.373536 0.062500 0.041992 0.013672
0 0.767578 0.395020 0.019532 0.009766
