0 0.735840 0.979248 0.086914 0.016113
0 0.730468 0.853516 0.042968 0.013672
0 0.643066 0.762451 0.053710 0.046387
0 0.155762 0.711670 0.073242 0.044434
0 0.247070 0.697998 0.033204 0.030762
0 0.373046 0.674316 0.068360 0.038086
0 0.717286 0.626953 0.024414 0.010742
0 0.433594 0.615723 0.054688 0.030273
0 0.077148 0.622559 0.076172 0.052734
0 0.602050 0.536865 0.043946 0.019043
0 0.322754 0.530029 0.061524 0.028809
0 1.315430 0.517822 0.017578 0.011230
0 0.627442 0.484619 0.045898 0.026855
0 0.490234 0.461670 0.025390 0.018066
0 1.848144 0.453369 0.020508 0.020020
0 1.223144 0.443848 0.016602 0.008789
0 0.488770 0.438477 0.018554 0.011719
0 1.375000 0.440430 0.031250 0.016602
0 1.790040 0.446533 0.042968 0.031738
0 1.342774 0.427734 0.027344 0.011719
0 0.302246 0.431641 0.043946 0.041992
0 0.136230 0.413330 0.016602 0.012207
0 0.383790 0.412354 0.019532 0.013184
0 0.529296 0.409180 0.037110 0.019531
0 1.480468 0.403076 0.017578 0.012207
0 0.757812 0.389404 0.015624 0.007324
0 0.114746 0.397217 0.047852 0.037598
0 1.245606 0.377441 0.024414 0.009766
0 0.684082 0.365234 0.020508 0.009766
0 0.426758 0.365479 0.052734 0.025879
0 1.308594 0.354736 0.023438 0.012207
0 0.305664 0.357910 0.046876 0.027344
0 0.505860 0.347900 0.031250 0.019043
0 0.223632 0.351074 0.035156 0.025391
0 1.490234 0.338867 0.023438 0.012695
0 1.343262 0.335449 0.014648 0.006836
0 0.398926 0.327393 0.038086 0.024902
0 0.546876 0.303955 0.023438 0.012207
0 0.472656 0.302979 0.027344 0.015137
0 0.165528 0.316650 0.065430 0.058105
0 0.467774 0.281006 0.023438 0.012207
0 0.209472 0.270752 0.061524 0.032715
0 0.404296 0.277832 0.035156 0.020508
0 1.254394 0.495117 0.014648 0.008789
0 0.294922 0.302979 0.072266 0.061035
0 0.080078 0.416748 0.021484 0.019043
0 1.683106 0.405273 0.018554 0.015625
