0 1.278320 0.605713 0.025390 0.013184
0 0.782714 0.403809 0.014648 0.006836
0 0.690918 0.386963 0.018554 0.010254
0 0.847168 0.379883 0.014648 0.006836
0 1.194824 0.378418 0.032226 0.010742
0 1.162110 0.367920 0.033204 0.010254
0 1.301270 0.339600 0.022460 0.010254
0 1.019042 0.337891 0.024414 0.009766
0 1.503418 0.336670 0.022460 0.015137
0 1.057128 0.317871 0.032226 0.008789
0 0.428710 0.299561 0.017578 0.009277
0 1.119140 0.294434 0.015624 0.006836
0 1.147460 0.273438 0.019532 0.006836
0 0.353028 0.268799 0.022460 0.011230
0 1.666016 0.218506 0.031250 0.018066
0 1.520508 0.146973 0.062500 0.025391
