0 0.649414 0.894531 0.033204 0.010742
0 0.558106 0.805908 0.057618 0.045410
0 0.170898 0.742188 0.037110 0.021484
0 1.187500 0.706787 0.023438 0.009277
0 0.289062 0.717529 0.060546 0.040527
0 1.360840 0.703613 0.024414 0.014648
0 0.637696 0.670654 0.021484 0.011230
0 0.353028 0.658447 0.057618 0.032715
0 0.057618 0.591309 0.068360 0.028320
0 0.520020 0.579834 0.038086 0.020996
0 0.245606 0.572998 0.051758 0.037598
0 1.408692 0.536621 0.014648 0.014648
0 1.757812 0.526611 0.015624 0.017090
0 0.545410 0.530762 0.043946 0.026367
0 0.275390 0.512207 0.011718 0.006836
0 0.410644 0.505615 0.026368 0.020020
0 1.289550 0.480225 0.024414 0.011230
0 0.005860 0.467285 0.007812 0.006836
0 0.312988 0.462158 0.020508 0.020020
0 0.221192 0.473389 0.043946 0.049316
0 0.446778 0.453369 0.028320 0.023926
0 1.398926 0.445068 0.020508 0.012207
0 1.599610 0.444580 0.015624 0.016113
0 1.636718 0.440430 0.033204 0.029297
0 0.039062 0.451416 0.052734 0.078613
0 1.952148 0.418457 0.029296 0.035156
0 0.351562 0.409668 0.046876 0.027344
0 1.222168 0.395752 0.016602 0.009277
0 0.224610 0.399414 0.050782 0.033203
0 1.409668 0.380127 0.010742 0.005371
0 0.146484 0.393311 0.042968 0.033691
0 0.084472 0.366455 0.047852 0.037598
0 1.877442 0.280273 0.026368 0.020508
0 1.251954 0.468262 0.013672 0.008789
