0 0.930664 0.963135 0.099610 0.017090
0 0.875000 0.942871 0.037110 0.020508
0 1.221192 0.783447 0.055664 0.018066
0 1.270996 0.588623 0.026368 0.013184
0 1.020996 0.369629 0.022460 0.007812
0 0.820800 0.368896 0.024414 0.008301
0 1.173340 0.360596 0.036132 0.012207
0 1.139648 0.350586 0.035156 0.012695
0 1.015136 0.342529 0.028320 0.011230
0 0.994140 0.322754 0.023438 0.008789
0 1.278320 0.320068 0.023438 0.010254
0 1.480468 0.317139 0.017578 0.009277
0 1.030762 0.302246 0.032226 0.009766
0 1.093750 0.277588 0.021484 0.008301
0 1.276368 0.256348 0.021484 0.007812
0 0.737304 0.386230 0.021484 0.009766
