0 0.736816 0.951416 0.067382 0.017090
0 0.710938 0.826416 0.035156 0.012207
0 0.627442 0.735107 0.047852 0.045410
0 0.225586 0.665283 0.048828 0.039551
0 0.354980 0.643555 0.067382 0.041992
0 0.703614 0.596924 0.020508 0.011230
0 0.062012 0.598389 0.069336 0.048340
0 0.415528 0.586182 0.059570 0.029785
0 0.587890 0.506592 0.041016 0.020020
0 0.309570 0.499023 0.058594 0.037109
0 0.613282 0.455322 0.048828 0.024902
0 0.475586 0.435547 0.027344 0.015625
0 0.925292 0.414551 0.014648 0.006836
0 0.556152 0.411621 0.020508 0.013672
0 0.274902 0.402588 0.063476 0.041504
0 1.175292 0.386963 0.026368 0.011230
0 0.808594 0.385498 0.009766 0.005371
0 0.362792 0.381104 0.018554 0.017090
0 1.194824 0.364746 0.020508 0.008789
0 0.516602 0.377686 0.048828 0.038574
0 0.667968 0.336670 0.021484 0.010254
0 0.416016 0.336914 0.041016 0.027344
0 1.293458 0.323975 0.022460 0.009277
0 0.502930 0.323730 0.023438 0.013672
0 0.290040 0.327393 0.044922 0.028809
0 0.204102 0.323975 0.060546 0.036621
0 0.602050 0.307373 0.024414 0.012207
0 0.371094 0.303467 0.035156 0.025879
0 0.529296 0.275635 0.019532 0.010254
0 0.432618 0.264893 0.027344 0.013184
0 0.450684 0.251709 0.016602 0.009277
0 0.380860 0.251709 0.035156 0.019043
0 0.158692 0.287109 0.084960 0.047852
0 0.128906 0.682373 0.078124 0.049316
0 0.266602 0.277588 0.089844 0.061035
0 0.169922 0.247803 0.064454 0.038574
0 1.372558 0.264893 0.016602 0.008301
