0 0.390624 0.854980 0.062500 0.046875
0 1.199218 0.773926 0.025390 0.008789
0 0.485840 0.723877 0.024414 0.012207
0 0.202636 0.706055 0.059570 0.039062
0 1.597656 0.656494 0.025390 0.015137
0 0.286622 0.652588 0.034180 0.025879
0 0.376954 0.630859 0.041016 0.033203
0 0.783692 0.599365 0.018554 0.009277
0 1.851562 0.561035 0.029296 0.045898
0 1.800782 0.530762 0.013672 0.016602
0 1.467774 0.527100 0.013672 0.010254
0 1.263672 0.519287 0.017578 0.010254
0 1.395508 0.469971 0.029296 0.016113
0 1.283692 0.455566 0.016602 0.009766
0 1.912598 0.444092 0.045898 0.025879
0 1.958496 0.400391 0.047852 0.064453
0 1.770020 0.374023 0.022460 0.022461
0 1.827148 0.342285 0.029296 0.025391
0 1.781250 0.291260 0.013672 0.005371
