0 1.273438 0.619629 0.027344 0.013672
0 1.124024 0.612793 0.013672 0.006836
0 0.784668 0.412354 0.016602 0.008301
0 0.849610 0.389160 0.013672 0.005859
0 1.204590 0.390381 0.026368 0.010254
0 1.168458 0.378662 0.026368 0.013184
0 1.308594 0.352539 0.023438 0.011719
0 1.511230 0.352295 0.022460 0.014160
0 1.025878 0.347656 0.024414 0.008789
0 1.845704 0.343750 0.017578 0.013672
0 0.504394 0.333984 0.022460 0.013672
0 1.064454 0.328125 0.029296 0.009766
0 1.126954 0.305664 0.015624 0.006836
0 0.435058 0.303711 0.016602 0.008789
0 1.311036 0.286865 0.022460 0.010254
0 1.156738 0.284424 0.022460 0.008301
0 0.274902 0.254883 0.032226 0.019531
0 0.134278 0.258057 0.041992 0.038574
0 0.195800 0.234375 0.018554 0.011719
0 0.210938 0.244873 0.044922 0.033691
0 1.678710 0.225342 0.033204 0.019043
0 1.520996 0.156738 0.057618 0.024414
0 0.765624 0.404297 0.023438 0.011719
