0 0.630860 0.774170 0.033204 0.014160
0 0.550782 0.684082 0.048828 0.044922
0 0.064942 0.626709 0.081054 0.049316
0 0.160644 0.609375 0.051758 0.041992
0 0.284668 0.593994 0.069336 0.040527
0 1.357910 0.581299 0.022460 0.018066
0 0.627442 0.545410 0.016602 0.012695
0 0.155274 0.537598 0.023438 0.020508
0 0.341308 0.529053 0.053710 0.038574
0 0.514648 0.453125 0.039062 0.020508
0 0.231446 0.446289 0.058594 0.035156
0 0.024414 0.432129 0.017578 0.022461
0 0.792968 0.406494 0.017578 0.009277
0 0.540528 0.403076 0.053710 0.030762
0 0.666992 0.363281 0.011718 0.006836
0 0.853028 0.362305 0.022460 0.008789
0 0.211426 0.351318 0.055664 0.049316
0 0.424804 0.340088 0.046876 0.036621
0 0.285156 0.320068 0.037110 0.029785
0 0.599610 0.284424 0.019532 0.010254
0 0.462890 0.284424 0.027344 0.016113
0 0.331054 0.293213 0.054688 0.049316
0 0.221192 0.282959 0.053710 0.041504
0 0.143554 0.268311 0.054688 0.041504
0 0.307618 0.245361 0.031250 0.014160
0 0.194824 0.233887 0.047852 0.039062
0 0.351074 0.202637 0.026368 0.014648
0 0.224610 0.201172 0.054688 0.027344
0 0.315430 0.196045 0.042968 0.020996
0 0.734376 0.333008 0.027344 0.013672
