0 0.385742 0.855957 0.058594 0.044922
0 1.193360 0.777100 0.025390 0.008301
0 1.020996 0.772461 0.022460 0.007812
0 0.482910 0.723877 0.022460 0.011230
0 0.200684 0.706299 0.059570 0.037598
0 1.590820 0.663330 0.023438 0.015137
0 0.282226 0.649414 0.037110 0.027344
0 0.373046 0.633789 0.041016 0.022461
0 0.780762 0.600586 0.020508 0.010742
0 1.483886 0.577393 0.016602 0.012207
0 1.851074 0.569336 0.032226 0.041016
0 1.798828 0.540039 0.011718 0.005859
0 1.465820 0.531738 0.013672 0.007812
0 1.261718 0.522705 0.013672 0.008301
0 1.388184 0.472656 0.028320 0.014648
0 1.909668 0.450928 0.045898 0.027832
0 1.959472 0.411865 0.041992 0.032715
0 1.770020 0.380615 0.022460 0.018066
0 1.829590 0.349609 0.030274 0.027344
0 1.783204 0.297363 0.021484 0.013672
