0 0.733398 0.944336 0.085938 0.016602
0 0.700684 0.817871 0.034180 0.011719
0 0.616210 0.729248 0.048828 0.045410
0 0.112304 0.685059 0.064454 0.037109
0 0.216308 0.661865 0.036132 0.032715
0 0.337402 0.639893 0.067382 0.039551
0 1.238282 0.624512 0.021484 0.010742
0 0.688964 0.589600 0.024414 0.012207
0 0.404296 0.582031 0.058594 0.029297
0 0.047364 0.601074 0.067382 0.072266
0 0.572266 0.502197 0.041016 0.019043
0 0.289550 0.496338 0.055664 0.031738
0 0.593262 0.450439 0.047852 0.022949
0 0.454102 0.429932 0.021484 0.015137
0 0.568360 0.406006 0.015624 0.011230
0 0.260742 0.399170 0.050782 0.045410
0 0.341308 0.379150 0.020508 0.020020
0 0.488282 0.380371 0.031250 0.024414
0 0.720214 0.353271 0.018554 0.010254
0 0.642578 0.331055 0.013672 0.007812
0 0.484376 0.322510 0.027344 0.015137
0 0.267090 0.326416 0.034180 0.025879
0 0.400390 0.330322 0.066406 0.042480
0 0.177246 0.322754 0.071290 0.038086
0 0.349122 0.298096 0.026368 0.018066
0 0.119140 0.294434 0.056640 0.040039
0 0.398926 0.258789 0.028320 0.013672
0 0.248536 0.274414 0.073242 0.055664
0 0.353516 0.250000 0.027344 0.014648
0 0.320800 0.233398 0.012696 0.006836
0 0.150390 0.241943 0.044922 0.034668
