0 0.962890 0.943604 0.050782 0.017090
0 0.794922 0.904785 0.066406 0.015625
0 0.698242 0.810791 0.070312 0.019043
0 1.308106 0.796143 0.043946 0.015137
0 0.484376 0.729248 0.029296 0.015137
0 0.484864 0.651367 0.077148 0.045898
0 1.271484 0.561768 0.017578 0.012207
0 0.191406 0.560059 0.054688 0.050781
0 0.547852 0.514404 0.019532 0.015137
0 0.058106 0.501953 0.012696 0.015625
0 1.897950 0.481689 0.016602 0.024902
0 0.261230 0.491455 0.061524 0.048340
0 0.438964 0.428711 0.038086 0.018555
0 1.916504 0.418701 0.016602 0.019043
0 0.169922 0.413574 0.056640 0.038086
0 0.591796 0.382812 0.025390 0.012695
0 0.442872 0.375732 0.088868 0.026855
0 0.658692 0.362305 0.026368 0.011719
0 1.059570 0.335938 0.025390 0.010742
0 0.494628 0.338379 0.026368 0.016602
0 1.213378 0.332764 0.038086 0.012207
0 1.176758 0.320068 0.033204 0.012207
0 0.668458 0.305908 0.014648 0.007324
0 1.522460 0.299805 0.021484 0.012695
0 1.318360 0.298096 0.025390 0.011230
0 0.363770 0.301270 0.040040 0.026367
0 0.139160 0.311279 0.071290 0.046387
0 0.600586 0.281982 0.015624 0.007324
0 0.260254 0.266602 0.047852 0.027344
0 1.141602 0.248291 0.019532 0.007324
0 1.643066 0.240234 0.034180 0.019531
0 1.330078 0.232422 0.011718 0.005859
0 0.155274 0.243408 0.042968 0.034668
0 0.243164 0.214600 0.042968 0.025879
0 0.314942 0.169678 0.014648 0.007324
0 1.639160 0.172852 0.038086 0.018555
0 1.434082 0.088623 0.024414 0.009277
0 1.389648 0.080322 0.039062 0.013184
0 1.045410 0.286621 0.028320 0.009766
0 0.069824 0.570801 0.034180 0.040039
