0 0.923828 0.980957 0.062500 0.008789
0 1.154296 0.893555 0.068360 0.023438
0 0.679200 0.828125 0.034180 0.010742
0 0.640624 0.753174 0.099610 0.057129
0 0.155274 0.701416 0.068360 0.034668
0 0.243652 0.689453 0.030274 0.026367
0 0.368164 0.668457 0.066406 0.035156
0 1.262208 0.639404 0.016602 0.007324
0 0.712890 0.611572 0.023438 0.012207
0 0.068360 0.624756 0.074218 0.055176
0 0.422852 0.605957 0.062500 0.029297
0 0.586426 0.527100 0.045898 0.020020
0 0.126954 0.524902 0.048828 0.033203
0 0.312500 0.516357 0.068360 0.047363
0 0.603516 0.476807 0.050782 0.019043
0 0.812500 0.444092 0.015624 0.007324
0 0.474610 0.450439 0.025390 0.021973
0 0.686524 0.439453 0.021484 0.012695
0 1.204590 0.418213 0.012696 0.006348
0 0.272950 0.422852 0.063476 0.035156
0 0.601074 0.404297 0.024414 0.015625
0 1.320800 0.399414 0.032226 0.013672
0 0.806640 0.394775 0.013672 0.006348
0 0.503906 0.398438 0.031250 0.026367
0 0.095704 0.395508 0.044922 0.036133
0 0.737792 0.372070 0.022460 0.010742
0 0.569824 0.364014 0.028320 0.014160
0 0.395020 0.365967 0.045898 0.029785
0 1.219238 0.350586 0.026368 0.010742
0 0.658692 0.349609 0.020508 0.011719
0 0.283692 0.347900 0.045898 0.031738
0 0.207032 0.341064 0.039062 0.034668
0 1.284180 0.328857 0.031250 0.014160
0 0.592774 0.322510 0.023438 0.012207
0 0.367676 0.312988 0.024414 0.014648
0 1.463868 0.308105 0.019532 0.009766
0 0.138184 0.315186 0.053710 0.039551
0 0.519532 0.291504 0.019532 0.008789
0 1.364258 0.281738 0.027344 0.010742
0 0.337402 0.266846 0.032226 0.019043
0 0.178222 0.257812 0.032226 0.023438
0 0.269532 0.292236 0.078124 0.063965
0 0.121094 0.407715 0.027344 0.027344
0 1.354980 0.267090 0.018554 0.007812
