0 0.759278 0.952637 0.081054 0.016602
0 0.722168 0.826660 0.036132 0.011719
0 0.633790 0.735107 0.048828 0.046387
0 0.125488 0.688965 0.061524 0.041992
0 0.231934 0.669189 0.034180 0.038574
0 0.356934 0.648193 0.065430 0.038574
0 1.257812 0.629883 0.011718 0.006836
0 0.703124 0.598145 0.015624 0.010742
0 0.416504 0.588379 0.053710 0.027344
0 0.059570 0.602295 0.076172 0.056152
0 0.585450 0.507080 0.043946 0.022949
0 0.307128 0.502930 0.053710 0.035156
0 0.610352 0.453857 0.044922 0.026855
0 0.470214 0.436768 0.030274 0.019043
0 0.919922 0.413574 0.015624 0.007812
0 0.558594 0.410645 0.017578 0.012695
0 0.269532 0.406494 0.068360 0.042480
0 0.803222 0.384277 0.016602 0.007812
0 1.166504 0.381592 0.022460 0.010254
0 0.359376 0.383545 0.023438 0.017090
0 1.179688 0.360596 0.015624 0.008301
0 0.515136 0.376221 0.051758 0.043457
0 0.739258 0.358398 0.021484 0.008789
0 1.218750 0.341309 0.021484 0.007812
0 0.663574 0.336182 0.024414 0.014160
0 0.500000 0.325684 0.021484 0.013672
0 1.283692 0.319092 0.024414 0.011230
0 0.287598 0.328857 0.045898 0.034668
0 0.421386 0.333740 0.067382 0.049316
0 0.595704 0.307617 0.017578 0.010742
0 0.370118 0.300537 0.025390 0.014160
0 0.434570 0.258301 0.044922 0.025391
0 0.375000 0.252197 0.025390 0.016113
0 0.242676 0.292236 0.147460 0.102051
0 0.150390 0.273438 0.083984 0.083984
