0 1.062500 0.961426 0.070312 0.016602
0 0.852540 0.907959 0.093750 0.013184
0 0.857910 0.822998 0.036132 0.008301
0 1.455566 0.806396 0.049804 0.020020
0 0.559570 0.742676 0.031250 0.014648
0 0.555176 0.665771 0.073242 0.040527
0 0.050292 0.611328 0.061524 0.041016
0 0.123536 0.588623 0.034180 0.035645
0 1.329102 0.562744 0.023438 0.014160
0 0.258300 0.572998 0.067382 0.045410
0 0.601074 0.524658 0.016602 0.013184
0 0.123536 0.518555 0.047852 0.030273
0 0.312500 0.511230 0.064454 0.037109
0 1.950196 0.484131 0.015624 0.018066
0 0.490234 0.437744 0.037110 0.024902
0 1.966796 0.426514 0.017578 0.009277
0 0.045410 0.432861 0.016602 0.028809
0 0.215820 0.427734 0.058594 0.034180
0 0.623046 0.388428 0.025390 0.018066
0 0.495606 0.381836 0.083008 0.034180
0 0.847168 0.350830 0.012696 0.006348
0 0.659668 0.347900 0.030274 0.015137
0 0.709472 0.311768 0.024414 0.011230
0 0.182128 0.328613 0.063476 0.045898
0 0.403320 0.316895 0.041016 0.031250
0 0.303222 0.282959 0.043946 0.036621
0 0.569824 0.266602 0.018554 0.008789
0 0.184082 0.263672 0.057618 0.041016
0 0.289062 0.220947 0.031250 0.020020
0 0.429688 0.204346 0.013672 0.007324
0 0.362792 0.177246 0.024414 0.013672
0 0.247070 0.174561 0.052734 0.026855
0 0.177246 0.218994 0.026368 0.017090
