0 0.680176 0.863770 0.040040 0.013672
0 0.598144 0.770996 0.053710 0.045898
0 0.213378 0.695068 0.026368 0.021973
0 0.113770 0.698730 0.055664 0.035156
0 1.413086 0.689209 0.037110 0.017090
0 0.337402 0.673584 0.065430 0.036621
0 0.687500 0.637207 0.015624 0.008789
0 0.403808 0.615234 0.049804 0.025391
0 0.045410 0.616943 0.045898 0.044434
0 0.109376 0.569824 0.035156 0.006836
0 0.304688 0.547119 0.039062 0.023926
0 0.581054 0.542480 0.041016 0.019531
0 1.362792 0.523438 0.014648 0.010742
0 0.608886 0.507324 0.045898 0.023438
0 1.829102 0.486572 0.021484 0.017090
0 0.473632 0.485107 0.023438 0.021973
0 0.412598 0.467285 0.014648 0.010742
0 1.359376 0.461670 0.027344 0.013184
0 1.331542 0.449707 0.014648 0.006836
0 1.750976 0.451904 0.019532 0.021973
0 0.278320 0.458496 0.050782 0.046875
0 0.058106 0.443604 0.016602 0.020996
0 0.513184 0.432373 0.036132 0.020020
0 1.469238 0.425537 0.018554 0.017090
0 0.372558 0.430176 0.026368 0.037109
0 0.100098 0.424316 0.053710 0.041992
0 0.414062 0.388428 0.044922 0.028809
0 1.292480 0.373779 0.012696 0.006348
0 0.289550 0.379883 0.040040 0.028320
0 0.205566 0.375244 0.041992 0.031738
0 0.479980 0.365967 0.022460 0.018066
0 0.598632 0.355713 0.019532 0.011230
0 0.379394 0.347656 0.026368 0.019531
0 0.156738 0.347900 0.073242 0.041504
0 0.480468 0.334473 0.025390 0.015625
0 0.530274 0.324951 0.017578 0.008301
0 0.265136 0.336670 0.036132 0.031738
0 0.389160 0.299561 0.024414 0.016113
0 0.180176 0.285645 0.043946 0.027344
0 1.476562 0.359131 0.015624 0.007324
0 0.294922 0.315186 0.041016 0.041504
0 0.351562 0.283203 0.025390 0.013672
