0 0.660644 0.885742 0.067382 0.017578
0 0.578614 0.750244 0.032226 0.014160
0 0.503418 0.660400 0.053710 0.045410
0 0.039550 0.614502 0.032226 0.020020
0 0.117676 0.593262 0.020508 0.011719
0 0.232910 0.577637 0.032226 0.017578
0 1.314454 0.559570 0.017578 0.012695
0 0.588378 0.537109 0.012696 0.008789
0 0.110352 0.539062 0.058594 0.031250
0 0.303222 0.531494 0.063476 0.039551
0 1.932128 0.466064 0.022460 0.028809
0 0.186036 0.450439 0.061524 0.033691
0 0.471680 0.443359 0.037110 0.035156
0 1.948242 0.412598 0.015624 0.014648
0 0.683594 0.396729 0.021484 0.011230
0 0.487304 0.405762 0.037110 0.036133
0 0.693360 0.361816 0.011718 0.006836
0 0.801758 0.346924 0.019532 0.009277
0 0.153320 0.357666 0.054688 0.047363
0 0.215820 0.317139 0.023438 0.019043
0 0.537598 0.276123 0.018554 0.010254
0 0.393066 0.309570 0.090820 0.080078
0 0.282714 0.280273 0.043946 0.036133
0 0.161622 0.275391 0.057618 0.031250
0 1.713378 0.253174 0.032226 0.020996
0 0.241700 0.246094 0.032226 0.020508
0 0.280762 0.200928 0.030274 0.014160
0 0.241700 0.192383 0.067382 0.041992
0 0.311524 0.197510 0.013672 0.008301
