0 0.703614 0.872803 0.034180 0.012207
0 0.615234 0.783936 0.060546 0.053223
0 0.222656 0.718018 0.031250 0.026855
0 0.126954 0.723145 0.058594 0.038086
0 1.417968 0.683594 0.029296 0.016602
0 0.343750 0.689941 0.068360 0.043945
0 0.693360 0.647217 0.019532 0.011230
0 0.054688 0.644775 0.042968 0.045410
0 0.409180 0.631348 0.056640 0.030273
0 0.103516 0.563232 0.033204 0.018066
0 0.578124 0.555908 0.039062 0.020020
0 0.301758 0.544678 0.050782 0.034668
0 1.370118 0.520508 0.015624 0.009766
0 0.603028 0.502686 0.040040 0.023926
0 1.821778 0.488525 0.014648 0.018066
0 0.471192 0.479004 0.026368 0.017578
0 0.406250 0.462891 0.013672 0.012695
0 1.348632 0.460205 0.027344 0.014160
0 1.318848 0.449951 0.028320 0.013184
0 1.736328 0.442627 0.027344 0.022949
0 0.277832 0.447754 0.053710 0.044922
0 0.369628 0.430420 0.020508 0.019043
0 1.459472 0.423340 0.016602 0.013672
0 0.510742 0.427246 0.041016 0.022461
0 0.060546 0.429443 0.025390 0.035645
0 0.099610 0.418701 0.048828 0.048340
0 1.218262 0.396973 0.012696 0.006836
0 0.668458 0.383057 0.014648 0.008301
0 1.282714 0.375488 0.014648 0.006836
0 0.417968 0.382812 0.042968 0.025391
0 0.292968 0.371826 0.033204 0.026855
0 0.480958 0.361084 0.022460 0.016113
0 0.208496 0.365723 0.045898 0.031250
0 0.603028 0.351562 0.022460 0.012695
0 0.382812 0.340820 0.025390 0.018555
0 0.483886 0.329834 0.018554 0.013184
0 0.159668 0.338379 0.067382 0.037109
0 0.535644 0.321045 0.024414 0.014160
0 0.269042 0.329590 0.043946 0.031250
0 0.395020 0.291748 0.030274 0.019043
0 0.186036 0.278809 0.047852 0.032227
0 0.300292 0.304932 0.053710 0.041504
