0 0.716308 0.863770 0.041992 0.013672
0 0.626464 0.774902 0.047852 0.046875
0 0.143554 0.709961 0.064454 0.043945
0 0.230468 0.698730 0.037110 0.026367
0 1.440918 0.672852 0.030274 0.016602
0 0.358398 0.676514 0.066406 0.046387
0 0.706542 0.635742 0.018554 0.007812
0 0.424316 0.617188 0.057618 0.030273
0 0.063964 0.621094 0.071290 0.053711
0 0.592286 0.542480 0.041992 0.018555
0 0.317872 0.531006 0.055664 0.033691
0 1.350586 0.514404 0.015624 0.011230
0 0.623536 0.489502 0.043946 0.025879
0 0.491210 0.467773 0.023438 0.011719
0 0.436036 0.462402 0.012696 0.007812
0 1.841308 0.461670 0.016602 0.019043
0 1.213868 0.452148 0.013672 0.005859
0 1.366210 0.447266 0.025390 0.008789
0 0.374512 0.449951 0.020508 0.014160
0 0.516602 0.441650 0.037110 0.020020
0 1.336914 0.436768 0.029296 0.014160
0 1.769042 0.435303 0.026368 0.020020
0 0.105958 0.431152 0.036132 0.016602
0 1.196778 0.403320 0.014648 0.006836
0 0.412598 0.400635 0.041992 0.025879
0 0.666016 0.389893 0.015624 0.007324
0 0.284180 0.396484 0.044922 0.027344
0 0.477540 0.376221 0.025390 0.016113
0 0.594726 0.360840 0.015624 0.007812
0 1.292480 0.361328 0.022460 0.010742
0 0.204102 0.382080 0.052734 0.057129
0 0.373536 0.361328 0.024414 0.018555
0 0.141602 0.365723 0.060546 0.042969
0 0.255372 0.354492 0.038086 0.031250
0 0.460450 0.340576 0.022460 0.013184
0 0.518554 0.334229 0.015624 0.008301
0 0.438476 0.312744 0.019532 0.011230
0 0.283204 0.327881 0.052734 0.045410
0 0.378418 0.309814 0.030274 0.019043
0 0.170898 0.310303 0.054688 0.031738
0 1.475586 0.343018 0.017578 0.010254
0 1.674316 0.407959 0.014648 0.013184
