0 1.129394 0.796143 0.041992 0.013184
0 1.092286 0.742432 0.036132 0.011230
0 1.130860 0.665283 0.025390 0.010254
0 1.303222 0.664795 0.028320 0.013184
0 0.460938 0.534668 0.044922 0.022461
0 0.739746 0.504883 0.018554 0.009766
0 0.200684 0.522705 0.053710 0.051270
0 0.487792 0.489990 0.043946 0.031738
0 0.842774 0.465332 0.017578 0.006836
0 0.353516 0.460938 0.027344 0.021484
0 0.992188 0.451172 0.011718 0.005859
0 1.234376 0.438477 0.025390 0.009766
0 1.200196 0.426270 0.017578 0.005859
0 0.162110 0.435059 0.056640 0.049805
0 1.545410 0.404785 0.016602 0.009766
0 1.345704 0.402100 0.021484 0.012207
0 0.393554 0.407715 0.029296 0.027344
0 1.878418 0.397461 0.014648 0.011719
0 0.622558 0.387207 0.014648 0.009766
0 1.103028 0.375244 0.022460 0.008301
0 0.277832 0.369873 0.041992 0.031738
0 1.167480 0.353027 0.022460 0.009766
0 1.240234 0.351074 0.027344 0.010742
0 0.177734 0.355469 0.027344 0.032227
0 1.354492 0.337158 0.011718 0.005371
0 0.087890 0.348877 0.062500 0.038574
0 0.264160 0.322266 0.034180 0.024414
0 1.245606 0.310303 0.030274 0.011230
0 0.171876 0.297852 0.083984 0.067383
0 0.256348 0.275879 0.038086 0.025391
0 1.822754 0.238037 0.022460 0.014160
0 1.411132 0.167480 0.037110 0.013672
0 1.539550 0.122070 0.041992 0.016602
0 1.248046 0.292969 0.023438 0.008789
