0 1.212890 0.780273 0.037110 0.014648
0 1.200196 0.734375 0.033204 0.010742
0 1.292968 0.601562 0.017578 0.010742
0 0.828614 0.428955 0.020508 0.009277
0 0.785644 0.404297 0.014648 0.007812
0 1.195312 0.376465 0.033204 0.009766
0 1.158692 0.364502 0.026368 0.010254
0 1.020020 0.337158 0.024414 0.008301
0 1.080566 0.337402 0.030274 0.010742
0 1.300292 0.335938 0.022460 0.011719
0 1.499512 0.331055 0.022460 0.012695
0 1.055176 0.317383 0.028320 0.009766
0 1.833008 0.313477 0.015624 0.009766
0 1.115722 0.293213 0.014648 0.006348
0 1.299316 0.272705 0.020508 0.008301
0 1.361816 0.060059 0.041992 0.013672
0 0.764648 0.396973 0.021484 0.009766
