0 1.046876 0.872314 0.074218 0.014160
0 0.643554 0.793213 0.039062 0.015137
0 0.618652 0.717773 0.079102 0.048828
0 0.091796 0.658936 0.066406 0.036621
0 0.197754 0.639648 0.038086 0.032227
0 0.329102 0.622803 0.056640 0.038574
0 1.234864 0.607422 0.018554 0.009766
0 0.675292 0.572998 0.014648 0.009277
0 0.032226 0.576904 0.050782 0.055176
0 0.392578 0.560547 0.060546 0.030273
0 0.560546 0.485596 0.044922 0.019043
0 0.288086 0.474121 0.054688 0.032227
0 0.568360 0.435547 0.068360 0.021484
0 0.678710 0.416504 0.021484 0.012695
0 0.451172 0.408936 0.027344 0.022949
0 0.613282 0.378418 0.023438 0.015625
0 0.784668 0.359131 0.018554 0.006348
0 0.254882 0.376709 0.062500 0.043457
0 0.480958 0.358887 0.036132 0.020508
0 0.630860 0.350342 0.029296 0.016113
0 0.085450 0.350830 0.059570 0.044434
0 0.378906 0.322998 0.044922 0.026855
0 0.265136 0.302246 0.049804 0.025391
0 0.125976 0.271729 0.042968 0.029785
0 0.358398 0.268066 0.037110 0.023438
0 0.250488 0.248291 0.196290 0.135254
