0 0.641114 0.780518 0.024414 0.009277
0 0.562988 0.688477 0.043946 0.041992
0 0.073242 0.631836 0.085938 0.047852
0 0.171386 0.609619 0.057618 0.044434
0 1.192872 0.590820 0.016602 0.009766
0 0.288574 0.595703 0.081054 0.043945
0 0.643554 0.551025 0.029296 0.013184
0 0.175292 0.542969 0.016602 0.013672
0 0.356446 0.536133 0.052734 0.034180
0 0.526856 0.457275 0.043946 0.023926
0 0.048828 0.438721 0.031250 0.017090
0 0.244628 0.447510 0.065430 0.040527
0 0.885742 0.378174 0.013672 0.007324
0 0.554200 0.397461 0.047852 0.051758
0 0.649902 0.368652 0.012696 0.005859
0 0.751464 0.339111 0.018554 0.007324
0 0.444336 0.343262 0.037110 0.032227
0 0.229492 0.351318 0.062500 0.053223
0 0.301270 0.329102 0.028320 0.020508
0 0.684570 0.314209 0.013672 0.007324
0 0.474610 0.287109 0.029296 0.015625
0 0.364258 0.288574 0.029296 0.023438
0 0.235840 0.282227 0.036132 0.018555
0 0.151368 0.281494 0.052734 0.037598
0 0.547364 0.260986 0.014648 0.009277
0 0.327148 0.250732 0.019532 0.013184
0 0.194336 0.246582 0.023438 0.019531
0 0.475098 0.229248 0.030274 0.015137
0 0.335450 0.193604 0.049804 0.035645
0 0.416992 0.387695 0.013672 0.007812
0 0.245118 0.207764 0.058594 0.025879
0 0.866210 0.369873 0.023438 0.009277
