0 1.274902 0.595703 0.020508 0.011719
0 0.782226 0.392578 0.019532 0.007812
0 0.872558 0.386963 0.022460 0.009277
0 1.041504 0.375488 0.014648 0.005859
0 0.937012 0.369873 0.016602 0.006348
0 0.845704 0.369141 0.017578 0.006836
0 1.191406 0.368652 0.031250 0.010742
0 1.160644 0.358398 0.032226 0.011719
0 1.022460 0.327637 0.017578 0.006836
0 1.299804 0.329590 0.023438 0.011719
0 1.499024 0.326172 0.021484 0.013672
0 1.832032 0.310547 0.019532 0.014648
0 1.057128 0.308594 0.028320 0.009766
0 1.116700 0.284912 0.026368 0.008301
0 1.299316 0.264893 0.016602 0.007324
0 1.149414 0.263672 0.015624 0.006836
0 1.665040 0.218994 0.025390 0.014160
0 1.540040 0.147461 0.056640 0.021484
