0 0.460450 0.838623 0.059570 0.044434
0 1.093750 0.744629 0.029296 0.008789
0 0.195312 0.747070 0.064454 0.041992
0 0.549804 0.704102 0.023438 0.012695
0 0.260742 0.687744 0.062500 0.037598
0 0.433594 0.612549 0.037110 0.022949
0 0.159180 0.605225 0.050782 0.032715
0 1.664550 0.596924 0.028320 0.019043
0 0.092286 0.582764 0.014648 0.018066
0 1.455078 0.561279 0.013672 0.009277
0 0.463378 0.560059 0.043946 0.030273
0 1.520020 0.487305 0.010742 0.010742
0 1.319824 0.485352 0.012696 0.010742
0 1.897950 0.490234 0.028320 0.042969
0 1.496582 0.453125 0.028320 0.020508
0 1.331054 0.419678 0.013672 0.009277
0 1.959472 0.403809 0.049804 0.048828
0 1.809570 0.326172 0.023438 0.020508
0 1.863282 0.295898 0.031250 0.026367
0 1.800292 0.239258 0.016602 0.010742
