0 0.692382 0.895752 0.035156 0.012207
0 0.604492 0.762207 0.033204 0.015625
0 0.529296 0.671875 0.050782 0.043945
0 0.049804 0.617676 0.054688 0.041016
0 0.132324 0.592041 0.032226 0.044434
0 1.332032 0.568848 0.021484 0.016602
0 0.259766 0.575684 0.070312 0.048828
0 0.602050 0.531494 0.020508 0.014160
0 0.125000 0.522705 0.048828 0.021973
0 0.315918 0.518311 0.057618 0.039551
0 1.965332 0.502686 0.014648 0.015137
0 0.490722 0.440430 0.038086 0.024414
0 0.208984 0.427979 0.060546 0.046387
0 0.730958 0.395020 0.016602 0.010742
0 0.513184 0.391113 0.049804 0.037109
0 0.378906 0.371826 0.015624 0.011230
0 0.847656 0.358887 0.015624 0.007812
0 0.690430 0.357666 0.011718 0.006348
0 0.399902 0.328125 0.047852 0.039062
0 0.255860 0.307617 0.019532 0.015625
0 0.200196 0.329590 0.082032 0.074219
0 0.572754 0.273438 0.016602 0.009766
0 0.317872 0.271240 0.036132 0.031738
0 0.468750 0.277344 0.083984 0.045898
0 0.193848 0.263916 0.053710 0.024902
0 0.118164 0.271729 0.050782 0.043457
0 0.504882 0.242676 0.017578 0.009766
0 0.279786 0.232910 0.032226 0.021484
0 0.167480 0.225830 0.012696 0.009277
0 0.433106 0.209961 0.038086 0.017578
0 0.209960 0.195312 0.029296 0.020508
0 0.326172 0.190430 0.029296 0.015625
0 0.282226 0.186035 0.033204 0.022461
0 0.824708 0.350342 0.020508 0.009277
0 0.352540 0.190430 0.023438 0.011719
