0 1.293458 0.587646 0.022460 0.012207
0 0.782226 0.397217 0.015624 0.007324
0 0.881836 0.389160 0.019532 0.008789
0 0.845214 0.373779 0.016602 0.006348
0 1.186524 0.367920 0.029296 0.010254
0 1.152832 0.357422 0.028320 0.009766
0 1.014648 0.331055 0.015624 0.008789
0 1.290528 0.326660 0.024414 0.010742
0 1.486328 0.318604 0.023438 0.012207
0 1.048340 0.310791 0.030274 0.009277
0 1.817382 0.295898 0.021484 0.015625
0 1.108886 0.286865 0.024414 0.008301
0 1.134278 0.264160 0.022460 0.007812
0 1.284180 0.262451 0.011718 0.005371
0 1.645508 0.205811 0.031250 0.015137
0 1.506348 0.137207 0.057618 0.023438
