0 0.921876 0.967041 0.076172 0.017090
0 0.853028 0.947510 0.081054 0.016113
0 1.193360 0.784912 0.035156 0.014160
0 1.268554 0.599121 0.021484 0.011719
0 1.047852 0.375977 0.019532 0.006836
0 1.204102 0.374023 0.027344 0.009766
0 1.167480 0.360596 0.032226 0.012207
0 1.065430 0.341064 0.027344 0.010254
0 1.511230 0.339600 0.018554 0.010254
0 1.310058 0.336426 0.020508 0.009766
0 1.845214 0.333740 0.018554 0.013184
0 1.031250 0.327637 0.023438 0.007812
0 1.068848 0.309570 0.022460 0.007812
0 1.135742 0.287598 0.015624 0.006836
0 1.319824 0.273438 0.012696 0.005859
0 1.423340 0.055420 0.047852 0.015137
0 0.767578 0.377930 0.023438 0.010742
