0 1.177734 0.784668 0.041016 0.014648
0 1.165040 0.738770 0.019532 0.005859
0 1.295898 0.610352 0.019532 0.010742
0 0.867188 0.427490 0.025390 0.009277
0 1.217774 0.388428 0.027344 0.009277
0 0.713868 0.385254 0.019532 0.009766
0 0.868652 0.383301 0.012696 0.005859
0 1.181152 0.375000 0.026368 0.009766
0 1.322754 0.350586 0.024414 0.012695
0 1.523438 0.349121 0.019532 0.011719
0 1.125976 0.339844 0.027344 0.011719
0 1.083008 0.325439 0.027344 0.009277
0 0.531738 0.320557 0.024414 0.014160
0 0.462890 0.290283 0.023438 0.013184
0 1.174316 0.281982 0.016602 0.006348
0 0.311036 0.234863 0.028320 0.015625
0 1.409668 0.081787 0.038086 0.012207
0 0.784668 0.396973 0.022460 0.011719
