0 1.174804 0.660156 0.019532 0.006836
0 1.346192 0.656250 0.040040 0.018555
0 0.330566 0.619141 0.053710 0.030273
0 0.412598 0.549072 0.020508 0.020020
0 0.497558 0.539551 0.041992 0.021484
0 0.046386 0.545654 0.043946 0.035645
0 0.226074 0.536865 0.055664 0.038574
0 0.390136 0.520020 0.018554 0.015625
0 0.518554 0.493408 0.050782 0.024902
0 0.339356 0.489990 0.020508 0.018066
0 0.386230 0.467773 0.026368 0.022461
0 1.258790 0.430664 0.023438 0.009766
0 0.045410 0.435791 0.030274 0.021973
0 0.530762 0.424561 0.024414 0.018066
0 1.230468 0.420654 0.031250 0.013184
0 0.189454 0.438721 0.060546 0.051270
0 0.713868 0.416748 0.019532 0.010254
0 0.407714 0.419922 0.038086 0.025391
0 0.525390 0.404297 0.027344 0.015625
0 0.022950 0.414795 0.026368 0.039551
0 0.452148 0.397705 0.023438 0.019043
0 1.369140 0.393799 0.023438 0.013184
0 0.650390 0.389404 0.011718 0.006348
0 1.569336 0.391357 0.019532 0.015137
0 1.903808 0.378174 0.014648 0.008301
0 1.127930 0.370117 0.021484 0.008789
0 0.303710 0.376953 0.044922 0.035156
0 0.190918 0.368164 0.043946 0.023438
0 0.119140 0.362793 0.050782 0.033203
0 1.189942 0.347900 0.020508 0.008301
0 0.503906 0.342041 0.017578 0.011230
0 0.060058 0.337646 0.026368 0.027832
0 1.220214 0.326172 0.014648 0.006836
0 0.294922 0.320801 0.046876 0.041016
0 0.350098 0.288574 0.028320 0.016602
0 0.186036 0.310547 0.073242 0.064453
0 0.266602 0.286377 0.031250 0.021973
0 1.734864 0.225830 0.028320 0.017090
0 1.500976 0.170654 0.058594 0.026855
