0 1.179200 0.656738 0.018554 0.007812
0 1.350098 0.652100 0.036132 0.018066
0 0.318848 0.620361 0.012696 0.006348
0 0.410644 0.551758 0.024414 0.018555
0 0.043946 0.551758 0.046876 0.036133
0 0.493652 0.542236 0.038086 0.024902
0 0.224122 0.541748 0.055664 0.039551
0 0.390624 0.523926 0.015624 0.014648
0 0.335450 0.492188 0.026368 0.018555
0 0.516602 0.494629 0.048828 0.026367
0 0.384278 0.471436 0.026368 0.019043
0 0.826660 0.445557 0.012696 0.006348
0 0.043946 0.440918 0.027344 0.023438
0 1.262208 0.428223 0.022460 0.009766
0 0.183106 0.443604 0.065430 0.044434
0 0.526368 0.426758 0.023438 0.015625
0 0.402832 0.423096 0.036132 0.020020
0 1.224610 0.416504 0.029296 0.012695
0 0.022950 0.420410 0.024414 0.037109
0 0.517578 0.407715 0.027344 0.014648
0 0.444336 0.399658 0.023438 0.020020
0 1.096680 0.391113 0.011718 0.005859
0 0.642090 0.392334 0.016602 0.011230
0 1.362304 0.388916 0.013672 0.007324
0 1.562988 0.384033 0.018554 0.014160
0 0.298340 0.381836 0.043946 0.034180
0 1.122070 0.367432 0.021484 0.007324
0 0.186524 0.371582 0.050782 0.027344
0 0.112304 0.367920 0.048828 0.030762
0 1.182128 0.344238 0.024414 0.010742
0 0.497070 0.344482 0.019532 0.012207
0 0.053710 0.346680 0.021484 0.020508
0 1.363770 0.323730 0.014648 0.006836
0 1.212402 0.322754 0.016602 0.006836
0 0.284180 0.326416 0.041016 0.040527
0 0.340332 0.292480 0.022460 0.013672
0 0.178710 0.312988 0.076172 0.068359
0 0.266114 0.283936 0.043946 0.032715
0 0.260254 0.270020 0.022460 0.015625
0 1.726074 0.220459 0.028320 0.017090
0 1.490234 0.166992 0.054688 0.023438
0 0.708496 0.416748 0.016602 0.009277
