0 0.645996 0.891113 0.036132 0.011719
0 0.557618 0.802979 0.050782 0.046387
0 0.168458 0.734619 0.034180 0.025879
0 1.186524 0.706543 0.019532 0.007812
0 1.360352 0.705566 0.031250 0.014648
0 0.289062 0.711670 0.070312 0.039551
0 0.637696 0.667236 0.015624 0.009277
0 0.353028 0.652344 0.055664 0.031250
0 0.059570 0.584473 0.068360 0.034180
0 0.522950 0.577148 0.043946 0.023438
0 0.248046 0.566650 0.048828 0.041504
0 1.760742 0.528809 0.017578 0.019531
0 0.547852 0.524658 0.037110 0.026855
0 0.279786 0.505371 0.012696 0.011719
0 0.415040 0.501953 0.029296 0.020508
0 1.295410 0.483154 0.024414 0.012207
0 0.223144 0.471436 0.043946 0.047363
0 0.314454 0.454834 0.017578 0.016113
0 0.008300 0.454346 0.010742 0.024902
0 1.403320 0.446289 0.017578 0.013672
0 0.450684 0.449707 0.034180 0.024414
0 1.645508 0.442383 0.031250 0.027344
0 0.043458 0.444336 0.053710 0.081055
0 1.953614 0.416260 0.030274 0.039551
0 0.355468 0.404785 0.046876 0.026367
0 0.235352 0.396240 0.033204 0.035645
0 0.151856 0.389893 0.047852 0.030762
0 1.415040 0.376221 0.019532 0.013184
0 0.086914 0.355469 0.046876 0.047852
0 1.883790 0.276611 0.025390 0.019043
