0 1.208984 0.917725 0.058594 0.016113
0 0.685546 0.847412 0.031250 0.011230
0 0.648438 0.772461 0.091796 0.056641
0 0.156738 0.707764 0.067382 0.035645
0 0.241210 0.692139 0.033204 0.023926
0 0.369628 0.672607 0.067382 0.037598
0 0.716796 0.626709 0.013672 0.009277
0 0.071290 0.627686 0.074218 0.048340
0 0.430176 0.611572 0.063476 0.029785
0 0.599122 0.537109 0.036132 0.019531
0 0.144532 0.532959 0.044922 0.025879
0 0.327148 0.527588 0.068360 0.036621
0 0.364258 0.512207 0.021484 0.015625
0 1.254394 0.495117 0.014648 0.010742
0 0.621582 0.487793 0.045898 0.022461
0 0.494140 0.460205 0.025390 0.020996
0 0.777344 0.451904 0.017578 0.007324
0 0.688476 0.444824 0.021484 0.012695
0 1.376464 0.442871 0.028320 0.012695
0 1.341796 0.429199 0.021484 0.010742
0 0.619628 0.419189 0.012696 0.006348
0 0.296386 0.432373 0.059570 0.036621
0 0.075684 0.414307 0.028320 0.020020
0 0.527344 0.413330 0.035156 0.019043
0 1.684570 0.407227 0.015624 0.010742
0 1.482422 0.405762 0.015624 0.009766
0 0.760254 0.389404 0.018554 0.008301
0 0.117188 0.395264 0.054688 0.046387
0 0.418946 0.376465 0.037110 0.027344
0 0.683106 0.365967 0.014648 0.008301
0 1.311036 0.355957 0.018554 0.009766
0 0.307128 0.359863 0.043946 0.020508
0 0.551758 0.357910 0.035156 0.016602
0 1.493164 0.340332 0.021484 0.012695
0 0.227540 0.350098 0.044922 0.033203
0 1.355468 0.337646 0.025390 0.012207
0 0.399414 0.322998 0.033204 0.023926
0 0.164550 0.323975 0.049804 0.035645
0 0.284180 0.313965 0.042968 0.032227
0 0.468750 0.280273 0.023438 0.013672
0 0.314942 0.282471 0.045898 0.026855
0 0.375488 0.275879 0.038086 0.019531
0 0.202636 0.261230 0.047852 0.030273
0 0.163086 0.421875 0.019532 0.014648
