0 1.272460 0.587158 0.025390 0.014160
0 0.776368 0.386230 0.013672 0.006836
0 0.847656 0.385010 0.021484 0.008301
0 1.039550 0.371582 0.018554 0.007812
0 0.931152 0.364746 0.012696 0.005859
0 1.192382 0.366455 0.033204 0.012207
0 0.843750 0.363037 0.015624 0.006348
0 1.157226 0.354736 0.029296 0.012207
0 1.300782 0.328369 0.015624 0.006348
0 1.501954 0.329346 0.023438 0.013184
0 1.020508 0.323242 0.027344 0.009766
0 1.059082 0.304443 0.030274 0.009277
0 1.121582 0.281738 0.026368 0.009766
0 1.305664 0.265137 0.023438 0.008789
0 1.676758 0.232910 0.027344 0.014648
0 1.558106 0.152832 0.063476 0.026367
0 0.757812 0.378662 0.023438 0.011230
