0 1.118164 0.626709 0.013672 0.005371
0 1.286622 0.625488 0.022460 0.010742
0 0.711914 0.400146 0.013672 0.007324
0 1.208984 0.398682 0.019532 0.007324
0 1.182618 0.389648 0.029296 0.011719
0 1.316894 0.359863 0.020508 0.010742
0 1.044434 0.358154 0.016602 0.007324
0 1.517090 0.358643 0.020508 0.013184
0 1.852050 0.347900 0.022460 0.020020
0 1.081054 0.339111 0.025390 0.009277
0 0.525878 0.335693 0.020508 0.011230
0 0.399414 0.335693 0.031250 0.020996
0 1.326660 0.299316 0.018554 0.008789
0 0.238282 0.293701 0.039062 0.025879
0 0.123046 0.287598 0.048828 0.034180
0 0.385254 0.275391 0.024414 0.014648
0 0.304688 0.251953 0.019532 0.011719
0 0.239746 0.243408 0.041992 0.030762
0 0.225586 0.230713 0.023438 0.012207
0 1.684570 0.224365 0.039062 0.021973
0 0.176758 0.241943 0.087890 0.064941
0 1.519532 0.164062 0.058594 0.023438
0 1.221192 0.257324 0.016602 0.007812
0 0.781738 0.411377 0.022460 0.011230
0 0.665040 0.382324 0.021484 0.012695
