0 0.623536 0.769531 0.030274 0.012695
0 0.546386 0.680176 0.047852 0.044922
0 0.059082 0.625244 0.075196 0.049316
0 0.145508 0.603760 0.064454 0.035645
0 0.272460 0.590576 0.076172 0.040527
0 1.345704 0.572754 0.021484 0.016602
0 0.614258 0.539062 0.019532 0.013672
0 0.145508 0.534180 0.037110 0.026367
0 0.331054 0.529297 0.058594 0.032227
0 0.501954 0.448486 0.042968 0.021973
0 0.219238 0.441650 0.063476 0.040527
0 0.015136 0.427002 0.014648 0.031738
0 0.758790 0.402100 0.017578 0.010254
0 0.529786 0.392822 0.053710 0.042480
0 0.860840 0.364746 0.016602 0.007812
0 0.678222 0.361572 0.022460 0.012207
0 0.410644 0.334229 0.040040 0.032715
0 0.266602 0.318604 0.025390 0.019043
0 0.199708 0.330566 0.067382 0.080078
0 0.450684 0.280518 0.034180 0.019043
0 0.315430 0.291260 0.058594 0.051270
0 0.203124 0.275635 0.050782 0.023926
0 0.513672 0.250244 0.027344 0.013184
0 0.289062 0.241211 0.027344 0.016602
0 0.130860 0.267822 0.089844 0.081543
0 0.185546 0.219971 0.027344 0.016113
0 0.429688 0.221924 0.046876 0.020996
0 0.368652 0.193848 0.020508 0.010742
0 0.339844 0.197754 0.037110 0.021484
0 0.216796 0.197754 0.054688 0.027344
0 0.838868 0.356934 0.025390 0.009766
0 0.313476 0.182129 0.082032 0.045898
