0 1.062500 0.962891 0.072266 0.017578
0 0.852540 0.909668 0.076172 0.012695
0 0.858886 0.824219 0.041992 0.009766
0 1.456054 0.810791 0.054688 0.020996
0 0.556640 0.742188 0.027344 0.012695
0 0.548828 0.666016 0.080078 0.039062
0 0.051758 0.609863 0.060546 0.033203
0 0.125976 0.582520 0.035156 0.035156
0 1.329590 0.562988 0.026368 0.013672
0 0.251954 0.573975 0.052734 0.041504
0 0.604004 0.524658 0.014648 0.013184
0 0.125488 0.514404 0.041992 0.031738
0 0.315918 0.509033 0.061524 0.034668
0 1.954590 0.470947 0.012696 0.008301
0 0.492676 0.437744 0.040040 0.024902
0 0.052246 0.432617 0.018554 0.021484
0 0.220704 0.426758 0.060546 0.036133
0 0.627442 0.384521 0.020508 0.012207
0 0.496582 0.386230 0.086914 0.026367
0 0.847656 0.354736 0.011718 0.006348
0 0.831054 0.345215 0.023438 0.008789
0 0.658204 0.346436 0.027344 0.014160
0 0.756836 0.336914 0.011718 0.005859
0 0.184082 0.327393 0.071290 0.038574
0 0.413086 0.312500 0.037110 0.029297
0 0.570800 0.270508 0.014648 0.007812
0 0.312012 0.280029 0.043946 0.035645
0 0.510254 0.236328 0.012696 0.007812
0 0.143066 0.245361 0.036132 0.029785
0 0.193848 0.265137 0.086914 0.072266
0 0.296386 0.219238 0.034180 0.021484
0 0.443848 0.203369 0.014648 0.007324
0 0.251464 0.174805 0.040040 0.016602
0 0.181152 0.217041 0.034180 0.022949
