0 1.147950 0.794434 0.045898 0.010742
0 1.120606 0.742188 0.038086 0.013672
0 1.307128 0.654541 0.028320 0.015137
0 1.139160 0.650879 0.026368 0.009766
0 0.502930 0.473145 0.048828 0.020508
0 0.816894 0.455566 0.022460 0.007812
0 0.973144 0.445068 0.018554 0.008301
0 0.364258 0.449707 0.027344 0.022461
0 0.815430 0.431396 0.015624 0.008301
0 1.243164 0.420654 0.027344 0.010254
0 1.209960 0.409180 0.029296 0.012695
0 0.170410 0.416992 0.063476 0.041016
0 0.697754 0.400635 0.018554 0.009277
0 0.404786 0.396484 0.036132 0.023438
0 1.349610 0.381592 0.025390 0.011230
0 1.073242 0.377441 0.019532 0.007812
0 1.549316 0.378174 0.020508 0.013184
0 0.633790 0.376221 0.021484 0.013184
0 1.881348 0.364258 0.020508 0.017578
0 1.109376 0.359375 0.023438 0.008789
0 0.559570 0.354980 0.017578 0.009766
0 0.291504 0.361572 0.043946 0.031738
0 1.215820 0.344238 0.025390 0.010742
0 0.187012 0.345215 0.030274 0.023438
0 1.169434 0.336670 0.024414 0.010254
0 0.106446 0.335693 0.033204 0.028809
0 0.492188 0.324463 0.021484 0.012207
0 1.198730 0.314697 0.020508 0.007324
0 0.272950 0.310547 0.036132 0.025391
0 1.258790 0.280273 0.031250 0.013672
0 0.340820 0.268555 0.025390 0.015625
0 0.173828 0.289062 0.078124 0.061523
0 0.268066 0.256348 0.057618 0.030273
0 1.412110 0.137939 0.041016 0.013184
0 1.533692 0.090332 0.043946 0.017578
0 0.265624 0.246582 0.019532 0.010742
