0 1.131348 0.630859 0.014648 0.006836
0 1.300292 0.627197 0.024414 0.011230
0 1.228516 0.407471 0.017578 0.009277
0 0.716796 0.406006 0.019532 0.010254
0 1.000000 0.392822 0.017578 0.006348
0 1.187500 0.392822 0.023438 0.009277
0 0.469726 0.389404 0.025390 0.017090
0 1.331054 0.369141 0.019532 0.010742
0 1.531250 0.368652 0.019532 0.013672
0 0.360840 0.363770 0.020508 0.014648
0 1.865234 0.358887 0.019532 0.018555
0 0.417480 0.348633 0.030274 0.018555
0 0.530274 0.343506 0.017578 0.009277
0 1.088378 0.344238 0.026368 0.010742
0 0.264160 0.347168 0.047852 0.033203
0 0.160156 0.336182 0.033204 0.026855
0 1.334960 0.304199 0.015624 0.006836
0 1.182618 0.300781 0.017578 0.006836
0 0.244628 0.307617 0.034180 0.026367
0 0.391114 0.280762 0.020508 0.011719
0 0.308594 0.257812 0.027344 0.017578
0 0.202636 0.262451 0.041992 0.029785
0 0.145508 0.277588 0.083984 0.076660
0 0.245118 0.250244 0.050782 0.036621
0 0.231446 0.237061 0.023438 0.014160
0 1.513672 0.165039 0.060546 0.023438
0 0.787110 0.417480 0.021484 0.009766
