0 0.698730 0.897705 0.041992 0.013184
0 0.609376 0.764893 0.027344 0.011230
0 0.532226 0.673340 0.058594 0.043945
0 0.052734 0.620361 0.058594 0.038574
0 0.134278 0.593994 0.045898 0.038574
0 1.332032 0.570557 0.027344 0.015137
0 0.264648 0.582031 0.068360 0.040039
0 0.607422 0.534424 0.019532 0.012207
0 0.132324 0.524414 0.049804 0.025391
0 0.324218 0.520020 0.062500 0.037109
0 0.494628 0.441162 0.040040 0.027832
0 0.211426 0.433105 0.063476 0.042969
0 0.743164 0.398438 0.013672 0.007812
0 0.515136 0.400391 0.047852 0.036133
0 0.854980 0.360596 0.014648 0.008301
0 0.687988 0.357422 0.014648 0.007812
0 0.191894 0.349121 0.053710 0.055664
0 0.403808 0.328369 0.049804 0.041504
0 0.262696 0.309814 0.021484 0.013184
0 0.653808 0.298828 0.014648 0.007812
0 0.573730 0.277832 0.028320 0.014648
0 0.322266 0.272949 0.042968 0.032227
0 0.473632 0.278076 0.080078 0.045410
0 0.199708 0.266113 0.043946 0.021484
0 0.131348 0.258789 0.032226 0.024414
0 0.510742 0.244873 0.023438 0.012207
0 0.159668 0.234863 0.022460 0.012695
0 0.288086 0.234863 0.029296 0.019531
0 0.437988 0.210938 0.038086 0.019531
0 0.307618 0.199951 0.015624 0.009277
0 0.335938 0.191650 0.037110 0.018066
0 0.204590 0.201904 0.077148 0.052246
0 0.833496 0.353027 0.028320 0.008789
