0 0.731934 0.974854 0.083008 0.017090
0 0.725098 0.848877 0.043946 0.015137
0 0.633790 0.756836 0.060546 0.046875
0 0.143066 0.701416 0.055664 0.042480
0 0.241700 0.688965 0.032226 0.027344
0 0.367188 0.668701 0.066406 0.034668
0 0.714356 0.621826 0.020508 0.011230
0 0.435058 0.607910 0.061524 0.030273
0 0.072266 0.616455 0.070312 0.049316
0 0.596680 0.531250 0.046876 0.019531
0 1.301758 0.517334 0.015624 0.011230
0 0.325196 0.522705 0.056640 0.034668
0 0.627442 0.480713 0.045898 0.021973
0 0.492676 0.458008 0.026368 0.017578
0 1.221680 0.436279 0.017578 0.009277
0 1.372558 0.431152 0.024414 0.009766
0 0.499024 0.432861 0.017578 0.013184
0 1.844726 0.432617 0.021484 0.021484
0 1.797364 0.435303 0.032226 0.031738
0 1.341308 0.421631 0.028320 0.011230
0 1.172852 0.417236 0.017578 0.008301
0 0.296386 0.427246 0.057618 0.042969
0 0.386230 0.407227 0.020508 0.017578
0 0.528320 0.404785 0.033204 0.022461
0 1.477540 0.394531 0.017578 0.010742
0 1.205078 0.387939 0.019532 0.008301
0 0.761230 0.383301 0.018554 0.007812
0 0.118652 0.393799 0.051758 0.044434
0 1.239258 0.369385 0.023438 0.010254
0 0.684570 0.360840 0.023438 0.010742
0 0.430176 0.359131 0.040040 0.025879
0 1.300782 0.345215 0.017578 0.007812
0 0.230468 0.345947 0.029296 0.021973
0 0.509766 0.343994 0.033204 0.018066
0 0.308106 0.349609 0.045898 0.030273
0 0.621582 0.331543 0.018554 0.009766
0 1.485352 0.328613 0.015624 0.006836
0 1.331054 0.324707 0.013672 0.005859
0 0.397950 0.321777 0.028320 0.019531
0 0.471680 0.297119 0.029296 0.014160
0 0.167480 0.308838 0.065430 0.057129
0 0.299316 0.299072 0.079102 0.067871
0 0.476074 0.272949 0.030274 0.016602
0 0.205078 0.261963 0.046876 0.029785
0 0.409668 0.272217 0.041992 0.021973
0 1.253418 0.486572 0.014648 0.008301
0 0.080078 0.410645 0.017578 0.012695
0 1.380372 0.287354 0.024414 0.011230
