0 1.116210 0.627930 0.013672 0.006836
0 1.283692 0.626709 0.020508 0.011230
0 1.208008 0.398438 0.027344 0.009766
0 1.180176 0.388428 0.030274 0.013184
0 1.319336 0.361572 0.021484 0.011230
0 1.519532 0.360596 0.019532 0.013184
0 1.037598 0.357178 0.014648 0.007324
0 0.593750 0.358398 0.017578 0.010742
0 1.854004 0.351318 0.022460 0.020020
0 1.076660 0.337891 0.018554 0.007812
0 0.519042 0.338867 0.022460 0.012695
0 0.391602 0.335449 0.031250 0.019531
0 0.442382 0.313721 0.013672 0.006348
0 1.138672 0.314941 0.027344 0.007812
0 0.230958 0.299072 0.040040 0.028809
0 0.298340 0.252930 0.022460 0.012695
0 0.224610 0.254150 0.027344 0.018066
0 0.213868 0.236572 0.023438 0.013184
0 1.688964 0.226807 0.038086 0.021973
0 0.157226 0.258545 0.123046 0.099121
0 1.517578 0.163086 0.062500 0.024414
0 0.777344 0.411377 0.021484 0.011230
