0 0.700196 0.856689 0.035156 0.011230
0 0.616210 0.764893 0.048828 0.041504
0 0.228516 0.689697 0.031250 0.027832
0 0.137208 0.695557 0.061524 0.042480
0 0.357910 0.666748 0.067382 0.038574
0 0.704102 0.629150 0.021484 0.011230
0 0.421386 0.609375 0.053710 0.030273
0 0.065430 0.611328 0.068360 0.049805
0 0.594238 0.535400 0.041992 0.019043
0 1.333496 0.521973 0.012696 0.008789
0 0.319336 0.521484 0.054688 0.037109
0 0.627930 0.484375 0.042968 0.025391
0 1.848144 0.477295 0.020508 0.022949
0 0.493652 0.457764 0.024414 0.018066
0 1.787598 0.458496 0.026368 0.024414
0 1.375000 0.452637 0.025390 0.012695
0 1.346192 0.441650 0.030274 0.014160
0 0.470704 0.435059 0.017578 0.013672
0 1.486328 0.418457 0.017578 0.011719
0 0.308106 0.425049 0.041992 0.041504
0 0.535644 0.408447 0.024414 0.019043
0 0.397950 0.405762 0.024414 0.015625
0 0.770508 0.391846 0.015624 0.007324
0 1.249512 0.387451 0.022460 0.011230
0 0.125488 0.387451 0.047852 0.041504
0 0.697754 0.366455 0.022460 0.011230
0 1.317872 0.366699 0.028320 0.014648
0 1.499512 0.353271 0.014648 0.008301
0 0.447754 0.359375 0.043946 0.026367
0 0.518066 0.342773 0.026368 0.015625
0 0.319336 0.347656 0.046876 0.028320
0 0.632812 0.334229 0.019532 0.008301
0 0.243164 0.340820 0.046876 0.035156
0 0.415528 0.319580 0.028320 0.020020
0 0.502442 0.302979 0.024414 0.013184
0 0.185058 0.312988 0.061524 0.041992
0 0.487304 0.277344 0.017578 0.007812
0 0.428710 0.271973 0.029296 0.015625
0 0.319336 0.291992 0.082032 0.059570
0 0.402832 0.254150 0.043946 0.017090
0 0.223632 0.254395 0.042968 0.026367
0 0.087402 0.407959 0.022460 0.022949
