0 0.329590 0.857422 0.067382 0.023438
0 1.138184 0.813232 0.034180 0.009277
0 0.962890 0.801514 0.027344 0.008301
0 1.555176 0.729004 0.030274 0.015625
0 0.995118 0.634277 0.015624 0.005859
0 1.831054 0.640625 0.046876 0.032227
0 0.913574 0.619385 0.022460 0.008301
0 1.540528 0.596436 0.018554 0.016113
0 1.787598 0.589600 0.014648 0.014160
0 1.453124 0.575684 0.017578 0.011719
0 1.251464 0.560303 0.014648 0.008301
0 1.857910 0.522461 0.022460 0.017578
0 1.340820 0.495117 0.023438 0.016602
0 1.912598 0.500244 0.057618 0.050293
0 1.954102 0.460449 0.050782 0.058594
0 1.772950 0.425537 0.018554 0.017090
0 1.837402 0.398193 0.030274 0.023926
0 1.801758 0.342773 0.013672 0.006836
