0 0.452636 0.835938 0.059570 0.044922
0 1.088868 0.745117 0.029296 0.008789
0 0.189942 0.742920 0.065430 0.042480
0 0.545898 0.701416 0.023438 0.012207
0 0.254882 0.683350 0.058594 0.038574
0 0.431152 0.609375 0.038086 0.023438
0 1.663574 0.596924 0.024414 0.018066
0 0.156738 0.600586 0.049804 0.033203
0 0.091796 0.577881 0.015624 0.018066
0 1.456542 0.559814 0.014648 0.011230
0 0.461426 0.557129 0.043946 0.030273
0 1.315430 0.485352 0.017578 0.009766
0 1.515136 0.486816 0.014648 0.014648
0 1.898438 0.488525 0.029296 0.036621
0 1.490234 0.448486 0.021484 0.014160
0 1.326660 0.418945 0.012696 0.007812
0 1.955566 0.390869 0.047852 0.029785
0 1.802734 0.324707 0.025390 0.020508
0 1.851562 0.288574 0.029296 0.021484
0 1.795410 0.241699 0.026368 0.018555
