0 0.613770 0.894043 0.047852 0.014648
0 0.523926 0.757324 0.034180 0.015625
0 0.458008 0.667969 0.062500 0.045898
0 0.061036 0.583740 0.057618 0.037598
0 1.260254 0.571533 0.026368 0.013184
0 0.186524 0.579346 0.066406 0.058105
0 0.533204 0.528320 0.021484 0.011719
0 0.050292 0.515137 0.043946 0.029297
0 0.245118 0.510742 0.062500 0.041016
0 1.885742 0.490723 0.015624 0.010742
0 1.036622 0.348633 0.020508 0.007812
0 1.191406 0.343994 0.035156 0.011230
0 0.844238 0.338379 0.024414 0.009766
0 0.932618 0.330078 0.015624 0.006836
0 1.157714 0.332520 0.036132 0.012695
0 1.500488 0.308594 0.014648 0.005859
0 1.299804 0.307373 0.025390 0.011230
0 1.021972 0.299561 0.020508 0.007324
0 1.120118 0.259277 0.029296 0.007812
0 1.305176 0.243408 0.020508 0.008301
0 1.678222 0.242676 0.026368 0.014648
0 1.620606 0.155518 0.055664 0.023926
0 0.933106 0.340576 0.022460 0.007324
