0 1.266114 0.582275 0.024414 0.013184
0 0.806640 0.388428 0.015624 0.007324
0 0.760742 0.384521 0.015624 0.007324
0 1.019532 0.364746 0.015624 0.005859
0 0.825684 0.361084 0.020508 0.007324
0 1.175292 0.356689 0.036132 0.011230
0 1.138184 0.344971 0.030274 0.010254
0 0.998046 0.317383 0.021484 0.008789
0 1.278808 0.316406 0.024414 0.011719
0 1.479980 0.312744 0.022460 0.012207
0 1.034668 0.296631 0.030274 0.008301
0 1.279296 0.252441 0.011718 0.004883
0 1.119628 0.253174 0.018554 0.007324
0 1.646484 0.217529 0.033204 0.017090
0 1.536622 0.141113 0.067382 0.027344
0 1.162598 0.211670 0.014648 0.006348
0 0.742188 0.376221 0.023438 0.011230
