0 0.625488 0.878906 0.055664 0.015625
0 0.541992 0.742432 0.031250 0.016113
0 0.481446 0.651123 0.052734 0.046387
0 1.286132 0.553955 0.019532 0.013184
0 0.075196 0.551025 0.029296 0.041504
0 0.203124 0.556885 0.052734 0.069824
0 0.553222 0.507324 0.014648 0.015625
0 0.271972 0.509033 0.049804 0.040527
0 0.076660 0.494629 0.041992 0.014648
0 0.155274 0.474854 0.056640 0.034668
0 0.437012 0.459473 0.032226 0.030273
0 1.894042 0.451416 0.036132 0.032715
0 0.444824 0.412354 0.043946 0.024902
0 0.611816 0.405518 0.020508 0.015137
0 1.912598 0.392334 0.024414 0.025879
0 0.300292 0.385254 0.034180 0.033203
0 0.693848 0.370605 0.014648 0.008789
0 0.108886 0.377686 0.059570 0.045410
0 1.039062 0.333740 0.023438 0.008301
0 0.324218 0.344727 0.041016 0.039062
0 1.195800 0.325684 0.034180 0.013672
0 0.167968 0.327881 0.027344 0.021973
0 1.156250 0.314453 0.035156 0.012695
0 0.367676 0.304199 0.032226 0.020508
0 0.099610 0.303467 0.048828 0.032715
0 1.293946 0.286377 0.023438 0.010254
0 0.480958 0.287109 0.022460 0.013672
0 0.224122 0.300293 0.051758 0.042969
0 1.499024 0.281250 0.027344 0.015625
0 1.023926 0.281494 0.043946 0.020020
0 1.050292 0.265381 0.028320 0.010254
0 0.408204 0.259766 0.011718 0.006836
0 0.186036 0.262939 0.049804 0.034668
0 1.106934 0.243408 0.024414 0.008301
0 1.666016 0.226074 0.017578 0.010742
0 1.295410 0.220459 0.026368 0.010254
0 0.250976 0.212646 0.019532 0.011230
0 0.222168 0.214844 0.026368 0.017578
0 1.634278 0.137207 0.077148 0.034180
