0 1.023926 0.866455 0.067382 0.013184
0 0.634278 0.786377 0.036132 0.012207
0 0.608886 0.711426 0.079102 0.049805
0 0.084472 0.652100 0.071290 0.036621
0 0.187012 0.630859 0.038086 0.038086
0 0.316406 0.614258 0.054688 0.044922
0 0.665528 0.564941 0.016602 0.011719
0 0.021972 0.577637 0.030274 0.054688
0 0.381836 0.555664 0.054688 0.028320
0 0.549316 0.478516 0.034180 0.022461
0 0.279786 0.465820 0.057618 0.041016
0 0.562500 0.426758 0.074218 0.026367
0 0.671876 0.411377 0.023438 0.015137
0 0.890624 0.382324 0.017578 0.006836
0 0.608398 0.376221 0.015624 0.011230
0 0.631348 0.350098 0.016602 0.008789
0 0.243164 0.366211 0.066406 0.049805
0 0.463868 0.372559 0.074218 0.084961
0 0.712402 0.326172 0.014648 0.006836
0 0.080566 0.335205 0.057618 0.050293
0 0.638184 0.304199 0.012696 0.005859
0 0.369140 0.315674 0.052734 0.034668
0 0.257812 0.295166 0.048828 0.025879
0 0.565430 0.275635 0.019532 0.010254
0 0.117676 0.270996 0.034180 0.026367
0 0.340820 0.264648 0.037110 0.023438
0 0.210450 0.260986 0.147460 0.092285
0 0.420410 0.217285 0.014648 0.006836
0 0.309570 0.219238 0.019532 0.012695
