0 1.195312 0.783447 0.056640 0.015137
0 1.177734 0.736084 0.033204 0.009277
0 1.311524 0.618896 0.023438 0.013184
0 0.892578 0.434082 0.021484 0.007812
0 1.219238 0.392334 0.030274 0.010254
0 1.186524 0.381836 0.033204 0.012695
0 0.603516 0.357666 0.013672 0.006348
0 1.046386 0.352539 0.018554 0.008789
0 1.325196 0.354004 0.025390 0.013672
0 1.527344 0.351562 0.023438 0.015625
0 0.530762 0.337402 0.014648 0.007812
0 1.147460 0.337158 0.025390 0.010254
0 1.860352 0.336914 0.017578 0.011719
0 1.082520 0.333008 0.022460 0.008789
0 1.145020 0.309570 0.026368 0.008789
0 0.458496 0.308350 0.022460 0.010254
0 1.327148 0.289551 0.013672 0.005859
0 0.385742 0.278564 0.015624 0.008301
0 0.304200 0.254395 0.026368 0.015625
0 1.384766 0.090820 0.031250 0.010742
0 0.226074 0.242920 0.059570 0.032715
0 1.259278 0.228760 0.036132 0.012207
0 0.788574 0.409180 0.020508 0.009766
