0 0.954590 0.992676 0.057618 0.008789
0 1.204590 0.903076 0.083008 0.029785
0 0.708008 0.843750 0.033204 0.010742
0 0.668458 0.766357 0.088868 0.056152
0 0.159180 0.714111 0.052734 0.034668
0 0.251954 0.701660 0.035156 0.025391
0 0.375976 0.678223 0.064454 0.035156
0 0.717286 0.622070 0.020508 0.010742
0 0.074708 0.637939 0.073242 0.051270
0 0.430664 0.615234 0.058594 0.027344
0 0.134766 0.543213 0.052734 0.027832
0 0.597168 0.538330 0.041992 0.022949
0 0.324218 0.529541 0.074218 0.044434
0 0.613282 0.488281 0.054688 0.019531
0 0.479492 0.462402 0.023438 0.019531
0 0.792480 0.449707 0.016602 0.006836
0 0.682618 0.447266 0.021484 0.013672
0 0.279786 0.438965 0.061524 0.035156
0 1.205078 0.424072 0.017578 0.009277
0 0.603516 0.417480 0.019532 0.012695
0 1.352050 0.414795 0.030274 0.014160
0 0.505372 0.412109 0.036132 0.021484
0 1.320312 0.404297 0.031250 0.013672
0 0.101562 0.410156 0.044922 0.036133
0 0.738282 0.383545 0.023438 0.011230
0 1.183594 0.375732 0.023438 0.010254
0 1.454590 0.375488 0.022460 0.014648
0 0.399414 0.378662 0.048828 0.027832
0 1.657226 0.369629 0.019532 0.012695
0 0.551758 0.369385 0.029296 0.015137
0 0.660156 0.362549 0.025390 0.012207
0 1.215820 0.356934 0.015624 0.006836
0 0.284180 0.364014 0.048828 0.021973
0 0.204590 0.353027 0.030274 0.043945
0 1.276368 0.332275 0.027344 0.012207
0 0.372558 0.329590 0.020508 0.011719
0 0.137208 0.332275 0.053710 0.040527
0 1.456542 0.310059 0.016602 0.007812
0 0.521484 0.303223 0.019532 0.008789
0 1.339356 0.296875 0.026368 0.011719
0 0.434082 0.284180 0.016602 0.007812
0 0.269042 0.307861 0.069336 0.061035
0 0.337890 0.281494 0.029296 0.018066
0 0.173828 0.269287 0.048828 0.030762
0 0.141114 0.432373 0.018554 0.014160
0 1.349122 0.271484 0.026368 0.009766
0 0.354004 0.262939 0.028320 0.018066
