0 0.927246 0.980957 0.057618 0.008789
0 1.167968 0.890625 0.060546 0.022461
0 0.688476 0.828857 0.033204 0.011230
0 0.647950 0.753418 0.096680 0.056641
0 0.150878 0.695068 0.071290 0.037598
0 0.234376 0.678467 0.031250 0.021973
0 0.357910 0.659180 0.069336 0.041992
0 1.267090 0.634521 0.016602 0.009277
0 0.706054 0.606201 0.023438 0.012207
0 0.062988 0.614746 0.075196 0.051758
0 0.418458 0.597900 0.055664 0.029785
0 0.584960 0.519775 0.046876 0.020996
0 0.122558 0.516113 0.040040 0.025391
0 0.318360 0.511963 0.052734 0.039551
0 0.599122 0.469971 0.067382 0.020996
0 0.818848 0.441162 0.020508 0.008301
0 0.473632 0.441162 0.025390 0.022949
0 0.688964 0.436035 0.026368 0.014648
0 1.202636 0.416504 0.014648 0.007812
0 0.271484 0.415039 0.066406 0.039062
0 0.601074 0.398682 0.020508 0.012207
0 0.505860 0.392822 0.033204 0.022949
0 0.737792 0.367676 0.016602 0.006836
0 0.104980 0.385498 0.059570 0.044434
0 0.580078 0.358643 0.025390 0.014160
0 0.397460 0.359375 0.042968 0.028320
0 1.217774 0.347900 0.027344 0.011230
0 0.663574 0.344482 0.016602 0.009277
0 0.286132 0.341309 0.041016 0.027344
0 0.205566 0.339355 0.032226 0.027344
0 1.279786 0.325195 0.028320 0.013672
0 0.594238 0.317139 0.020508 0.009277
0 1.459472 0.305176 0.024414 0.011719
0 0.374024 0.306641 0.035156 0.023438
0 0.140136 0.306641 0.055664 0.037109
0 0.255372 0.300293 0.040040 0.032227
0 0.522950 0.285889 0.016602 0.008301
0 1.363770 0.276123 0.032226 0.013184
0 0.443848 0.261475 0.020508 0.011230
0 0.298340 0.265381 0.053710 0.038574
0 0.179200 0.246582 0.041992 0.025391
