0 0.927734 0.966309 0.076172 0.017578
0 0.860352 0.946289 0.078124 0.015625
0 1.201660 0.783936 0.036132 0.014160
0 1.269532 0.595215 0.023438 0.011719
0 1.045410 0.375732 0.018554 0.006348
0 1.177246 0.363770 0.057618 0.019531
0 1.062500 0.340332 0.025390 0.009766
0 1.297364 0.330322 0.024414 0.011230
0 1.027344 0.327637 0.023438 0.007812
0 1.498046 0.329590 0.025390 0.014648
0 1.832520 0.319092 0.014648 0.008301
0 1.064454 0.309082 0.023438 0.007812
0 1.131348 0.286865 0.014648 0.007324
0 1.414550 0.053223 0.047852 0.014648
0 0.766602 0.379395 0.023438 0.010742
