0 0.965820 0.856201 0.068360 0.015137
0 0.605958 0.772217 0.026368 0.012207
0 0.592774 0.695312 0.083984 0.044922
0 0.077148 0.633789 0.089844 0.038086
0 0.171876 0.612549 0.048828 0.043457
0 1.207520 0.593262 0.014648 0.008789
0 0.307128 0.601318 0.073242 0.042480
0 0.014648 0.564209 0.015624 0.027832
0 0.648926 0.552734 0.016602 0.012695
0 0.187012 0.547119 0.012696 0.009277
0 0.364746 0.540771 0.053710 0.030762
0 0.539550 0.463135 0.041992 0.020996
0 0.271972 0.449463 0.047852 0.034668
0 0.888672 0.406982 0.011718 0.006348
0 0.544434 0.413330 0.088868 0.023926
0 0.666992 0.402832 0.029296 0.016602
0 0.902344 0.381348 0.013672 0.006836
0 0.434082 0.383057 0.028320 0.021973
0 0.882812 0.372803 0.021484 0.008301
0 0.606446 0.368408 0.023438 0.014160
0 0.646972 0.345215 0.024414 0.010742
0 0.767090 0.341309 0.012696 0.005859
0 0.238282 0.350830 0.070312 0.047363
0 0.458496 0.344727 0.051758 0.044922
0 0.083984 0.331787 0.037110 0.030762
0 0.704590 0.314941 0.012696 0.006836
0 0.634278 0.291260 0.012696 0.006348
0 0.364258 0.298828 0.050782 0.027344
0 0.257324 0.278809 0.057618 0.041992
0 0.345704 0.245361 0.029296 0.016113
0 0.203124 0.255859 0.125000 0.076172
0 0.419434 0.203369 0.016602 0.008301
0 0.283204 0.208252 0.078124 0.030762
