0 1.159180 0.791504 0.042968 0.015625
0 1.132812 0.741943 0.033204 0.009277
0 1.302246 0.644531 0.028320 0.013672
0 0.789062 0.446533 0.013672 0.006348
0 0.950684 0.437988 0.020508 0.007812
0 0.812012 0.419922 0.014648 0.006836
0 0.740234 0.407227 0.013672 0.005859
0 1.237792 0.407715 0.032226 0.013672
0 1.205078 0.397705 0.033204 0.012207
0 1.566406 0.390869 0.021484 0.017090
0 0.403808 0.380371 0.034180 0.031250
0 1.344726 0.370117 0.021484 0.011719
0 1.070312 0.367432 0.019532 0.007324
0 0.632812 0.364258 0.021484 0.010742
0 1.106446 0.347900 0.021484 0.009277
0 0.558106 0.342529 0.024414 0.012207
0 1.193360 0.341064 0.027344 0.010254
0 0.287110 0.347168 0.046876 0.032227
0 0.104492 0.322266 0.019532 0.011719
0 0.189942 0.329834 0.038086 0.027832
0 0.490722 0.311523 0.022460 0.012695
0 1.347168 0.305420 0.016602 0.007324
0 1.197266 0.303955 0.023438 0.008301
0 0.271484 0.299316 0.035156 0.027344
0 1.242188 0.265137 0.013672 0.006836
0 0.341308 0.255371 0.028320 0.015625
0 0.175782 0.274170 0.089844 0.067871
0 0.266114 0.243652 0.069336 0.032227
0 1.412110 0.118652 0.023438 0.008789
0 1.087890 0.416260 0.013672 0.006348
