0 1.270996 0.591553 0.018554 0.012207
0 0.783204 0.388672 0.017578 0.008789
0 0.864258 0.385498 0.021484 0.008301
0 1.034668 0.372803 0.018554 0.006348
0 0.848144 0.365723 0.016602 0.006836
0 1.186036 0.365723 0.034180 0.012695
0 1.153808 0.354980 0.032226 0.010742
0 1.012208 0.325439 0.024414 0.008301
0 1.293458 0.325684 0.024414 0.012695
0 1.492676 0.322510 0.026368 0.015137
0 1.826172 0.308838 0.013672 0.006348
0 1.049316 0.305908 0.024414 0.008301
0 1.110352 0.281982 0.019532 0.007324
0 1.289062 0.260498 0.019532 0.007324
0 1.138672 0.260986 0.023438 0.007324
0 1.660156 0.219727 0.029296 0.015625
0 1.538574 0.145264 0.057618 0.026855
0 0.763672 0.380371 0.019532 0.009766
