0 1.306640 0.645752 0.015624 0.009277
0 1.241210 0.418945 0.029296 0.011719
0 1.207520 0.405029 0.022460 0.010254
0 0.028808 0.401855 0.024414 0.020508
0 0.500976 0.398926 0.023438 0.015625
0 0.165528 0.408447 0.055664 0.039551
0 0.387208 0.396973 0.040040 0.021484
0 1.351074 0.382568 0.022460 0.011230
0 1.552246 0.382812 0.020508 0.015625
0 1.887208 0.376953 0.014648 0.009766
0 1.071778 0.374268 0.018554 0.008301
0 0.632324 0.370850 0.018554 0.010254
0 0.399414 0.370117 0.025390 0.015625
0 0.474122 0.367188 0.030274 0.020508
0 1.109864 0.355713 0.024414 0.010254
0 0.555176 0.349609 0.022460 0.010742
0 0.291504 0.353760 0.038086 0.032715
0 1.173340 0.333496 0.026368 0.010742
0 0.179200 0.339355 0.043946 0.026367
0 1.355468 0.316895 0.017578 0.010742
0 0.490234 0.317871 0.023438 0.012695
0 0.102050 0.330566 0.061524 0.038086
0 1.205078 0.312256 0.013672 0.006348
0 0.270020 0.307373 0.034180 0.023926
0 0.417480 0.286865 0.024414 0.013184
0 0.339844 0.262695 0.027344 0.016602
0 0.270508 0.267578 0.060546 0.037109
0 0.173340 0.283203 0.084960 0.070312
0 0.260254 0.241943 0.020508 0.012207
0 1.722168 0.233643 0.028320 0.019043
0 1.522950 0.172363 0.061524 0.025391
