0 1.097168 0.952637 0.073242 0.018555
0 0.886718 0.908691 0.070312 0.009766
0 0.874512 0.822998 0.014648 0.005371
0 1.420898 0.802734 0.042968 0.016602
0 0.571778 0.747803 0.034180 0.015137
0 0.556152 0.672607 0.069336 0.039551
0 0.051758 0.623291 0.058594 0.045410
0 0.128418 0.599854 0.032226 0.035645
0 0.251954 0.584229 0.058594 0.046387
0 1.319824 0.557129 0.022460 0.014648
0 0.596192 0.528076 0.014648 0.013184
0 0.112792 0.530762 0.043946 0.025391
0 0.306640 0.519775 0.064454 0.036621
0 1.941406 0.467285 0.019532 0.025391
0 0.024902 0.449463 0.014648 0.022949
0 0.479980 0.438477 0.040040 0.031250
0 1.953614 0.412354 0.018554 0.016113
0 0.202636 0.428711 0.061524 0.057617
0 0.880860 0.389404 0.013672 0.007324
0 0.484376 0.402344 0.062500 0.041016
0 0.614258 0.387939 0.023438 0.015137
0 0.645020 0.355469 0.026368 0.014648
0 0.529296 0.351074 0.019532 0.010742
0 0.831054 0.349854 0.021484 0.009277
0 0.159180 0.347900 0.066406 0.044434
0 0.392090 0.316162 0.038086 0.024902
0 1.554200 0.292725 0.022460 0.013184
0 0.632324 0.288818 0.012696 0.007324
0 0.284180 0.280762 0.042968 0.027344
0 0.557618 0.265625 0.029296 0.013672
0 0.481446 0.238281 0.021484 0.010742
0 0.259278 0.231689 0.036132 0.022949
0 0.186036 0.243652 0.100586 0.070312
0 0.810546 0.341553 0.025390 0.012207
