0 0.333984 0.826172 0.056640 0.049805
0 1.203614 0.770264 0.032226 0.010254
0 1.030762 0.765869 0.030274 0.007324
0 0.454102 0.699219 0.021484 0.010742
0 0.173340 0.669434 0.055664 0.038086
0 1.600586 0.650879 0.025390 0.016602
0 0.263184 0.619873 0.032226 0.022949
0 0.357422 0.603760 0.041016 0.026855
0 0.770508 0.587646 0.017578 0.011230
0 0.945800 0.571045 0.012696 0.005371
0 1.854004 0.547852 0.028320 0.036133
0 1.805664 0.525146 0.011718 0.008301
0 1.471192 0.523193 0.014648 0.013184
0 1.268066 0.514893 0.012696 0.007324
0 1.952148 0.488770 0.017578 0.019531
0 1.407714 0.467773 0.030274 0.017578
0 1.286622 0.450439 0.012696 0.007324
0 1.916504 0.443848 0.051758 0.040039
0 1.962890 0.403076 0.044922 0.047363
0 1.773438 0.369141 0.019532 0.018555
0 1.830078 0.339111 0.025390 0.023926
0 1.783204 0.286865 0.023438 0.019043
