0 1.295898 0.635254 0.021484 0.010742
0 0.796386 0.415039 0.020508 0.009766
0 1.229004 0.409912 0.022460 0.008301
0 1.194824 0.396484 0.028320 0.010742
0 0.480468 0.379883 0.029296 0.021484
0 1.536622 0.373291 0.020508 0.013184
0 1.335938 0.370605 0.013672 0.007812
0 1.060546 0.364502 0.021484 0.007324
0 0.374024 0.354004 0.027344 0.018555
0 1.098632 0.346436 0.029296 0.011230
0 0.435058 0.341553 0.032226 0.020020
0 0.543946 0.336182 0.021484 0.012207
0 0.276368 0.338623 0.048828 0.034668
0 1.161132 0.324219 0.021484 0.007812
0 0.089356 0.315430 0.026368 0.020508
0 1.342774 0.307861 0.021484 0.009277
0 0.171386 0.321289 0.055664 0.041992
0 0.257812 0.290283 0.033204 0.021973
0 0.407714 0.272217 0.020508 0.010254
0 0.329102 0.248291 0.025390 0.013184
0 0.221680 0.251953 0.033204 0.022461
0 1.709472 0.233154 0.012696 0.006348
0 0.255372 0.244629 0.028320 0.019531
0 0.250976 0.226074 0.021484 0.012695
0 0.166504 0.263672 0.086914 0.070312
0 1.527832 0.170410 0.053710 0.023438
