0 0.959960 0.943848 0.089844 0.017578
0 0.817382 0.907959 0.068360 0.014160
0 0.726074 0.820801 0.083008 0.019531
0 1.313476 0.793457 0.041016 0.012695
0 0.494628 0.737061 0.026368 0.013184
0 0.487304 0.661865 0.078124 0.049316
0 1.271972 0.561523 0.020508 0.012695
0 0.200196 0.566895 0.062500 0.041992
0 0.546876 0.519287 0.015624 0.015137
0 0.056640 0.506592 0.017578 0.039551
0 1.898926 0.482422 0.016602 0.026367
0 0.261230 0.496338 0.061524 0.069824
0 0.440918 0.424072 0.040040 0.018066
0 1.913574 0.421143 0.020508 0.018066
0 0.172852 0.407471 0.054688 0.036621
0 0.599122 0.377930 0.028320 0.016602
0 0.447754 0.369629 0.088868 0.030273
0 0.668458 0.360352 0.030274 0.012695
0 1.062988 0.336914 0.022460 0.008789
0 0.506348 0.331543 0.022460 0.013672
0 1.183106 0.323242 0.036132 0.014648
0 1.529296 0.306885 0.013672 0.006348
0 1.321290 0.300537 0.023438 0.010254
0 1.050782 0.288574 0.027344 0.007812
0 0.378906 0.289307 0.048828 0.030762
0 0.145020 0.299805 0.071290 0.056641
0 0.539550 0.251709 0.020508 0.010254
0 1.148926 0.250488 0.024414 0.008789
0 1.651856 0.248047 0.034180 0.020508
0 0.280274 0.253418 0.046876 0.031250
0 0.173828 0.229004 0.060546 0.042969
0 0.260254 0.205078 0.041992 0.025391
0 1.655762 0.183838 0.032226 0.015137
0 1.456542 0.094727 0.028320 0.009766
0 1.397950 0.086914 0.032226 0.011719
0 1.214844 0.334961 0.033204 0.012695
0 0.070800 0.583252 0.032226 0.037598
