0 0.688964 0.879639 0.032226 0.009277
0 0.594726 0.788574 0.052734 0.047852
0 0.127442 0.740234 0.036132 0.031250
0 0.209472 0.723633 0.036132 0.027344
0 1.224610 0.692383 0.025390 0.010742
0 0.327636 0.700928 0.067382 0.034668
0 1.397950 0.690186 0.030274 0.016113
0 0.675292 0.654541 0.020508 0.011230
0 0.058594 0.657715 0.023438 0.018555
0 0.393554 0.641357 0.054688 0.028809
0 0.095704 0.575195 0.056640 0.021484
0 0.557618 0.564697 0.042968 0.020996
0 0.279786 0.557129 0.063476 0.034180
0 1.382812 0.524902 0.013672 0.011719
0 0.586426 0.512207 0.036132 0.024414
0 1.802246 0.497070 0.012696 0.010742
0 0.451660 0.488037 0.024414 0.025879
0 0.362792 0.477539 0.014648 0.016602
0 1.179688 0.471191 0.013672 0.006836
0 1.331054 0.465820 0.027344 0.012695
0 0.351074 0.441895 0.018554 0.016602
0 0.256836 0.455322 0.056640 0.049316
0 1.708008 0.446289 0.027344 0.033203
0 0.037598 0.444336 0.022460 0.030273
0 1.442382 0.429443 0.015624 0.009277
0 0.488282 0.436768 0.044922 0.025879
0 1.641114 0.430908 0.014648 0.016113
0 0.716796 0.417480 0.013672 0.006836
0 0.078614 0.426270 0.053710 0.045898
0 0.392578 0.389648 0.042968 0.027344
0 1.969238 0.386963 0.022460 0.033691
0 0.274902 0.380371 0.034180 0.030273
0 1.446778 0.365479 0.012696 0.006348
0 0.456054 0.368164 0.021484 0.016602
0 0.190918 0.377197 0.041992 0.037598
0 0.360352 0.351318 0.023438 0.017090
0 0.469726 0.344727 0.019532 0.012695
0 0.126464 0.348877 0.045898 0.039551
0 0.366700 0.303467 0.022460 0.015137
0 0.264160 0.324951 0.075196 0.062012
0 0.163086 0.289795 0.041016 0.028809
0 1.308106 0.458252 0.018554 0.011230
