0 0.683106 0.883789 0.036132 0.011719
0 0.588378 0.798828 0.049804 0.045898
0 0.199218 0.736328 0.033204 0.023438
0 0.319824 0.710693 0.075196 0.037598
0 1.217774 0.696045 0.023438 0.009277
0 1.389648 0.693848 0.037110 0.018555
0 0.666504 0.662354 0.024414 0.013184
0 0.384766 0.651855 0.056640 0.032227
0 0.084472 0.583984 0.061524 0.024414
0 0.549316 0.573242 0.038086 0.021484
0 0.272460 0.568115 0.052734 0.041504
0 1.389648 0.527100 0.015624 0.013184
0 0.570312 0.520996 0.044922 0.025391
0 1.789062 0.503662 0.013672 0.026855
0 0.438476 0.497314 0.025390 0.020020
0 0.331054 0.491699 0.013672 0.014648
0 1.318360 0.468750 0.029296 0.011719
0 1.294434 0.459961 0.014648 0.009766
0 0.769042 0.448730 0.010742 0.005859
0 0.244140 0.467041 0.048828 0.045410
0 0.337402 0.451904 0.022460 0.016113
0 0.465820 0.444580 0.041016 0.023926
0 1.685546 0.438477 0.023438 0.021484
0 1.428222 0.431641 0.014648 0.012695
0 1.628418 0.431152 0.016602 0.014648
0 0.065918 0.446533 0.057618 0.071777
0 1.186524 0.406250 0.013672 0.006836
0 0.370606 0.400635 0.053710 0.024902
0 0.252442 0.391113 0.043946 0.034180
0 1.967774 0.394043 0.033204 0.043945
0 0.171876 0.387207 0.050782 0.031250
0 0.436036 0.376709 0.024414 0.020020
0 0.342774 0.360107 0.021484 0.017090
0 0.105468 0.356934 0.048828 0.041016
0 0.243164 0.335693 0.070312 0.062012
0 0.140136 0.299561 0.043946 0.028809
0 0.022950 0.458496 0.026368 0.036133
0 1.962402 0.420654 0.014648 0.016113
