0 0.634766 0.893311 0.037110 0.011230
0 0.540040 0.757568 0.029296 0.014160
0 0.473632 0.666016 0.066406 0.046875
0 0.067872 0.586914 0.036132 0.046875
0 1.267578 0.561523 0.023438 0.011719
0 0.190918 0.573242 0.077148 0.053711
0 0.539550 0.525391 0.020508 0.018555
0 0.060058 0.516602 0.045898 0.023438
0 0.249512 0.518799 0.063476 0.055176
0 1.895508 0.478760 0.033204 0.037598
0 0.429688 0.436279 0.037110 0.024902
0 0.148438 0.431152 0.054688 0.038086
0 1.902832 0.415283 0.014648 0.011230
0 0.956054 0.374268 0.011718 0.005371
0 1.035644 0.343018 0.022460 0.008301
0 1.189454 0.337402 0.035156 0.011719
0 0.843262 0.334717 0.018554 0.006348
0 1.153320 0.325195 0.035156 0.011719
0 1.294922 0.299316 0.025390 0.010742
0 1.013672 0.295166 0.011718 0.005371
0 1.495118 0.297119 0.021484 0.012207
0 1.668946 0.236084 0.031250 0.017090
0 1.620606 0.147949 0.071290 0.032227
0 1.190430 0.193115 0.021484 0.008301
0 1.051758 0.275146 0.033204 0.008301
