0 0.671876 0.890381 0.066406 0.017090
0 0.593262 0.756348 0.032226 0.014648
0 0.519042 0.667480 0.057618 0.041992
0 0.044922 0.617188 0.048828 0.040039
0 1.319336 0.566162 0.019532 0.014160
0 0.117676 0.583496 0.040040 0.050781
0 0.241700 0.571533 0.053710 0.052246
0 0.591308 0.528564 0.018554 0.014160
0 0.111816 0.518555 0.057618 0.025391
0 0.304688 0.517578 0.062500 0.027344
0 1.950684 0.491211 0.024414 0.030273
0 1.960450 0.435547 0.016602 0.012695
0 0.478516 0.436768 0.033204 0.020996
0 0.196778 0.429443 0.063476 0.042480
0 0.707520 0.390137 0.020508 0.011719
0 0.500488 0.395020 0.043946 0.029297
0 0.367188 0.366699 0.021484 0.014648
0 0.702636 0.356201 0.020508 0.010254
0 0.818360 0.345459 0.023438 0.009277
0 0.177246 0.336426 0.067382 0.051758
0 0.395508 0.316895 0.031250 0.022461
0 0.241700 0.303223 0.018554 0.012695
0 0.559570 0.270508 0.023438 0.011719
0 0.447754 0.272949 0.049804 0.022461
0 0.183594 0.261963 0.046876 0.019043
0 0.316406 0.262695 0.056640 0.038086
0 0.490234 0.240234 0.013672 0.008789
0 0.273438 0.228271 0.037110 0.023926
0 0.419922 0.208252 0.025390 0.013184
0 0.314454 0.186523 0.041016 0.020508
0 0.276856 0.173584 0.043946 0.032715
