0 1.262208 0.594971 0.026368 0.013184
0 0.858398 0.384033 0.019532 0.008301
0 1.045410 0.373047 0.018554 0.006836
0 1.165040 0.357178 0.031250 0.012207
0 1.303222 0.329590 0.016602 0.006836
0 1.504394 0.331543 0.022460 0.013672
0 1.028808 0.323975 0.024414 0.008301
0 1.064454 0.305664 0.027344 0.008789
0 1.309082 0.266113 0.022460 0.008789
0 1.158204 0.263184 0.023438 0.008789
0 1.680176 0.235596 0.026368 0.014160
0 1.562988 0.155029 0.063476 0.026855
0 1.194824 0.366943 0.034180 0.014160
0 0.764160 0.375977 0.022460 0.009766
