0 0.939942 0.984131 0.067382 0.010254
0 1.176270 0.892822 0.077148 0.024902
0 0.694336 0.832031 0.031250 0.010742
0 0.653808 0.758545 0.098632 0.058105
0 0.149902 0.696045 0.067382 0.034668
0 0.238770 0.684570 0.030274 0.026367
0 0.363770 0.664307 0.065430 0.035645
0 0.709960 0.610107 0.023438 0.012207
0 0.064942 0.618896 0.073242 0.055176
0 0.419922 0.602051 0.062500 0.030273
0 0.585938 0.523682 0.042968 0.020020
0 0.125976 0.519531 0.048828 0.033203
0 0.312500 0.511963 0.068360 0.047363
0 0.604492 0.474365 0.050782 0.019043
0 0.813476 0.443115 0.013672 0.006348
0 0.476074 0.447021 0.024414 0.021973
0 0.687988 0.437256 0.022460 0.013184
0 1.207520 0.419678 0.014648 0.007324
0 1.353028 0.410400 0.026368 0.013184
0 0.274902 0.418701 0.065430 0.034668
0 1.323242 0.401367 0.031250 0.013672
0 0.604004 0.401855 0.024414 0.015625
0 0.809570 0.393311 0.013672 0.006348
0 0.506836 0.395264 0.031250 0.026855
0 0.098632 0.389404 0.044922 0.035645
0 0.740722 0.370850 0.024414 0.011230
0 0.573242 0.361328 0.027344 0.014648
0 0.398438 0.362061 0.044922 0.029785
0 1.222656 0.351807 0.027344 0.011230
0 0.664062 0.347900 0.023438 0.011230
0 0.288086 0.343506 0.046876 0.031738
0 1.288574 0.330566 0.030274 0.014648
0 0.210938 0.335938 0.039062 0.034180
0 0.597168 0.319092 0.022460 0.012207
0 1.468750 0.311035 0.019532 0.009766
0 0.372558 0.309082 0.024414 0.014648
0 0.143066 0.309814 0.053710 0.039551
0 0.524414 0.288574 0.019532 0.008789
0 1.370118 0.283691 0.027344 0.011719
0 0.343262 0.262695 0.032226 0.018555
0 0.183594 0.252686 0.031250 0.021973
0 0.274902 0.286865 0.079102 0.064941
0 0.121094 0.402832 0.027344 0.027344
0 1.361816 0.269287 0.020508 0.008301
