0 0.367676 0.856689 0.067382 0.050293
0 1.010254 0.778809 0.030274 0.008789
0 0.471192 0.725342 0.022460 0.011230
0 0.189942 0.704346 0.065430 0.039551
0 1.584472 0.675293 0.024414 0.015625
0 0.373046 0.634521 0.027344 0.023926
0 0.774902 0.605469 0.018554 0.008789
0 1.495606 0.579590 0.016602 0.011719
0 1.850098 0.578613 0.034180 0.036133
0 1.796386 0.544922 0.014648 0.012695
0 1.460938 0.538818 0.013672 0.012207
0 1.258300 0.530273 0.014648 0.007812
0 1.915528 0.500244 0.014648 0.016113
0 1.381348 0.477051 0.030274 0.015625
0 1.280274 0.465088 0.017578 0.011230
0 1.909668 0.460449 0.049804 0.039062
0 1.959472 0.418945 0.043946 0.044922
0 1.768554 0.387451 0.019532 0.016113
0 1.829590 0.357422 0.028320 0.023438
0 1.780762 0.301758 0.024414 0.016602
