0 0.538086 0.768066 0.031250 0.013672
0 0.472656 0.676025 0.060546 0.045410
0 0.064942 0.597168 0.057618 0.049805
0 0.194336 0.585938 0.066406 0.045898
0 1.261718 0.568848 0.021484 0.013672
0 1.897460 0.486328 0.015624 0.013672
0 0.846680 0.341309 0.023438 0.008789
0 1.169434 0.341553 0.036132 0.010254
0 1.135254 0.331299 0.034180 0.012207
0 1.274902 0.302979 0.026368 0.010254
0 1.478516 0.299316 0.011718 0.004883
0 1.283204 0.240723 0.011718 0.004883
0 1.646972 0.223877 0.024414 0.014160
0 1.573730 0.140869 0.071290 0.028809
