0 1.101074 0.989990 0.063476 0.018066
0 0.870606 0.925049 0.022460 0.007324
0 0.922852 0.844238 0.074218 0.027344
0 0.593262 0.762939 0.032226 0.014160
0 0.579590 0.686279 0.077148 0.041504
0 0.068360 0.623535 0.091796 0.047852
0 0.161132 0.606934 0.058594 0.041016
0 1.358886 0.583496 0.026368 0.016602
0 0.281250 0.591309 0.066406 0.037109
0 0.634766 0.543701 0.023438 0.011230
0 0.166016 0.536133 0.035156 0.023438
0 0.347656 0.531494 0.058594 0.029785
0 0.528320 0.457031 0.035156 0.022461
0 0.124512 0.447998 0.008790 0.013184
0 0.246582 0.445312 0.063476 0.037109
0 0.649902 0.398682 0.022460 0.013184
0 0.530762 0.402100 0.079102 0.031738
0 0.413086 0.374756 0.031250 0.030762
0 0.860840 0.362793 0.022460 0.008789
0 0.585938 0.363525 0.023438 0.015137
0 0.647460 0.348633 0.023438 0.011719
0 0.221680 0.348389 0.060546 0.042480
0 0.445312 0.333740 0.060546 0.043457
0 0.068360 0.324707 0.025390 0.027344
0 0.607422 0.285645 0.017578 0.008789
0 0.347168 0.291016 0.065430 0.036133
0 0.233398 0.268799 0.052734 0.038574
0 0.541504 0.253174 0.022460 0.011230
0 0.320800 0.239746 0.030274 0.019531
0 0.471192 0.220947 0.016602 0.008301
0 0.200684 0.237305 0.172852 0.095703
