0 1.185058 0.785645 0.063476 0.015625
0 1.160156 0.738525 0.044922 0.011230
0 1.306152 0.628906 0.020508 0.010742
0 1.082520 0.408203 0.010742 0.004883
0 1.234864 0.403076 0.032226 0.011230
0 1.200684 0.390869 0.028320 0.012207
0 1.543458 0.367188 0.020508 0.014648
0 1.344726 0.366699 0.023438 0.013672
0 0.623536 0.353516 0.018554 0.009766
0 1.174804 0.343506 0.027344 0.012207
0 1.103516 0.340576 0.019532 0.007324
0 0.548828 0.332520 0.023438 0.013672
0 1.166504 0.317627 0.022460 0.008301
0 0.478516 0.302490 0.015624 0.008301
0 1.351074 0.302490 0.024414 0.011230
0 1.202148 0.298096 0.013672 0.006348
0 0.264648 0.282715 0.027344 0.018555
0 0.332032 0.244385 0.023438 0.012207
0 0.186524 0.243896 0.060546 0.031738
0 0.241700 0.234619 0.034180 0.021973
0 0.803222 0.409424 0.020508 0.011230
