0 0.942872 0.987061 0.059570 0.009277
0 1.189454 0.895264 0.078124 0.023926
0 0.701660 0.837158 0.043946 0.014160
0 0.661622 0.761719 0.090820 0.055664
0 0.146972 0.706299 0.061524 0.041504
0 0.243652 0.690430 0.032226 0.023438
0 0.379394 0.669678 0.077148 0.033691
0 0.713868 0.614258 0.027344 0.011719
0 0.068848 0.629639 0.073242 0.044434
0 0.427246 0.607178 0.055664 0.028809
0 0.591796 0.529541 0.044922 0.020996
0 0.130372 0.531250 0.051758 0.026367
0 0.313964 0.519775 0.065430 0.045410
0 0.605468 0.480225 0.046876 0.021973
0 0.477540 0.453125 0.025390 0.020508
0 0.808106 0.444824 0.012696 0.005859
0 0.685058 0.440430 0.026368 0.013672
0 1.204590 0.420898 0.018554 0.009766
0 0.276368 0.427246 0.058594 0.040039
0 1.353516 0.413330 0.027344 0.013184
0 0.601562 0.406738 0.021484 0.012695
0 0.804200 0.399170 0.016602 0.006348
0 1.322754 0.402344 0.034180 0.015625
0 0.505372 0.402588 0.034180 0.021973
0 0.100098 0.401611 0.063476 0.044434
0 0.737792 0.376465 0.020508 0.008789
0 1.458496 0.375732 0.022460 0.013184
0 1.184082 0.373047 0.018554 0.009766
0 0.567382 0.364258 0.033204 0.017578
0 0.397950 0.369141 0.045898 0.027344
0 1.221680 0.353027 0.023438 0.010742
0 0.663086 0.353271 0.027344 0.014160
0 0.205078 0.349854 0.039062 0.025879
0 0.284668 0.348633 0.049804 0.033203
0 1.281250 0.329834 0.027344 0.013184
0 0.593750 0.324951 0.023438 0.012207
0 0.370606 0.317383 0.026368 0.015625
0 1.463378 0.310303 0.020508 0.012207
0 0.148438 0.319336 0.042968 0.037109
0 1.357422 0.286865 0.029296 0.012207
0 0.272460 0.295166 0.078124 0.065918
0 0.174804 0.261475 0.035156 0.019043
0 0.363282 0.260498 0.072266 0.038574
0 1.354980 0.268799 0.024414 0.010254
0 1.307618 0.304932 0.013672 0.007324
