0 1.135742 0.793945 0.035156 0.009766
0 1.110352 0.743896 0.035156 0.009277
0 1.129882 0.649658 0.021484 0.008301
0 1.325684 0.642578 0.026368 0.013672
0 0.971192 0.443359 0.022460 0.006836
0 0.367676 0.430908 0.018554 0.011230
0 1.243652 0.419434 0.022460 0.010742
0 0.752442 0.411133 0.016602 0.007812
0 1.216796 0.409424 0.031250 0.013184
0 0.177246 0.399414 0.061524 0.041992
0 1.356934 0.383301 0.022460 0.013672
0 1.555176 0.382568 0.018554 0.013184
0 1.082032 0.375488 0.021484 0.008789
0 1.889648 0.373047 0.017578 0.013672
0 0.415528 0.380615 0.034180 0.029785
0 0.644532 0.364990 0.017578 0.010254
0 1.220704 0.346680 0.029296 0.010742
0 1.181152 0.335693 0.024414 0.009277
0 0.300292 0.343018 0.047852 0.030762
0 0.201660 0.327637 0.036132 0.025391
0 1.363770 0.319580 0.022460 0.011230
0 0.504394 0.311523 0.014648 0.006836
0 0.119628 0.318848 0.038086 0.023438
0 0.286622 0.294434 0.038086 0.023438
0 0.439454 0.277832 0.019532 0.009766
0 1.276856 0.278076 0.024414 0.011230
0 0.359864 0.252197 0.024414 0.012207
0 0.189942 0.271729 0.079102 0.058105
0 0.287598 0.239014 0.067382 0.031738
0 1.435546 0.137939 0.031250 0.012207
0 1.567872 0.094971 0.045898 0.018066
