0 1.196778 0.781250 0.041992 0.014648
0 1.181152 0.735840 0.020508 0.006836
0 1.296386 0.608154 0.024414 0.013184
0 0.856446 0.429199 0.023438 0.008789
0 0.704102 0.389893 0.017578 0.009277
0 0.862304 0.383545 0.011718 0.006348
0 1.206542 0.381836 0.032226 0.015625
0 1.174316 0.372314 0.024414 0.010254
0 1.313476 0.345459 0.023438 0.012207
0 1.513672 0.341553 0.017578 0.010254
0 1.109376 0.338867 0.029296 0.010742
0 0.511718 0.329834 0.015624 0.009277
0 1.849610 0.330078 0.021484 0.016602
0 1.069824 0.322998 0.028320 0.009277
0 0.443848 0.300293 0.024414 0.013672
0 1.313476 0.279785 0.011718 0.005859
0 0.288086 0.246826 0.021484 0.011230
0 1.389648 0.075928 0.041016 0.013184
0 0.774902 0.400146 0.022460 0.011230
