0 1.095214 0.984375 0.061524 0.017578
0 0.916504 0.839844 0.055664 0.028320
0 1.521484 0.826172 0.050782 0.021484
0 0.585450 0.757568 0.030274 0.013184
0 0.577148 0.679932 0.082032 0.041504
0 0.063476 0.620361 0.085938 0.046387
0 0.149902 0.601807 0.073242 0.040527
0 1.354004 0.577881 0.024414 0.014160
0 0.284180 0.587891 0.080078 0.044922
0 0.627930 0.539551 0.023438 0.013672
0 0.157226 0.531006 0.037110 0.027832
0 0.342286 0.527832 0.057618 0.033203
0 0.512208 0.453125 0.034180 0.020508
0 0.105958 0.443604 0.014648 0.020020
0 0.230958 0.439453 0.075196 0.038086
0 0.645020 0.394287 0.028320 0.017090
0 0.516114 0.399658 0.086914 0.029785
0 0.394042 0.372803 0.032226 0.020020
0 0.873046 0.365479 0.019532 0.007324
0 0.575196 0.360107 0.023438 0.014160
0 0.851562 0.357422 0.019532 0.007812
0 0.650390 0.348145 0.021484 0.009766
0 0.210450 0.345215 0.061524 0.036133
0 0.438476 0.321533 0.041016 0.025879
0 0.600586 0.278320 0.021484 0.010742
0 0.334472 0.285889 0.053710 0.030762
0 0.229004 0.264160 0.059570 0.039062
0 0.309570 0.234375 0.015624 0.009766
0 0.460450 0.216553 0.022460 0.011230
0 0.197754 0.230469 0.165040 0.098633
0 0.677246 0.302490 0.022460 0.009277
