0 0.958496 0.994629 0.071290 0.010742
0 1.210938 0.905518 0.099610 0.020996
0 0.715820 0.846191 0.041016 0.013672
0 0.671876 0.769287 0.085938 0.054199
0 0.172852 0.722900 0.068360 0.032715
0 0.254882 0.705078 0.037110 0.027344
0 0.380860 0.681152 0.072266 0.038086
0 0.081054 0.646973 0.074218 0.050781
0 0.720214 0.624268 0.016602 0.010254
0 0.436036 0.619873 0.053710 0.026855
0 0.138672 0.547363 0.050782 0.028320
0 0.593750 0.540771 0.046876 0.020996
0 0.321290 0.547363 0.066406 0.064453
0 0.611816 0.492920 0.051758 0.020020
0 0.479492 0.466309 0.025390 0.020508
0 0.681152 0.450928 0.024414 0.013184
0 0.791016 0.448242 0.023438 0.013672
0 1.211914 0.430420 0.017578 0.010254
0 0.277344 0.443604 0.062500 0.043457
0 1.362304 0.424805 0.029296 0.012695
0 0.601074 0.422363 0.018554 0.011719
0 1.329590 0.413574 0.028320 0.014648
0 0.505372 0.416260 0.032226 0.023926
0 0.817872 0.405029 0.016602 0.007324
0 0.098144 0.415771 0.055664 0.039551
0 1.668946 0.385010 0.015624 0.010254
0 1.464844 0.386475 0.019532 0.013184
0 1.193848 0.381836 0.016602 0.007812
0 0.753418 0.380371 0.020508 0.009766
0 0.395020 0.384521 0.043946 0.025879
0 0.283204 0.369873 0.044922 0.019043
0 1.230958 0.363525 0.018554 0.008301
0 0.679200 0.356445 0.024414 0.011719
0 0.562012 0.356934 0.028320 0.016602
0 0.203614 0.360596 0.024414 0.043457
0 0.134278 0.338379 0.055664 0.034180
0 0.612304 0.326904 0.023438 0.012207
0 0.247070 0.332275 0.037110 0.026855
0 1.472168 0.321777 0.020508 0.010742
0 0.395020 0.314209 0.030274 0.016113
0 1.351074 0.309814 0.024414 0.011230
0 0.543946 0.293701 0.013672 0.006348
0 0.465332 0.270264 0.028320 0.015137
0 0.294434 0.288086 0.073242 0.061523
0 0.386718 0.259766 0.072266 0.032227
0 0.198730 0.252930 0.040040 0.028320
0 0.143066 0.438232 0.012696 0.014160
0 1.290528 0.341064 0.026368 0.010254
0 0.388184 0.245605 0.022460 0.012695
