0 0.908692 0.937500 0.036132 0.008789
0 0.964356 0.854248 0.069336 0.015137
0 0.607910 0.772949 0.030274 0.012695
0 0.593750 0.695801 0.082032 0.044922
0 0.078614 0.635742 0.090820 0.038086
0 0.172852 0.614014 0.048828 0.043457
0 1.375000 0.592041 0.013672 0.009277
0 1.208496 0.590576 0.014648 0.008301
0 0.307618 0.602783 0.072266 0.041504
0 0.014648 0.566162 0.015624 0.027832
0 0.648926 0.553467 0.016602 0.012207
0 0.187988 0.548828 0.012696 0.009766
0 0.365234 0.542236 0.054688 0.030762
0 0.535156 0.466797 0.037110 0.020508
0 0.265136 0.457520 0.049804 0.032227
0 0.541016 0.413330 0.082032 0.026855
0 0.658692 0.407471 0.030274 0.020996
0 0.426758 0.386719 0.029296 0.026367
0 0.875000 0.372070 0.017578 0.008789
0 0.598632 0.371094 0.023438 0.014648
0 0.640624 0.348145 0.021484 0.010742
0 0.232422 0.354004 0.066406 0.048828
0 0.454102 0.345947 0.056640 0.038574
0 0.070800 0.336914 0.036132 0.029297
0 0.624024 0.293701 0.015624 0.007324
0 0.360352 0.301758 0.056640 0.031250
0 0.252930 0.281494 0.056640 0.039551
0 0.333984 0.251221 0.027344 0.019043
0 0.490234 0.228271 0.015624 0.007324
0 0.404296 0.207520 0.023438 0.008789
0 0.218750 0.249023 0.177734 0.099609
0 0.758790 0.341553 0.013672 0.006348
0 0.698730 0.315918 0.018554 0.008789
