0 1.180664 0.788086 0.056640 0.015625
0 1.151368 0.739014 0.037110 0.010254
0 1.137696 0.634766 0.015624 0.005859
0 1.306152 0.635498 0.028320 0.015137
0 0.768554 0.441895 0.027344 0.010742
0 0.933106 0.437012 0.026368 0.009766
0 0.808594 0.413818 0.021484 0.009277
0 1.241210 0.410156 0.027344 0.011719
0 0.740722 0.399902 0.018554 0.007812
0 1.211914 0.398438 0.029296 0.012695
0 1.550782 0.374268 0.017578 0.013184
0 1.351074 0.373535 0.020508 0.010742
0 1.883300 0.365723 0.014648 0.008789
0 1.072754 0.363525 0.018554 0.009277
0 0.631836 0.356689 0.013672 0.008301
0 1.111328 0.345703 0.025390 0.010742
0 1.192382 0.344238 0.027344 0.010742
0 0.557128 0.334229 0.024414 0.014160
0 1.358398 0.308594 0.013672 0.006836
0 0.489746 0.305176 0.016602 0.007812
0 1.205078 0.302979 0.017578 0.007324
0 0.267090 0.295654 0.032226 0.020996
0 0.419434 0.271484 0.016602 0.007812
0 1.285644 0.254395 0.030274 0.010742
0 0.172364 0.273926 0.081054 0.064453
0 0.342286 0.246338 0.024414 0.012207
0 0.250000 0.236572 0.054688 0.038574
0 1.440918 0.119141 0.040040 0.013672
