0 0.648926 0.784180 0.032226 0.011719
0 0.569336 0.693359 0.048828 0.041992
0 0.076660 0.636719 0.086914 0.044922
0 0.171876 0.613770 0.037110 0.044922
0 1.201660 0.593506 0.016602 0.009277
0 0.293458 0.599609 0.061524 0.043945
0 0.647950 0.553955 0.020508 0.013184
0 0.013672 0.564453 0.015624 0.038086
0 0.360840 0.541748 0.061524 0.028809
0 0.532226 0.462158 0.041016 0.020020
0 0.252930 0.456543 0.056640 0.033203
0 0.048828 0.441895 0.015624 0.015625
0 0.554688 0.406982 0.046876 0.036621
0 0.424316 0.390381 0.014648 0.011230
0 0.895508 0.381104 0.019532 0.008301
0 0.641114 0.370361 0.012696 0.007324
0 0.807128 0.359375 0.018554 0.008789
0 0.759766 0.342773 0.023438 0.008789
0 0.230958 0.358154 0.053710 0.044434
0 0.451172 0.347656 0.044922 0.036133
0 0.308106 0.331787 0.020508 0.017090
0 0.692872 0.318115 0.020508 0.010254
0 0.368652 0.296143 0.041992 0.033691
0 0.253418 0.284912 0.020508 0.014160
0 0.485352 0.285156 0.035156 0.019531
0 0.159668 0.289551 0.059570 0.050781
0 0.201172 0.252197 0.025390 0.017090
0 0.333008 0.249756 0.031250 0.016113
0 0.383300 0.211182 0.020508 0.012207
0 0.258300 0.204346 0.075196 0.035645
0 0.349122 0.193848 0.049804 0.034180
0 0.876464 0.373291 0.026368 0.009277
