0 0.742676 0.979980 0.086914 0.015625
0 0.735840 0.854492 0.043946 0.013672
0 0.646972 0.763916 0.053710 0.046387
0 0.149414 0.709229 0.076172 0.039551
0 0.244628 0.696777 0.038086 0.025391
0 0.371582 0.673340 0.071290 0.035156
0 0.715332 0.627686 0.024414 0.011230
0 0.431640 0.614746 0.052734 0.027344
0 0.073242 0.622314 0.078124 0.051270
0 0.600098 0.536865 0.053710 0.020020
0 0.324218 0.528564 0.054688 0.032715
0 1.315430 0.516602 0.017578 0.010742
0 0.627930 0.485107 0.046876 0.021973
0 0.491700 0.460938 0.028320 0.020508
0 1.847656 0.449951 0.017578 0.018066
0 1.222168 0.442871 0.016602 0.008789
0 0.485840 0.438965 0.016602 0.012695
0 1.373046 0.438721 0.029296 0.016113
0 1.789062 0.443604 0.041016 0.030762
0 1.341308 0.426025 0.026368 0.011230
0 0.385254 0.414551 0.014648 0.007812
0 0.303710 0.431152 0.048828 0.046875
0 0.528808 0.410645 0.032226 0.020508
0 1.479004 0.401123 0.016602 0.012207
0 0.761718 0.388428 0.013672 0.006348
0 0.116700 0.396484 0.045898 0.040039
0 1.243652 0.376465 0.024414 0.009766
0 0.435058 0.365723 0.043946 0.025391
0 1.305664 0.353271 0.025390 0.012207
0 0.307128 0.354736 0.043946 0.028809
0 0.508790 0.346924 0.033204 0.018066
0 0.229004 0.351318 0.038086 0.029785
0 1.341308 0.334229 0.014648 0.005371
0 1.487792 0.337158 0.022460 0.012207
0 0.401368 0.325439 0.033204 0.020996
0 0.550782 0.304688 0.015624 0.009766
0 0.171386 0.320312 0.063476 0.041992
0 0.479004 0.302734 0.034180 0.018555
0 0.473144 0.279053 0.028320 0.015137
0 0.403808 0.280029 0.030274 0.019043
0 0.304200 0.299316 0.086914 0.064453
0 0.213378 0.265869 0.057618 0.038574
0 1.254394 0.495117 0.014648 0.006836
0 0.136230 0.411621 0.018554 0.015625
0 0.082032 0.414795 0.023438 0.023926
0 1.681640 0.402588 0.019532 0.016113
