0 1.000488 0.942627 0.075196 0.016113
0 0.827636 0.901611 0.075196 0.026855
0 1.361816 0.788330 0.045898 0.019043
0 0.506836 0.731445 0.029296 0.015625
0 0.508300 0.653076 0.084960 0.056152
0 0.023926 0.598633 0.012696 0.020508
0 1.289062 0.548584 0.021484 0.012207
0 0.208008 0.572266 0.054688 0.065430
0 0.556640 0.513428 0.015624 0.015137
0 0.065430 0.502441 0.011718 0.009766
0 0.273926 0.499023 0.051758 0.036133
0 1.895020 0.439209 0.020508 0.014160
0 0.446290 0.419434 0.046876 0.035156
0 0.178710 0.410400 0.058594 0.039551
0 1.907714 0.372314 0.010742 0.005371
0 0.600098 0.374268 0.022460 0.010254
0 0.663086 0.354004 0.029296 0.015625
0 0.462890 0.365967 0.064454 0.054199
0 1.076660 0.333740 0.024414 0.010254
0 0.509278 0.331299 0.022460 0.014160
0 1.213378 0.325684 0.065430 0.025391
0 1.541992 0.306152 0.017578 0.011719
0 1.336426 0.299805 0.020508 0.010742
0 0.149902 0.319336 0.069336 0.051758
0 0.378906 0.293213 0.035156 0.023926
0 1.063964 0.284424 0.028320 0.009277
0 0.615234 0.275391 0.017578 0.008789
0 0.542968 0.250000 0.021484 0.010742
0 1.165528 0.247559 0.016602 0.007812
0 1.653808 0.238037 0.030274 0.017090
0 0.292968 0.246582 0.068360 0.043945
0 0.161622 0.244385 0.063476 0.055176
0 0.477050 0.218750 0.010742 0.005859
0 0.259278 0.202393 0.045898 0.026855
0 0.408692 0.184814 0.026368 0.012207
0 1.637696 0.166016 0.035156 0.017578
0 1.469726 0.097412 0.042968 0.015137
0 1.424316 0.079834 0.043946 0.015137
0 1.102050 0.268311 0.026368 0.009277
0 0.082520 0.575195 0.030274 0.049805
