0 0.918946 0.960938 0.035156 0.007812
0 1.095214 0.878906 0.073242 0.016602
0 0.669434 0.806885 0.036132 0.011230
0 0.650390 0.724854 0.056640 0.036621
0 0.104980 0.678467 0.065430 0.041504
0 0.214844 0.657959 0.037110 0.038574
0 0.344238 0.639404 0.061524 0.039551
0 1.250000 0.615234 0.011718 0.005859
0 0.688476 0.585938 0.023438 0.011719
0 0.041992 0.597412 0.060546 0.059082
0 0.403808 0.575439 0.055664 0.031738
0 0.096680 0.494873 0.013672 0.010254
0 0.562988 0.500244 0.041992 0.021973
0 0.298340 0.493652 0.051758 0.030273
0 0.244140 0.483887 0.015624 0.020508
0 0.576172 0.448730 0.076172 0.021484
0 0.845704 0.431641 0.015624 0.006836
0 0.682618 0.424072 0.029296 0.015137
0 0.457032 0.425049 0.027344 0.023926
0 0.606934 0.385986 0.026368 0.016113
0 0.779786 0.375488 0.016602 0.006836
0 0.260254 0.392334 0.067382 0.043457
0 0.487792 0.373779 0.032226 0.022949
0 0.712890 0.353027 0.013672 0.005859
0 0.613282 0.354980 0.037110 0.019531
0 0.078614 0.361572 0.075196 0.048340
0 0.381836 0.338867 0.042968 0.026367
0 0.644042 0.326172 0.020508 0.009766
0 0.267578 0.319824 0.033204 0.027344
0 0.180176 0.316650 0.057618 0.030762
0 0.576172 0.297363 0.017578 0.007812
0 0.358886 0.283691 0.040040 0.027344
0 0.120606 0.286621 0.043946 0.040039
0 0.508790 0.263916 0.013672 0.008301
0 0.312012 0.244629 0.036132 0.021484
0 0.264160 0.261230 0.088868 0.069336
0 0.342286 0.223145 0.030274 0.020508
0 0.171876 0.222412 0.046876 0.034668
