0 0.621094 0.902344 0.009766 0.005859
0 0.531738 0.818848 0.055664 0.048828
0 0.148438 0.755127 0.042968 0.025879
0 1.164062 0.716797 0.023438 0.008789
0 0.271484 0.730713 0.083984 0.045410
0 1.336914 0.713623 0.031250 0.014160
0 0.616700 0.680908 0.012696 0.007324
0 0.329590 0.670654 0.061524 0.030762
0 0.041504 0.602539 0.049804 0.028320
0 0.497070 0.592285 0.039062 0.024414
0 0.221192 0.585938 0.051758 0.040039
0 1.425292 0.537354 0.016602 0.015137
0 0.523926 0.540527 0.045898 0.028320
0 1.734864 0.537598 0.018554 0.026367
0 0.385742 0.517578 0.027344 0.020508
0 1.270996 0.488770 0.020508 0.008789
0 0.287598 0.474609 0.014648 0.018555
0 0.188964 0.484375 0.053710 0.051758
0 0.422364 0.465820 0.036132 0.026367
0 1.375488 0.450195 0.016602 0.012695
0 1.576172 0.447998 0.013672 0.013184
0 0.020996 0.455811 0.038086 0.053223
0 1.600098 0.434326 0.028320 0.022949
0 1.934570 0.423340 0.035156 0.036133
0 1.382324 0.384521 0.016602 0.010254
0 1.850098 0.283447 0.024414 0.020996
