0 0.681640 0.881348 0.033204 0.010742
0 0.587890 0.798340 0.050782 0.049805
0 0.199708 0.727295 0.036132 0.022949
0 1.217774 0.694824 0.025390 0.009766
0 1.393554 0.692139 0.027344 0.014160
0 0.325684 0.702637 0.077148 0.041992
0 0.058106 0.663574 0.012696 0.013672
0 0.667968 0.657715 0.019532 0.010742
0 0.386230 0.645020 0.055664 0.028320
0 0.089356 0.579102 0.065430 0.023438
0 0.554200 0.567139 0.041992 0.022949
0 0.272460 0.557129 0.064454 0.040039
0 0.579102 0.514160 0.042968 0.026367
0 1.794922 0.504639 0.013672 0.016113
0 0.444336 0.492188 0.025390 0.020508
0 0.347168 0.484375 0.014648 0.011719
0 1.324708 0.469971 0.022460 0.011230
0 1.291016 0.457275 0.025390 0.008301
0 0.250976 0.462402 0.052734 0.046875
0 0.344726 0.445801 0.021484 0.019531
0 1.692382 0.440918 0.023438 0.024414
0 0.480468 0.440186 0.050782 0.024902
0 1.433594 0.432373 0.015624 0.011230
0 1.632812 0.432373 0.015624 0.015137
0 0.713378 0.419434 0.014648 0.006836
0 0.059082 0.438232 0.075196 0.065918
0 0.386718 0.393799 0.041016 0.029785
0 1.968262 0.392822 0.028320 0.034668
0 0.261718 0.384033 0.039062 0.031738
0 0.445800 0.373291 0.020508 0.015137
0 0.179200 0.379639 0.049804 0.037598
0 0.352050 0.355469 0.022460 0.017578
0 0.466308 0.349854 0.024414 0.017090
0 0.116210 0.352051 0.050782 0.041016
0 0.254394 0.331055 0.071290 0.065430
0 0.150878 0.295166 0.043946 0.028809
0 1.968262 0.425049 0.016602 0.019043
