0 1.087890 0.973633 0.064454 0.017578
0 0.878418 0.917236 0.040040 0.010254
0 0.898926 0.831543 0.040040 0.011719
0 1.498536 0.816162 0.051758 0.021973
0 0.573730 0.750488 0.030274 0.012695
0 0.569336 0.673584 0.076172 0.040527
0 0.057128 0.616455 0.077148 0.047363
0 0.142090 0.595215 0.034180 0.039062
0 1.344238 0.569824 0.024414 0.014648
0 0.273926 0.581787 0.067382 0.042480
0 0.617188 0.532715 0.025390 0.012695
0 0.138672 0.524170 0.062500 0.026855
0 0.329590 0.520264 0.061524 0.031738
0 1.964844 0.489502 0.015624 0.018066
0 0.506348 0.447998 0.043946 0.019043
0 0.078124 0.440918 0.015624 0.017578
0 0.230958 0.434326 0.059570 0.032715
0 0.633790 0.391602 0.023438 0.017578
0 0.502930 0.394531 0.085938 0.025391
0 0.907226 0.377441 0.017578 0.007812
0 0.391114 0.362549 0.014648 0.009277
0 0.860840 0.358643 0.016602 0.007324
0 0.566406 0.354004 0.017578 0.008789
0 0.841796 0.349609 0.023438 0.009766
0 0.652832 0.349365 0.024414 0.011230
0 0.196778 0.338135 0.067382 0.037598
0 0.422852 0.317139 0.042968 0.026855
0 0.587402 0.272705 0.026368 0.010254
0 0.321778 0.289551 0.063476 0.048828
0 0.213868 0.259521 0.054688 0.034668
0 0.520996 0.241943 0.022460 0.012207
0 0.303222 0.227295 0.026368 0.018066
0 0.442382 0.213867 0.033204 0.014648
0 0.158692 0.240967 0.098632 0.069824
0 0.239258 0.187744 0.064454 0.027832
