0 0.657714 0.916016 0.034180 0.010742
0 0.539062 0.779297 0.037110 0.014648
0 1.262208 0.581787 0.024414 0.014160
0 0.812500 0.380859 0.015624 0.006836
0 0.772460 0.376709 0.019532 0.008301
0 1.025390 0.361572 0.021484 0.007324
0 0.925292 0.356689 0.020508 0.007324
0 0.836426 0.354736 0.020508 0.008301
0 1.179688 0.354980 0.031250 0.010742
0 1.144042 0.343750 0.034180 0.011719
0 1.285644 0.316650 0.024414 0.009277
0 1.487304 0.314941 0.023438 0.012695
0 1.102050 0.271240 0.024414 0.008301
0 1.280762 0.250488 0.010742 0.004883
0 1.657714 0.226807 0.040040 0.020996
0 1.560058 0.146484 0.073242 0.030273
0 1.004394 0.313232 0.030274 0.007324
0 1.041992 0.294434 0.029296 0.008789
0 1.129882 0.251709 0.021484 0.007324
0 0.753906 0.368896 0.023438 0.010254
