0 1.115234 0.797607 0.041016 0.014160
0 1.080566 0.743408 0.036132 0.011230
0 1.127930 0.666504 0.027344 0.009766
0 1.298340 0.667725 0.026368 0.014160
0 0.273926 0.597900 0.028320 0.020020
0 0.460450 0.525879 0.040040 0.027344
0 0.737304 0.502930 0.019532 0.011719
0 0.197266 0.509521 0.048828 0.051270
0 0.487792 0.479248 0.040040 0.019043
0 0.850586 0.463623 0.015624 0.007324
0 0.354004 0.452393 0.026368 0.018066
0 1.235840 0.442871 0.022460 0.008789
0 1.546876 0.408691 0.017578 0.013672
0 1.347168 0.407227 0.020508 0.013672
0 1.879882 0.405518 0.015624 0.011230
0 0.163086 0.419922 0.058594 0.040039
0 0.394532 0.400635 0.037110 0.028809
0 1.106934 0.377686 0.022460 0.008301
0 0.557618 0.361084 0.015624 0.008301
0 1.171386 0.356201 0.024414 0.010254
0 1.244628 0.353271 0.028320 0.010254
0 0.288574 0.361572 0.047852 0.031738
0 1.358886 0.341553 0.018554 0.009277
0 0.183106 0.343750 0.028320 0.031250
0 0.093262 0.333984 0.065430 0.047852
0 1.249024 0.315186 0.031250 0.014160
0 0.273438 0.309570 0.033204 0.028320
0 0.266602 0.270264 0.025390 0.016113
0 0.180664 0.286621 0.085938 0.069336
0 1.830078 0.246094 0.021484 0.013672
0 1.420410 0.174316 0.034180 0.013672
0 1.551270 0.129395 0.045898 0.019531
0 1.256348 0.297363 0.018554 0.007812
