0 0.633790 0.862549 0.033204 0.011230
0 0.613770 0.774170 0.061524 0.040527
0 0.199218 0.701172 0.037110 0.025391
0 0.104980 0.709473 0.061524 0.044922
0 1.394532 0.685059 0.027344 0.012695
0 0.320800 0.680908 0.069336 0.043457
0 0.670410 0.640381 0.016602 0.010254
0 0.043458 0.637207 0.022460 0.025391
0 0.384766 0.622070 0.062500 0.030273
0 0.115722 0.563477 0.024414 0.017578
0 0.560058 0.555908 0.030274 0.011230
0 0.293946 0.553467 0.048828 0.039551
0 0.381836 0.540283 0.017578 0.017090
0 0.404296 0.518066 0.025390 0.021484
0 0.583008 0.512695 0.044922 0.021484
0 0.453614 0.483643 0.024414 0.021973
0 1.339356 0.458008 0.016602 0.009766
0 0.630372 0.455811 0.022460 0.015137
0 0.671386 0.453125 0.020508 0.014648
0 0.258300 0.460449 0.055664 0.039062
0 0.032714 0.450928 0.030274 0.020020
0 1.298340 0.444580 0.012696 0.008301
0 0.783204 0.434326 0.013672 0.008301
0 0.480958 0.434814 0.034180 0.024902
0 0.553222 0.429199 0.022460 0.016602
0 1.446778 0.422363 0.014648 0.010742
0 0.718262 0.410889 0.014648 0.008301
0 0.079590 0.429199 0.059570 0.047852
0 1.205566 0.393799 0.020508 0.011230
0 0.376954 0.398682 0.041016 0.034668
0 1.256348 0.380127 0.016602 0.009277
0 1.267090 0.371582 0.016602 0.008789
0 0.184570 0.375488 0.044922 0.034180
0 0.578614 0.358643 0.014648 0.009277
0 1.451172 0.355225 0.011718 0.006348
0 0.446290 0.358887 0.031250 0.021484
0 0.358886 0.349609 0.028320 0.022461
0 0.110352 0.343018 0.070312 0.052246
0 0.424804 0.303467 0.021484 0.014160
0 0.353516 0.293457 0.056640 0.033203
0 0.160156 0.285645 0.041016 0.029297
0 1.554200 0.188477 0.055664 0.026367
0 0.254882 0.323242 0.080078 0.070312
0 0.112304 0.454346 0.023438 0.020020
0 1.344726 0.312012 0.023438 0.011719
0 0.344726 0.281494 0.021484 0.014160
