0 1.167968 0.811768 0.021484 0.006348
0 0.987792 0.803955 0.026368 0.008301
0 1.573242 0.719727 0.027344 0.014648
0 1.004394 0.635742 0.016602 0.005859
0 0.919434 0.622803 0.022460 0.009277
0 1.846680 0.621338 0.029296 0.039551
0 1.553222 0.583252 0.018554 0.014160
0 1.792480 0.573730 0.016602 0.016602
0 1.459472 0.565674 0.018554 0.014160
0 1.255860 0.555908 0.013672 0.007324
0 1.853028 0.501953 0.024414 0.025391
0 1.334960 0.485352 0.023438 0.018555
0 1.911132 0.480713 0.058594 0.036621
0 1.955566 0.446289 0.041992 0.053711
0 1.827148 0.382324 0.013672 0.007812
