0 1.311036 0.640625 0.014648 0.007812
0 0.808594 0.426025 0.013672 0.006348
0 1.234864 0.413818 0.030274 0.012207
0 1.200196 0.401611 0.023438 0.008301
0 0.157714 0.407227 0.028320 0.024414
0 0.497070 0.399658 0.027344 0.017090
0 0.385254 0.397949 0.040040 0.025391
0 1.344238 0.376465 0.018554 0.010742
0 1.544434 0.375732 0.018554 0.012207
0 1.070312 0.374023 0.017578 0.007812
0 0.392578 0.371582 0.023438 0.018555
0 1.877442 0.364746 0.018554 0.014648
0 0.465820 0.365479 0.033204 0.020020
0 1.108398 0.355469 0.023438 0.011719
0 0.552734 0.350830 0.015624 0.008301
0 0.288086 0.354736 0.035156 0.033691
0 0.175292 0.342041 0.045898 0.024902
0 1.162110 0.329346 0.025390 0.010254
0 0.090820 0.331299 0.066406 0.039551
0 1.347168 0.311523 0.012696 0.005859
0 1.191406 0.307617 0.013672 0.005859
0 0.264160 0.309326 0.036132 0.024902
0 0.416504 0.286377 0.022460 0.013184
0 0.333984 0.264160 0.023438 0.014648
0 0.164550 0.284668 0.086914 0.068359
0 0.261718 0.261963 0.054688 0.049316
0 0.253906 0.243408 0.027344 0.017090
0 1.709472 0.226318 0.034180 0.020996
0 1.508300 0.165039 0.049804 0.020508
0 0.690918 0.395508 0.018554 0.010742
