0 0.711426 0.976318 0.098632 0.018066
0 0.711914 0.851318 0.037110 0.012207
0 0.624512 0.762207 0.055664 0.048828
0 0.136230 0.698730 0.075196 0.040039
0 0.234864 0.687500 0.036132 0.025391
0 0.363282 0.665283 0.070312 0.035645
0 0.709960 0.624023 0.021484 0.010742
0 0.072754 0.619385 0.067382 0.034668
0 0.425782 0.607666 0.050782 0.027832
0 0.600586 0.538330 0.046876 0.020020
0 1.319824 0.520752 0.018554 0.011230
0 0.325196 0.530029 0.054688 0.033691
0 0.627930 0.487061 0.046876 0.023926
0 0.491210 0.463867 0.025390 0.017578
0 1.850586 0.463867 0.015624 0.025391
0 1.383300 0.449219 0.018554 0.007812
0 1.792480 0.451416 0.024414 0.023926
0 1.359376 0.437744 0.029296 0.012207
0 0.481934 0.439453 0.014648 0.011719
0 0.302734 0.432861 0.044922 0.044434
0 0.387696 0.412842 0.019532 0.016113
0 1.483886 0.409424 0.016602 0.010254
0 0.532714 0.411133 0.036132 0.021484
0 1.211426 0.397949 0.016602 0.007812
0 0.765136 0.390625 0.016602 0.006836
0 0.121094 0.401611 0.048828 0.040527
0 1.247558 0.381104 0.022460 0.009277
0 0.687988 0.366699 0.020508 0.010742
0 1.313964 0.359131 0.016602 0.008301
0 0.428222 0.366699 0.055664 0.026367
0 1.497558 0.344482 0.018554 0.009277
0 0.508300 0.347900 0.028320 0.016113
0 0.230468 0.350586 0.035156 0.026367
0 0.308106 0.353516 0.047852 0.035156
0 0.620118 0.337646 0.015624 0.007324
0 0.402832 0.325195 0.032226 0.021484
0 0.553710 0.304932 0.023438 0.009277
0 0.479492 0.304688 0.023438 0.012695
0 0.171386 0.318359 0.063476 0.042969
0 0.475098 0.281006 0.024414 0.013184
0 0.409180 0.278809 0.021484 0.012695
0 0.306152 0.302002 0.081054 0.063965
0 0.213868 0.268555 0.060546 0.033203
0 1.254882 0.498535 0.013672 0.006836
0 0.082032 0.418701 0.021484 0.019043
0 1.687012 0.413086 0.014648 0.008789
