0 0.696290 0.928223 0.015624 0.006836
0 1.264160 0.589844 0.022460 0.012695
0 0.832032 0.387207 0.019532 0.008789
0 0.770996 0.385986 0.014648 0.007324
0 0.750488 0.378174 0.016602 0.007324
0 1.031250 0.368896 0.019532 0.007324
0 1.184570 0.363037 0.033204 0.011230
0 0.834472 0.362793 0.024414 0.008789
0 1.151368 0.351074 0.035156 0.012695
0 1.292968 0.324707 0.023438 0.011719
0 1.493652 0.323486 0.022460 0.013184
0 1.012208 0.320557 0.028320 0.008301
0 1.047364 0.301514 0.024414 0.008301
0 1.109864 0.278809 0.026368 0.008789
0 1.292968 0.260254 0.023438 0.008789
0 1.663574 0.226318 0.030274 0.016113
0 1.550782 0.149902 0.066406 0.026367
