0 1.270020 0.593750 0.022460 0.011719
0 0.783204 0.388672 0.015624 0.008789
0 0.863770 0.385498 0.022460 0.008301
0 1.042968 0.374512 0.021484 0.006836
0 0.937500 0.367676 0.017578 0.005859
0 1.196778 0.369141 0.030274 0.011719
0 0.847656 0.365723 0.015624 0.007812
0 1.163574 0.357666 0.034180 0.012207
0 1.304688 0.331055 0.023438 0.010742
0 1.504882 0.330566 0.021484 0.011719
0 1.022950 0.326660 0.016602 0.007812
0 1.838378 0.320312 0.018554 0.013672
0 1.062500 0.307129 0.029296 0.009766
0 1.124512 0.284912 0.024414 0.008301
0 1.310058 0.267334 0.020508 0.009277
0 1.159180 0.264893 0.015624 0.006348
0 1.203614 0.225830 0.012696 0.006348
0 1.676270 0.228760 0.030274 0.017090
0 1.555176 0.152832 0.061524 0.026367
0 0.763672 0.380371 0.019532 0.009766
