0 0.758790 0.873779 0.042968 0.011230
0 0.655274 0.788574 0.052734 0.046875
0 0.166992 0.737793 0.056640 0.041016
0 0.254882 0.724365 0.035156 0.025879
0 0.381836 0.698975 0.076172 0.037598
0 1.458496 0.661377 0.028320 0.017090
0 0.722656 0.646729 0.015624 0.008301
0 0.080078 0.655762 0.078124 0.048828
0 0.437988 0.638916 0.053710 0.029785
0 0.599122 0.556885 0.043946 0.020020
0 0.322266 0.551758 0.052734 0.034180
0 1.348632 0.524170 0.015624 0.011230
0 0.622558 0.503906 0.045898 0.024414
0 1.844238 0.484863 0.014648 0.019531
0 0.487304 0.483154 0.027344 0.016113
0 1.219238 0.458008 0.012696 0.005859
0 1.371582 0.457520 0.024414 0.008789
0 0.442382 0.460693 0.019532 0.016113
0 1.774414 0.456299 0.025390 0.020020
0 1.342774 0.446289 0.029296 0.014648
0 0.072754 0.443115 0.020508 0.019043
0 0.295410 0.452881 0.047852 0.049316
0 0.380860 0.434326 0.021484 0.016113
0 0.523438 0.428467 0.037110 0.020020
0 1.206542 0.408936 0.014648 0.007324
0 0.108886 0.420898 0.053710 0.043945
0 0.678222 0.380615 0.012696 0.007324
0 0.424316 0.384766 0.041992 0.026367
0 1.307618 0.369873 0.021484 0.011230
0 0.296386 0.377197 0.045898 0.026855
0 0.492188 0.362305 0.025390 0.015625
0 0.609864 0.350098 0.014648 0.007812
0 0.389648 0.344482 0.025390 0.018066
0 0.217286 0.360596 0.053710 0.057129
0 0.156738 0.343018 0.061524 0.043457
0 0.480468 0.326172 0.023438 0.012695
0 0.271972 0.334473 0.038086 0.031250
0 0.538574 0.321289 0.018554 0.009766
0 0.459472 0.297607 0.022460 0.010254
0 0.303710 0.308838 0.054688 0.044434
0 0.400390 0.293213 0.031250 0.019043
0 0.192382 0.288086 0.054688 0.032227
0 1.492676 0.356445 0.018554 0.010742
0 1.683594 0.426025 0.013672 0.015137
