0 1.244140 0.929199 0.054688 0.013672
0 0.670410 0.868408 0.034180 0.011230
0 0.641602 0.780518 0.064454 0.038574
0 0.130860 0.728760 0.062500 0.036621
0 0.221192 0.715820 0.030274 0.019531
0 1.401856 0.687012 0.030274 0.014648
0 0.341308 0.692871 0.065430 0.042969
0 0.692382 0.646240 0.017578 0.009277
0 0.054688 0.654053 0.035156 0.044434
0 0.408692 0.632568 0.055664 0.030762
0 0.484376 0.567383 0.021484 0.020508
0 0.571290 0.556885 0.044922 0.022949
0 0.126464 0.553711 0.026368 0.023438
0 0.303710 0.545898 0.052734 0.038086
0 0.383790 0.532471 0.015624 0.016113
0 0.414062 0.511475 0.031250 0.019043
0 0.594238 0.506836 0.040040 0.022461
0 0.465820 0.478027 0.025390 0.021484
0 1.354492 0.462158 0.013672 0.010254
0 0.694336 0.453369 0.019532 0.013184
0 0.645996 0.453125 0.018554 0.015625
0 0.128418 0.444824 0.018554 0.015625
0 0.271484 0.451416 0.052734 0.042480
0 0.572754 0.425293 0.018554 0.015625
0 0.496582 0.429443 0.032226 0.024902
0 1.460450 0.422852 0.016602 0.012695
0 1.183106 0.412598 0.012696 0.006836
0 0.076172 0.421631 0.091796 0.061035
0 1.219238 0.395020 0.014648 0.008789
0 0.395996 0.392822 0.034180 0.027832
0 0.659668 0.382080 0.016602 0.010254
0 1.284180 0.374023 0.019532 0.012695
0 0.192872 0.364990 0.063476 0.035645
0 0.474610 0.355225 0.023438 0.019043
0 0.375976 0.339111 0.029296 0.023926
0 0.257324 0.332275 0.040040 0.032715
0 0.126954 0.337158 0.070312 0.050293
0 0.445312 0.296631 0.019532 0.011230
0 0.354980 0.293701 0.024414 0.016113
0 0.292968 0.304688 0.044922 0.045898
0 0.366210 0.272705 0.013672 0.008301
0 0.180176 0.276123 0.047852 0.027832
