0 1.222656 0.929932 0.060546 0.029785
0 0.668458 0.857666 0.040040 0.011230
0 0.629394 0.777832 0.086914 0.049805
0 0.225098 0.693848 0.028320 0.023438
0 0.130860 0.699707 0.062500 0.041016
0 1.428710 0.678711 0.031250 0.014648
0 0.348632 0.672363 0.070312 0.045898
0 0.701172 0.634766 0.015624 0.009766
0 0.415528 0.613281 0.053710 0.030273
0 0.051270 0.613770 0.063476 0.059570
0 0.499512 0.551758 0.018554 0.017578
0 0.587402 0.540039 0.040040 0.019531
0 0.139648 0.525146 0.037110 0.027832
0 0.319336 0.524902 0.050782 0.038086
0 1.244628 0.504150 0.012696 0.006348
0 0.383790 0.510254 0.015624 0.019531
0 0.617676 0.491699 0.045898 0.023438
0 0.430664 0.489990 0.031250 0.020996
0 1.212402 0.455566 0.012696 0.005859
0 0.493164 0.458252 0.025390 0.021973
0 0.742188 0.449707 0.019532 0.012695
0 1.365234 0.448975 0.027344 0.013184
0 0.681640 0.442627 0.023438 0.015137
0 1.332032 0.436768 0.027344 0.010254
0 0.614258 0.413086 0.019532 0.013672
0 0.157226 0.412842 0.025390 0.014160
0 0.300782 0.423828 0.054688 0.043945
0 1.673340 0.409668 0.018554 0.016602
0 0.528808 0.410645 0.028320 0.018555
0 0.079590 0.403564 0.032226 0.028809
0 1.226562 0.385498 0.021484 0.009277
0 0.699708 0.367188 0.018554 0.008789
0 0.125488 0.383301 0.045898 0.046875
0 1.289550 0.362305 0.014648 0.006836
0 0.427246 0.368896 0.045898 0.025879
0 1.308106 0.359131 0.022460 0.012207
0 0.326660 0.351318 0.018554 0.015137
0 1.475098 0.344482 0.020508 0.013184
0 0.536622 0.342285 0.030274 0.016602
0 0.236328 0.335205 0.060546 0.041504
0 0.420410 0.316406 0.032226 0.021484
0 0.572754 0.300049 0.012696 0.006348
0 0.176270 0.303955 0.061524 0.040527
0 0.496094 0.274658 0.027344 0.014160
0 0.326660 0.287598 0.090820 0.065430
0 0.406250 0.266357 0.033204 0.018066
0 0.229004 0.244141 0.063476 0.032227
0 0.419922 0.248779 0.027344 0.017090
