0 1.157714 0.794189 0.043946 0.014160
0 1.116700 0.741699 0.036132 0.009766
0 1.141602 0.657471 0.025390 0.009277
0 1.314454 0.656494 0.029296 0.016113
0 0.470704 0.531738 0.037110 0.028320
0 0.204590 0.521973 0.051758 0.045898
0 0.739746 0.500000 0.016602 0.010742
0 0.494628 0.487549 0.045898 0.028809
0 0.832032 0.463379 0.013672 0.006836
0 0.356934 0.460205 0.026368 0.020996
0 0.986816 0.448242 0.016602 0.006836
0 1.242676 0.431396 0.024414 0.009277
0 1.204590 0.417236 0.018554 0.009277
0 0.164062 0.431152 0.058594 0.041992
0 0.689454 0.410645 0.015624 0.008789
0 0.395508 0.406738 0.037110 0.027344
0 1.350098 0.394531 0.020508 0.012695
0 1.549804 0.393799 0.019532 0.016113
0 1.883300 0.383301 0.014648 0.012695
0 1.108398 0.367920 0.021484 0.008301
0 0.280274 0.373535 0.041016 0.029297
0 0.180176 0.358887 0.028320 0.029297
0 1.233398 0.347900 0.027344 0.013184
0 1.173340 0.346436 0.022460 0.009277
0 0.095704 0.351318 0.048828 0.039551
0 1.358886 0.328857 0.024414 0.011230
0 1.202636 0.324707 0.012696 0.005859
0 0.264160 0.323486 0.034180 0.021973
0 0.162598 0.298584 0.092774 0.064941
0 0.248046 0.274658 0.031250 0.019043
0 1.827148 0.229004 0.031250 0.020508
0 1.416992 0.153809 0.037110 0.014648
0 1.547852 0.108643 0.046876 0.018066
