0 1.092286 0.798828 0.065430 0.016602
0 1.052246 0.743896 0.049804 0.013184
0 0.083984 0.695312 0.041016 0.041992
0 1.117188 0.676758 0.023438 0.008789
0 1.289062 0.677246 0.027344 0.012695
0 0.202636 0.670654 0.063476 0.049316
0 0.274414 0.614746 0.062500 0.041016
0 0.444824 0.543701 0.038086 0.034668
0 0.183594 0.531006 0.048828 0.038574
0 0.735352 0.515381 0.017578 0.010254
0 0.475098 0.498047 0.040040 0.035156
0 0.870118 0.469727 0.017578 0.007812
0 0.338868 0.467041 0.027344 0.020020
0 1.001464 0.455078 0.016602 0.006836
0 1.221192 0.450684 0.020508 0.007812
0 1.182618 0.437012 0.011718 0.005859
0 1.530274 0.413330 0.017578 0.011230
0 1.328614 0.413574 0.020508 0.011719
0 0.148926 0.427246 0.053710 0.058594
0 0.381836 0.408936 0.037110 0.034668
0 1.150390 0.364258 0.023438 0.009766
0 0.272460 0.372314 0.037110 0.037598
0 1.251954 0.352783 0.023438 0.011230
0 0.169922 0.354736 0.023438 0.020996
0 1.337890 0.345703 0.017578 0.007812
0 0.086914 0.353516 0.052734 0.031250
0 1.216796 0.332275 0.027344 0.010254
0 0.255860 0.322021 0.019532 0.014160
0 0.144042 0.316406 0.041992 0.033203
0 1.380860 0.184814 0.033204 0.012207
0 1.510254 0.135986 0.036132 0.015137
