0 0.984376 0.956299 0.052734 0.015137
0 0.878906 0.938232 0.058594 0.013184
0 1.252930 0.783447 0.041016 0.015137
0 1.270996 0.578125 0.024414 0.012695
0 0.780274 0.372803 0.017578 0.008301
0 0.761718 0.364990 0.019532 0.009277
0 1.035644 0.361328 0.018554 0.005859
0 1.185058 0.354492 0.030274 0.010742
0 1.153808 0.344482 0.036132 0.012207
0 1.008300 0.344971 0.032226 0.013184
0 1.292480 0.317383 0.026368 0.011719
0 1.018554 0.313721 0.025390 0.008301
0 1.492188 0.314697 0.023438 0.012207
0 1.857910 0.296875 0.018554 0.012695
0 1.056640 0.293457 0.023438 0.006836
0 1.115234 0.270996 0.013672 0.006836
0 1.297852 0.252930 0.023438 0.008789
0 1.480468 0.069824 0.035156 0.012695
