0 0.746094 0.978027 0.085938 0.017578
0 0.734864 0.852783 0.040040 0.012207
0 0.641114 0.762451 0.061524 0.050293
0 0.160156 0.708740 0.064454 0.038574
0 0.245118 0.694336 0.035156 0.025391
0 0.370118 0.672119 0.064454 0.034668
0 0.719726 0.625244 0.019532 0.010254
0 0.075684 0.626953 0.071290 0.047852
0 0.437012 0.613281 0.059570 0.027344
0 0.604004 0.535645 0.049804 0.020508
0 0.323242 0.528809 0.058594 0.034180
0 0.626464 0.484619 0.043946 0.026855
0 0.490722 0.462402 0.026368 0.016602
0 1.223144 0.441162 0.014648 0.008301
0 1.847656 0.446045 0.019532 0.021973
0 0.494140 0.436035 0.013672 0.005859
0 1.374024 0.437500 0.029296 0.012695
0 1.797364 0.441650 0.028320 0.022949
0 0.870118 0.430664 0.013672 0.005859
0 1.175782 0.423096 0.015624 0.007324
0 1.342286 0.425293 0.026368 0.013672
0 0.293946 0.431396 0.058594 0.041504
0 0.383300 0.411865 0.020508 0.017090
0 0.526856 0.409180 0.032226 0.020508
0 1.480468 0.400879 0.013672 0.008789
0 0.759766 0.387939 0.023438 0.009277
0 0.114258 0.396484 0.046876 0.037109
0 1.241210 0.372803 0.017578 0.007324
0 0.682618 0.364746 0.019532 0.010742
0 0.424316 0.364990 0.049804 0.025879
0 1.305664 0.351562 0.013672 0.005859
0 0.225586 0.350830 0.031250 0.022949
0 0.504882 0.347412 0.033204 0.018066
0 0.305664 0.356201 0.042968 0.035645
0 1.487304 0.334473 0.025390 0.013672
0 0.395996 0.325684 0.034180 0.023438
0 0.544922 0.303467 0.019532 0.009277
0 0.467286 0.302246 0.024414 0.012695
0 0.164550 0.317139 0.063476 0.055176
0 0.464356 0.280762 0.024414 0.012695
0 0.400390 0.278320 0.029296 0.015625
0 0.296386 0.301514 0.079102 0.062012
0 0.207032 0.268311 0.060546 0.033691
0 0.133790 0.414551 0.015624 0.014648
0 0.077636 0.417969 0.018554 0.019531
0 1.681640 0.399902 0.019532 0.015625
