0 1.108886 0.993896 0.061524 0.008301
0 0.898438 0.934326 0.025390 0.007324
0 0.942872 0.849365 0.071290 0.016113
0 0.598632 0.766846 0.031250 0.013184
0 0.586914 0.689941 0.078124 0.043945
0 0.072266 0.625977 0.097656 0.049805
0 0.164550 0.609619 0.055664 0.043457
0 1.199218 0.587402 0.013672 0.008789
0 1.365722 0.587402 0.026368 0.015625
0 0.287110 0.595947 0.066406 0.043457
0 0.642090 0.548340 0.020508 0.010742
0 0.179200 0.541016 0.024414 0.022461
0 0.354004 0.535889 0.061524 0.030762
0 0.531250 0.461670 0.039062 0.018066
0 0.139648 0.451904 0.015624 0.020020
0 0.254394 0.448486 0.053710 0.036621
0 0.654296 0.400879 0.021484 0.012695
0 0.534668 0.406250 0.083008 0.035156
0 0.418946 0.382812 0.027344 0.020508
0 0.866210 0.367188 0.023438 0.008789
0 0.591308 0.367432 0.014648 0.012207
0 0.643554 0.348877 0.025390 0.012207
0 0.232422 0.351562 0.054688 0.041016
0 0.453124 0.333740 0.042968 0.022949
0 0.066894 0.324463 0.032226 0.042480
0 0.353516 0.295410 0.060546 0.033203
0 0.237304 0.276123 0.054688 0.031738
0 0.327636 0.243652 0.036132 0.022461
0 0.474610 0.226074 0.011718 0.006836
0 0.402344 0.198242 0.011718 0.005859
0 0.214844 0.241455 0.160156 0.096191
