0 1.138184 0.795410 0.038086 0.016602
0 1.093750 0.741699 0.037110 0.013672
0 1.136718 0.666504 0.025390 0.008789
0 1.307618 0.663818 0.029296 0.015137
0 0.291992 0.621826 0.058594 0.034668
0 0.459472 0.540283 0.040040 0.029785
0 0.194824 0.537598 0.049804 0.047852
0 0.738282 0.511719 0.019532 0.012695
0 0.481446 0.490723 0.046876 0.027344
0 0.854492 0.468262 0.019532 0.007812
0 0.345214 0.470459 0.024414 0.016113
0 0.997070 0.452881 0.017578 0.006348
0 1.229980 0.443848 0.024414 0.008789
0 0.151856 0.445801 0.057618 0.049805
0 0.682618 0.420898 0.023438 0.011719
0 0.387696 0.416504 0.031250 0.025391
0 1.874512 0.406006 0.012696 0.005371
0 1.539550 0.408936 0.016602 0.012207
0 1.337402 0.406982 0.020508 0.012207
0 1.095214 0.379883 0.022460 0.008789
0 0.268066 0.380859 0.043946 0.028320
0 1.159668 0.357178 0.020508 0.008301
0 0.166992 0.358643 0.027344 0.023926
0 1.240722 0.351562 0.030274 0.011719
0 0.086914 0.360840 0.052734 0.047852
0 1.347656 0.340332 0.017578 0.008789
0 1.189942 0.337158 0.012696 0.006348
0 0.250000 0.329346 0.025390 0.020996
0 1.232422 0.319580 0.029296 0.012207
0 0.156738 0.309082 0.079102 0.065430
0 1.812500 0.240234 0.023438 0.014648
0 1.395508 0.174072 0.029296 0.012207
0 1.525878 0.128662 0.047852 0.019043
0 1.240722 0.296875 0.024414 0.009766
