0 0.639648 0.894043 0.019532 0.007812
0 0.531250 0.755615 0.035156 0.016113
0 0.468750 0.665283 0.056640 0.047363
0 1.266114 0.565186 0.018554 0.012207
0 0.064942 0.580811 0.038086 0.051270
0 0.182128 0.576904 0.071290 0.069824
0 0.052246 0.534180 0.010742 0.008789
0 0.536132 0.527100 0.019532 0.014160
0 0.254882 0.524658 0.042968 0.030762
0 1.894042 0.484131 0.026368 0.028809
0 0.424316 0.449219 0.036132 0.024414
0 0.143554 0.450928 0.054688 0.037598
0 1.899414 0.419678 0.019532 0.018066
0 1.032714 0.344238 0.022460 0.007812
0 1.186524 0.337646 0.035156 0.011230
0 0.837890 0.336670 0.025390 0.009277
0 1.148926 0.326416 0.034180 0.012207
0 1.493652 0.299072 0.022460 0.012207
0 1.292480 0.298828 0.028320 0.011719
0 1.011230 0.296387 0.030274 0.008789
0 1.140136 0.234131 0.012696 0.005371
0 1.666016 0.233887 0.027344 0.015625
0 1.614746 0.145752 0.061524 0.028809
0 1.050782 0.276367 0.027344 0.008789
0 0.929200 0.337891 0.016602 0.006836
