0 1.179200 0.791016 0.045898 0.015625
0 1.139648 0.739258 0.039062 0.009766
0 1.155274 0.651367 0.017578 0.008789
0 1.325684 0.649658 0.028320 0.013184
0 0.196778 0.510742 0.018554 0.027344
0 0.738770 0.495117 0.018554 0.009766
0 0.497558 0.480957 0.041992 0.025391
0 0.823730 0.458496 0.024414 0.008789
0 0.361328 0.455566 0.025390 0.021484
0 0.979492 0.446777 0.021484 0.007812
0 0.740234 0.424316 0.011718 0.005859
0 1.240234 0.424561 0.029296 0.009277
0 1.204102 0.411133 0.021484 0.009766
0 0.169434 0.425781 0.059570 0.042969
0 0.401368 0.403320 0.035156 0.025391
0 1.346680 0.384766 0.019532 0.010742
0 1.546876 0.383789 0.019532 0.013672
0 0.631836 0.380615 0.019532 0.011230
0 1.879882 0.371338 0.013672 0.008301
0 1.106934 0.363037 0.024414 0.009277
0 0.555176 0.360352 0.020508 0.009766
0 0.285644 0.367676 0.041992 0.027344
0 0.182128 0.356201 0.030274 0.020996
0 1.221192 0.344971 0.026368 0.011230
0 1.168946 0.340576 0.021484 0.008301
0 0.092774 0.345947 0.048828 0.030762
0 0.485840 0.329834 0.016602 0.008301
0 1.201660 0.319580 0.010742 0.005371
0 0.270508 0.317627 0.033204 0.022949
0 1.254882 0.285400 0.031250 0.014160
0 0.333984 0.275391 0.025390 0.013672
0 0.167968 0.297607 0.078124 0.062988
0 0.262696 0.262939 0.060546 0.034668
0 1.817872 0.214844 0.032226 0.020508
0 1.404296 0.142822 0.027344 0.011230
0 1.537598 0.098633 0.055664 0.020508
0 0.256836 0.254150 0.023438 0.015137
