0 0.675782 0.891357 0.066406 0.017090
0 0.595704 0.757568 0.031250 0.015137
0 0.520996 0.668701 0.057618 0.041504
0 0.046386 0.619629 0.049804 0.040039
0 0.119140 0.585938 0.039062 0.050781
0 1.317382 0.563965 0.025390 0.015625
0 0.242676 0.573730 0.053710 0.052734
0 0.592286 0.529541 0.018554 0.014160
0 0.111816 0.520996 0.057618 0.025391
0 0.304688 0.519531 0.062500 0.027344
0 1.943848 0.483154 0.028320 0.034668
0 0.478028 0.438232 0.032226 0.020996
0 1.957032 0.427490 0.015624 0.012207
0 0.195312 0.431641 0.064454 0.041992
0 0.706054 0.391113 0.019532 0.011719
0 0.499512 0.396484 0.043946 0.029297
0 0.365722 0.368652 0.020508 0.014648
0 0.700684 0.356445 0.016602 0.008789
0 0.816894 0.346191 0.024414 0.009766
0 0.174804 0.338623 0.066406 0.052246
0 0.393554 0.318604 0.031250 0.022949
0 0.239746 0.305176 0.018554 0.012695
0 0.556152 0.271484 0.024414 0.011719
0 0.445800 0.274414 0.051758 0.021484
0 0.180664 0.262695 0.048828 0.021484
0 0.313476 0.264160 0.054688 0.037109
0 0.486816 0.241699 0.012696 0.008789
0 0.270020 0.230469 0.038086 0.024414
0 0.415040 0.209961 0.025390 0.013672
0 0.311524 0.188232 0.041016 0.020996
0 0.271972 0.175781 0.045898 0.033203
