0 0.443848 0.829590 0.053710 0.042969
0 1.084472 0.744385 0.026368 0.008301
0 0.187500 0.732910 0.070312 0.042969
0 0.542968 0.696533 0.021484 0.012207
0 0.254882 0.677979 0.058594 0.036621
0 1.663574 0.598877 0.028320 0.019043
0 0.432128 0.602783 0.036132 0.027832
0 0.156738 0.591797 0.049804 0.037109
0 0.097168 0.567139 0.014648 0.017090
0 1.454102 0.562500 0.013672 0.008789
0 0.462890 0.549072 0.041016 0.031738
0 0.328124 0.524658 0.021484 0.016113
0 1.519532 0.488770 0.011718 0.010742
0 1.319824 0.486084 0.012696 0.010254
0 1.897950 0.492676 0.028320 0.042969
0 1.496582 0.454590 0.028320 0.020508
0 1.332032 0.420654 0.013672 0.009277
0 1.960938 0.406494 0.048828 0.048340
0 1.811524 0.328613 0.023438 0.020508
0 1.865234 0.298096 0.031250 0.026855
0 1.804200 0.242188 0.018554 0.011719
