0 1.153808 0.794678 0.043946 0.014160
0 1.113770 0.741943 0.036132 0.009277
0 1.139648 0.657471 0.025390 0.008301
0 1.312500 0.657471 0.029296 0.016113
0 0.470214 0.530029 0.036132 0.028809
0 0.204590 0.519531 0.051758 0.045898
0 0.739746 0.499512 0.016602 0.011719
0 0.494628 0.486084 0.045898 0.028809
0 0.832032 0.463135 0.013672 0.006348
0 0.357910 0.458008 0.026368 0.020508
0 0.988282 0.448975 0.013672 0.006348
0 1.240234 0.432861 0.025390 0.010254
0 1.207520 0.420898 0.028320 0.010742
0 0.165040 0.428467 0.058594 0.042480
0 0.690430 0.409180 0.017578 0.008789
0 0.396972 0.404541 0.036132 0.026855
0 1.347168 0.394531 0.018554 0.010742
0 1.548828 0.396240 0.019532 0.015137
0 1.883300 0.389160 0.018554 0.017578
0 1.105958 0.369629 0.022460 0.007812
0 0.282226 0.371094 0.041016 0.029297
0 1.170410 0.346924 0.022460 0.010254
0 0.182128 0.355957 0.028320 0.029297
0 1.229492 0.348145 0.025390 0.014648
0 0.098144 0.348145 0.049804 0.039062
0 1.356446 0.329346 0.023438 0.011230
0 1.198730 0.325928 0.018554 0.007324
0 0.266602 0.321045 0.033204 0.021973
0 1.253906 0.298828 0.029296 0.012695
0 0.165040 0.295410 0.093750 0.063477
0 0.250976 0.271729 0.031250 0.019043
0 1.823242 0.228760 0.015624 0.010254
0 1.411132 0.155029 0.025390 0.010254
0 1.543458 0.111816 0.038086 0.015625
0 1.249512 0.285645 0.016602 0.006836
