0 1.110840 0.614746 0.020508 0.008789
0 1.280762 0.610840 0.024414 0.011719
0 0.791504 0.407227 0.012696 0.005859
0 0.700196 0.387939 0.017578 0.008301
0 1.194336 0.383545 0.031250 0.012207
0 1.161132 0.372803 0.027344 0.010254
0 1.021484 0.345459 0.021484 0.007324
0 1.301270 0.345703 0.022460 0.009766
0 1.501464 0.341797 0.020508 0.010742
0 1.835938 0.327881 0.015624 0.008301
0 1.057128 0.325195 0.028320 0.009766
0 0.516114 0.323730 0.024414 0.012695
0 0.448242 0.293457 0.021484 0.009766
0 1.297852 0.280273 0.023438 0.009766
0 1.146972 0.279541 0.024414 0.009277
0 0.296876 0.238037 0.027344 0.016113
0 0.228028 0.232178 0.051758 0.034668
0 0.216308 0.218018 0.026368 0.016113
0 1.669434 0.219238 0.040040 0.022461
0 1.505372 0.149170 0.081054 0.029785
0 0.771484 0.398926 0.021484 0.010742
