0 0.398926 0.840576 0.063476 0.048340
0 1.212890 0.763672 0.031250 0.009766
0 1.033692 0.759521 0.028320 0.007324
0 0.141114 0.747559 0.061524 0.047852
0 0.497070 0.709229 0.023438 0.014160
0 0.213868 0.691895 0.052734 0.032227
0 1.613770 0.640137 0.022460 0.016602
0 0.293946 0.635986 0.033204 0.023926
0 0.388184 0.615723 0.041992 0.026367
0 0.119628 0.602539 0.047852 0.039062
0 0.795410 0.586426 0.016602 0.008789
0 1.470214 0.572754 0.016602 0.014648
0 0.954590 0.559814 0.010742 0.005371
0 0.422852 0.564453 0.041016 0.029297
0 1.863770 0.541992 0.028320 0.039062
0 1.817382 0.517578 0.011718 0.010742
0 1.481934 0.517090 0.014648 0.011719
0 1.281250 0.503418 0.017578 0.014648
0 1.430664 0.455078 0.035156 0.019531
0 1.296386 0.435059 0.016602 0.009766
0 1.924804 0.412598 0.046876 0.036133
0 1.960938 0.373047 0.031250 0.043945
0 1.772460 0.342285 0.021484 0.016602
0 1.830078 0.314941 0.033204 0.029297
