0 0.923340 0.950928 0.081054 0.018066
0 0.811524 0.926514 0.083984 0.016113
0 0.646972 0.829834 0.043946 0.016113
0 0.493164 0.757812 0.027344 0.012695
0 0.485840 0.679688 0.104492 0.063477
0 1.262208 0.577393 0.022460 0.012207
0 1.034180 0.354492 0.023438 0.007812
0 0.981934 0.347168 0.028320 0.011719
0 0.841796 0.345703 0.023438 0.008789
0 1.171386 0.343994 0.067382 0.023926
0 1.727050 0.325928 0.018554 0.011230
0 1.498536 0.314453 0.024414 0.013672
0 1.296876 0.312988 0.025390 0.010742
0 1.020020 0.305420 0.026368 0.009277
0 1.055176 0.286865 0.036132 0.010254
0 1.795898 0.271240 0.015624 0.008301
0 1.116700 0.264648 0.022460 0.008789
0 1.300292 0.248047 0.026368 0.009766
0 1.463868 0.078613 0.013672 0.005859
