0 0.325684 0.860352 0.092774 0.054688
0 1.166016 0.808838 0.025390 0.008301
0 0.991210 0.800781 0.025390 0.007812
0 1.555176 0.725830 0.034180 0.018066
0 1.006348 0.632324 0.016602 0.005859
0 1.834472 0.633301 0.030274 0.037109
0 0.924316 0.616943 0.016602 0.006348
0 1.531738 0.595459 0.020508 0.013184
0 1.787110 0.584961 0.015624 0.011719
0 1.454102 0.570068 0.019532 0.014160
0 1.252442 0.556152 0.016602 0.008789
0 1.868652 0.523438 0.018554 0.023438
0 1.348144 0.492676 0.018554 0.014648
0 1.910644 0.500000 0.047852 0.033203
0 1.961914 0.465576 0.039062 0.054199
0 1.773926 0.423096 0.020508 0.020020
0 1.836914 0.394775 0.027344 0.026855
0 1.798828 0.336426 0.025390 0.022461
