0 1.274902 0.596680 0.016602 0.010742
0 0.788574 0.389404 0.020508 0.008301
0 0.878906 0.385498 0.021484 0.009277
0 1.048828 0.375977 0.013672 0.005859
0 1.198242 0.371338 0.031250 0.011230
0 0.943848 0.369141 0.016602 0.005859
0 0.853516 0.367432 0.017578 0.006348
0 1.167968 0.359863 0.031250 0.011719
0 1.309082 0.333740 0.024414 0.012207
0 1.508300 0.332764 0.020508 0.013184
0 1.031250 0.328125 0.017578 0.006836
0 1.841796 0.322266 0.019532 0.013672
0 1.067382 0.309570 0.029296 0.009766
0 1.128418 0.286377 0.026368 0.008301
0 1.312012 0.269043 0.016602 0.007812
0 1.161132 0.265625 0.015624 0.006836
0 1.679688 0.228271 0.025390 0.014160
0 1.559082 0.154053 0.055664 0.023926
