0 0.398926 0.845947 0.057618 0.045410
0 1.211426 0.764404 0.016602 0.007324
0 1.037598 0.760498 0.018554 0.006348
0 0.142090 0.752197 0.069336 0.057129
0 0.496094 0.712646 0.023438 0.014160
0 0.214356 0.697021 0.055664 0.030762
0 1.608886 0.642578 0.024414 0.016602
0 0.293458 0.643066 0.034180 0.021484
0 0.385742 0.622314 0.046876 0.024902
0 0.121094 0.614746 0.052734 0.037109
0 0.795898 0.589600 0.015624 0.009277
0 1.472168 0.573242 0.018554 0.011719
0 0.953124 0.563232 0.011718 0.005371
0 0.422364 0.572510 0.038086 0.027832
0 1.862304 0.536377 0.023438 0.031738
0 1.813476 0.519043 0.013672 0.013672
0 1.275878 0.509521 0.014648 0.011230
0 1.972656 0.488037 0.013672 0.020020
0 1.424804 0.464355 0.029296 0.016602
0 1.926758 0.432861 0.048828 0.031738
0 1.966308 0.390869 0.032226 0.041504
0 1.777832 0.360107 0.020508 0.017090
0 1.833984 0.331055 0.027344 0.025391
0 1.785644 0.279541 0.022460 0.015137
