0 1.268066 0.581787 0.024414 0.015137
0 0.803710 0.391846 0.021484 0.009277
0 0.753906 0.389893 0.017578 0.008301
0 0.815430 0.364746 0.025390 0.009766
0 0.907714 0.362793 0.016602 0.007812
0 1.166016 0.354980 0.025390 0.008789
0 1.128906 0.343750 0.029296 0.009766
0 0.989258 0.316895 0.023438 0.006836
0 1.271484 0.314941 0.027344 0.012695
0 1.473632 0.308838 0.021484 0.011230
0 1.020996 0.297607 0.032226 0.009277
0 1.082520 0.273193 0.028320 0.008301
0 1.265136 0.249756 0.028320 0.010254
0 1.632812 0.211182 0.037110 0.019043
0 1.519532 0.134766 0.068360 0.026367
0 0.735352 0.381836 0.023438 0.012695
