0 0.667968 0.876709 0.039062 0.012207
0 0.616700 0.800293 0.073242 0.054688
0 0.198730 0.731445 0.036132 0.023438
0 0.322266 0.704590 0.080078 0.042969
0 1.365234 0.687500 0.027344 0.012695
0 1.195800 0.685547 0.024414 0.010742
0 0.663574 0.652588 0.022460 0.013184
0 0.377442 0.641602 0.059570 0.031250
0 0.452148 0.575928 0.029296 0.021973
0 0.092286 0.571289 0.032226 0.021484
0 0.537110 0.564697 0.042968 0.023926
0 0.265136 0.562012 0.063476 0.040039
0 0.379394 0.545898 0.016602 0.018555
0 0.378906 0.520020 0.021484 0.018555
0 0.557618 0.515137 0.042968 0.023438
0 0.428222 0.488281 0.024414 0.020508
0 1.310058 0.458252 0.026368 0.015137
0 0.592286 0.454102 0.022460 0.016602
0 0.230468 0.464111 0.054688 0.038574
0 1.278808 0.446533 0.028320 0.017090
0 0.619628 0.445557 0.022460 0.015137
0 0.455566 0.439209 0.024414 0.024902
0 0.515136 0.429199 0.014648 0.012695
0 1.620606 0.423828 0.018554 0.018555
0 1.420410 0.422119 0.022460 0.016113
0 0.051758 0.443604 0.097656 0.062012
0 0.689454 0.411377 0.011718 0.007324
0 0.343262 0.402588 0.045898 0.028809
0 1.178222 0.393066 0.022460 0.010742
0 1.205566 0.389648 0.020508 0.010742
0 0.614746 0.388184 0.012696 0.007812
0 0.155762 0.386963 0.034180 0.030762
0 1.241700 0.371582 0.018554 0.008789
0 1.424804 0.355469 0.015624 0.009766
0 0.395508 0.352295 0.027344 0.017090
0 0.328124 0.350586 0.033204 0.024414
0 0.088378 0.353271 0.047852 0.040527
0 0.310546 0.302734 0.025390 0.019531
0 0.226074 0.325928 0.075196 0.065918
0 0.126954 0.291260 0.044922 0.030762
0 1.800782 0.240723 0.029296 0.020508
0 1.525878 0.185303 0.059570 0.023926
