0 1.099122 0.979004 0.067382 0.018555
0 0.886718 0.920898 0.013672 0.006836
0 0.902832 0.836670 0.061524 0.029785
0 1.515624 0.820801 0.046876 0.019531
0 0.580078 0.753906 0.033204 0.013672
0 0.573242 0.677734 0.080078 0.042969
0 0.062012 0.621338 0.083008 0.045410
0 0.152344 0.598633 0.048828 0.041992
0 1.349610 0.574463 0.025390 0.014160
0 0.271484 0.584961 0.052734 0.041016
0 0.622558 0.536377 0.022460 0.014160
0 0.145508 0.530273 0.050782 0.020508
0 0.341308 0.524902 0.055664 0.032227
0 0.506836 0.451172 0.035156 0.021484
0 0.094238 0.444336 0.018554 0.017578
0 0.234376 0.436768 0.058594 0.042480
0 0.509766 0.398926 0.095704 0.027344
0 0.641602 0.393799 0.027344 0.018066
0 0.910156 0.381836 0.025390 0.008789
0 0.393554 0.370605 0.025390 0.018555
0 0.847168 0.354736 0.024414 0.009277
0 0.572266 0.358887 0.029296 0.019531
0 0.649902 0.348389 0.024414 0.011230
0 0.202148 0.342773 0.078124 0.045898
0 0.429200 0.324463 0.040040 0.023926
0 0.325196 0.285400 0.044922 0.037598
0 0.221680 0.262451 0.058594 0.037598
0 0.523438 0.246582 0.013672 0.006836
0 0.452636 0.214844 0.014648 0.009766
0 0.178710 0.232178 0.136718 0.093262
0 0.258790 0.190918 0.037110 0.019531
0 0.670898 0.300049 0.015624 0.008301
