0 1.073242 0.879150 0.078124 0.013184
0 0.652832 0.801025 0.038086 0.015137
0 0.632812 0.720215 0.066406 0.040039
0 0.103516 0.661621 0.101562 0.040039
0 0.208984 0.648926 0.033204 0.030273
0 1.243652 0.614990 0.022460 0.009277
0 0.335938 0.627441 0.062500 0.041992
0 0.683594 0.579834 0.019532 0.010254
0 0.400390 0.568604 0.054688 0.028809
0 0.036622 0.585449 0.057618 0.065430
0 0.563476 0.493164 0.048828 0.020508
0 0.094726 0.481689 0.011718 0.006348
0 0.292480 0.483398 0.053710 0.032227
0 0.241210 0.473389 0.015624 0.017090
0 0.578124 0.443604 0.074218 0.020020
0 0.844238 0.432617 0.016602 0.006836
0 0.680664 0.426514 0.029296 0.015137
0 0.458984 0.422119 0.019532 0.011230
0 0.603516 0.388672 0.027344 0.015625
0 0.260742 0.389404 0.058594 0.027832
0 0.483886 0.377441 0.032226 0.023438
0 0.608886 0.357910 0.036132 0.019531
0 0.071290 0.356689 0.039062 0.024902
0 0.376954 0.343506 0.042968 0.025879
0 0.641114 0.327148 0.026368 0.012695
0 0.262696 0.324951 0.033204 0.026855
0 0.175292 0.322266 0.055664 0.030273
0 0.570800 0.300293 0.018554 0.008789
0 0.352050 0.288330 0.040040 0.027832
0 0.115722 0.293213 0.045898 0.040527
0 0.502442 0.267334 0.014648 0.008301
0 0.304200 0.249268 0.034180 0.020996
0 0.256836 0.266602 0.083984 0.067383
0 0.333008 0.228027 0.027344 0.019531
0 0.164550 0.228516 0.045898 0.035156
