0 0.654786 0.890137 0.028320 0.009766
0 0.563964 0.802490 0.055664 0.046387
0 0.165528 0.731689 0.034180 0.025879
0 1.191406 0.703613 0.021484 0.007812
0 1.367188 0.702148 0.027344 0.014648
0 0.286622 0.710449 0.069336 0.041992
0 0.351074 0.649902 0.055664 0.031250
0 0.521972 0.575684 0.043946 0.023438
0 0.058594 0.581543 0.070312 0.035156
0 0.247070 0.563721 0.048828 0.041504
0 1.403808 0.534912 0.016602 0.014160
0 1.765136 0.522705 0.026368 0.022949
0 0.547364 0.522949 0.036132 0.027344
0 0.279786 0.502686 0.012696 0.012207
0 0.415040 0.500000 0.029296 0.020508
0 1.298340 0.479980 0.026368 0.012695
0 1.265624 0.468262 0.029296 0.014648
0 0.223144 0.468750 0.041992 0.047852
0 0.314942 0.452393 0.018554 0.016113
0 0.008790 0.450928 0.009766 0.024902
0 1.406250 0.442871 0.015624 0.013672
0 0.451660 0.447754 0.034180 0.024414
0 1.605958 0.442383 0.014648 0.015625
0 1.653320 0.441162 0.041016 0.022949
0 0.043458 0.441162 0.053710 0.081543
0 1.955566 0.409424 0.032226 0.037598
0 0.356934 0.402588 0.045898 0.025879
0 0.236328 0.393555 0.033204 0.035156
0 0.152832 0.386963 0.047852 0.030762
0 1.416016 0.377686 0.019532 0.013184
0 0.088868 0.352295 0.048828 0.048340
0 1.886230 0.279785 0.026368 0.019531
