0 0.919922 0.948730 0.085938 0.016602
0 0.804688 0.921631 0.070312 0.023926
0 0.641114 0.825684 0.063476 0.018555
0 0.478028 0.750977 0.026368 0.012695
0 0.479980 0.669678 0.096680 0.060059
0 1.256348 0.575439 0.024414 0.012207
0 0.186524 0.582520 0.064454 0.037109
0 1.895020 0.510254 0.016602 0.014648
0 1.033204 0.352051 0.021484 0.007812
0 1.188476 0.347656 0.033204 0.011719
0 0.967286 0.349365 0.040040 0.016113
0 0.928222 0.343994 0.014648 0.006348
0 0.839356 0.341309 0.020508 0.007812
0 1.155274 0.335938 0.039062 0.012695
0 1.499512 0.314453 0.016602 0.009766
0 1.708496 0.315430 0.022460 0.014648
0 1.297852 0.311523 0.029296 0.011719
0 1.057128 0.284912 0.026368 0.008301
0 1.119140 0.262939 0.025390 0.008301
0 1.765136 0.255859 0.026368 0.014648
0 1.304688 0.247559 0.019532 0.007812
0 1.147950 0.243408 0.012696 0.006348
0 1.334960 0.118408 0.037110 0.012207
0 1.455566 0.083496 0.043946 0.014648
0 1.197266 0.203857 0.015624 0.006348
0 0.056152 0.592773 0.038086 0.042969
