0 0.633790 0.776123 0.029296 0.012207
0 0.558594 0.685791 0.041016 0.040527
0 0.066894 0.628174 0.083008 0.048340
0 0.163574 0.610107 0.051758 0.041504
0 1.186524 0.586914 0.021484 0.009766
0 1.363282 0.585205 0.019532 0.013184
0 0.284180 0.592529 0.054688 0.041504
0 0.634278 0.546875 0.022460 0.012695
0 0.167480 0.538574 0.018554 0.022461
0 0.340332 0.533203 0.063476 0.032227
0 0.521484 0.455078 0.039062 0.025391
0 0.237792 0.450195 0.063476 0.032227
0 0.032226 0.433838 0.017578 0.022949
0 0.812500 0.409912 0.013672 0.006348
0 0.542968 0.408691 0.050782 0.036133
0 0.395508 0.381836 0.025390 0.024414
0 0.860840 0.366211 0.024414 0.008789
0 0.285644 0.331787 0.030274 0.026855
0 0.220704 0.351318 0.060546 0.053223
0 0.439942 0.338135 0.067382 0.055176
0 0.229980 0.291748 0.038086 0.017090
0 0.466796 0.285400 0.033204 0.018066
0 0.354492 0.289307 0.082032 0.064941
0 0.310546 0.247803 0.035156 0.021973
0 0.169434 0.250000 0.049804 0.026367
0 0.462402 0.225342 0.040040 0.014160
0 0.229492 0.210693 0.066406 0.043457
0 0.327636 0.190918 0.051758 0.036133
0 0.296386 0.180664 0.041992 0.024414
