0 1.169434 0.785156 0.063476 0.015625
0 1.166016 0.739014 0.031250 0.007324
0 1.289062 0.615479 0.021484 0.010254
0 0.871094 0.429199 0.021484 0.008789
0 0.710938 0.390625 0.017578 0.009766
0 0.865234 0.386230 0.015624 0.006836
0 1.209472 0.384277 0.034180 0.011719
0 1.176758 0.375000 0.033204 0.010742
0 0.665040 0.371338 0.015624 0.008301
0 1.037598 0.345947 0.022460 0.008301
0 1.315430 0.346191 0.023438 0.011719
0 1.513672 0.340820 0.021484 0.013672
0 1.116700 0.337891 0.024414 0.007812
0 0.523438 0.328369 0.015624 0.010254
0 1.073730 0.325439 0.024414 0.009277
0 1.844238 0.322266 0.014648 0.008789
0 0.454590 0.297852 0.018554 0.010742
0 1.316406 0.281982 0.017578 0.008301
0 0.298340 0.245117 0.024414 0.013672
0 1.387208 0.079346 0.040040 0.012207
