0 0.720214 0.903076 0.036132 0.010254
0 0.623536 0.768799 0.034180 0.014160
0 0.547364 0.680664 0.051758 0.043945
0 0.061036 0.632568 0.057618 0.036621
0 0.144532 0.604004 0.054688 0.039062
0 1.159668 0.572021 0.012696 0.007324
0 1.335450 0.571777 0.022460 0.014648
0 0.269042 0.584473 0.071290 0.054688
0 0.610352 0.538818 0.023438 0.014160
0 0.140136 0.535156 0.040040 0.026367
0 0.322754 0.529785 0.065430 0.032227
0 0.494140 0.448486 0.039062 0.024902
0 0.212402 0.441895 0.065430 0.044922
0 0.744140 0.401611 0.013672 0.006348
0 0.524902 0.392334 0.059570 0.047363
0 0.851074 0.364014 0.022460 0.008301
0 0.254882 0.320557 0.015624 0.012207
0 0.405762 0.332275 0.049804 0.043457
0 0.196290 0.338135 0.070312 0.072754
0 0.444336 0.282227 0.031250 0.017578
0 0.197266 0.273926 0.052734 0.027344
0 0.327636 0.281006 0.083008 0.062988
0 0.280274 0.244141 0.039062 0.022461
0 0.118652 0.274658 0.094726 0.085449
0 0.214844 0.196289 0.060546 0.036133
0 0.292968 0.187500 0.060546 0.033203
0 0.831542 0.355469 0.026368 0.009766
