0 1.172852 0.812744 0.027344 0.008301
0 0.995606 0.804932 0.030274 0.007324
0 1.576660 0.719238 0.030274 0.016602
0 0.925292 0.626221 0.020508 0.006348
0 1.848632 0.617432 0.029296 0.033691
0 1.560058 0.578369 0.016602 0.013184
0 1.794434 0.568604 0.016602 0.018066
0 1.460938 0.563477 0.017578 0.012695
0 1.257324 0.554688 0.012696 0.005859
0 1.851562 0.524414 0.023438 0.017578
0 1.911622 0.508301 0.057618 0.037109
0 1.336426 0.495605 0.022460 0.018555
0 1.960938 0.476074 0.037110 0.053711
0 1.839844 0.407959 0.013672 0.007324
