0 0.777832 0.947021 0.077148 0.018066
0 0.728516 0.821533 0.037110 0.011230
0 0.639160 0.729980 0.055664 0.052734
0 0.126464 0.694336 0.071290 0.051758
0 0.222656 0.672607 0.048828 0.039551
0 0.350098 0.650879 0.065430 0.038086
0 1.247070 0.613281 0.021484 0.009766
0 0.690430 0.592773 0.023438 0.011719
0 0.047364 0.618652 0.061524 0.069336
0 0.404786 0.589111 0.059570 0.029785
0 0.566894 0.505127 0.041992 0.021973
0 0.282226 0.507568 0.068360 0.036621
0 0.579102 0.453613 0.042968 0.023438
0 0.569824 0.409668 0.024414 0.012695
0 0.249512 0.413818 0.053710 0.039551
0 0.325196 0.385742 0.023438 0.023438
0 0.771972 0.377441 0.016602 0.008789
0 0.473632 0.384766 0.031250 0.024414
0 0.704102 0.354492 0.019532 0.009766
0 0.372070 0.340820 0.041016 0.031250
0 0.248046 0.336426 0.027344 0.023438
0 0.468262 0.330078 0.036132 0.023438
0 0.166992 0.331299 0.064454 0.034668
0 0.097168 0.305664 0.055664 0.042969
0 0.215332 0.298340 0.024414 0.023438
0 0.333984 0.301270 0.041016 0.030273
0 0.358886 0.276855 0.014648 0.005859
0 0.483886 0.276123 0.016602 0.008301
0 0.373046 0.264404 0.021484 0.012207
0 0.236328 0.265381 0.058594 0.030762
0 0.323242 0.262939 0.041016 0.026855
0 0.136718 0.251465 0.033204 0.026367
