0 1.209960 0.779053 0.058594 0.017090
0 1.191894 0.733154 0.036132 0.009277
0 1.306152 0.610596 0.026368 0.013184
0 0.875488 0.430176 0.026368 0.008789
0 0.714844 0.390869 0.017578 0.009277
0 0.867676 0.387207 0.016602 0.006836
0 1.215820 0.388184 0.027344 0.010742
0 1.179200 0.376465 0.030274 0.011719
0 0.601562 0.348633 0.015624 0.007812
0 1.319336 0.348389 0.021484 0.011230
0 1.042480 0.346924 0.024414 0.009277
0 1.519532 0.344971 0.023438 0.016113
0 1.125976 0.338135 0.029296 0.010254
0 1.853516 0.331055 0.013672 0.007812
0 1.076660 0.327393 0.020508 0.008301
0 0.524902 0.328125 0.018554 0.009766
0 1.140136 0.304199 0.016602 0.006836
0 0.457520 0.299072 0.024414 0.013184
0 1.319336 0.284424 0.019532 0.008301
0 0.385742 0.266357 0.021484 0.011230
0 0.303710 0.245117 0.025390 0.014648
0 1.261230 0.216309 0.028320 0.010742
0 1.395020 0.083008 0.047852 0.014648
0 0.784180 0.402344 0.023438 0.010742
0 0.226074 0.224854 0.016602 0.007324
