0 0.628906 0.774170 0.031250 0.012207
0 0.550782 0.683350 0.052734 0.042480
0 0.062012 0.624268 0.081054 0.052246
0 0.157714 0.606445 0.055664 0.042969
0 1.356934 0.584961 0.020508 0.015625
0 0.285644 0.591553 0.071290 0.041504
0 0.628906 0.543945 0.023438 0.014648
0 0.162598 0.537598 0.020508 0.022461
0 0.339844 0.529297 0.060546 0.031250
0 0.516114 0.451416 0.036132 0.025879
0 0.235352 0.445068 0.062500 0.037598
0 0.029786 0.427490 0.024414 0.029785
0 0.545898 0.396973 0.054688 0.042969
0 0.213868 0.352783 0.054688 0.040527
0 0.746582 0.332275 0.016602 0.006348
0 0.288574 0.321289 0.028320 0.021484
0 0.440918 0.333740 0.075196 0.056152
0 0.610352 0.284180 0.019532 0.009766
0 0.472168 0.282715 0.028320 0.017578
0 0.343262 0.289795 0.051758 0.039551
0 0.226074 0.280518 0.041992 0.024902
0 0.540528 0.254150 0.014648 0.008301
0 0.319336 0.242676 0.025390 0.016602
0 0.474122 0.219482 0.020508 0.011230
0 0.195312 0.236572 0.150390 0.099121
0 0.334960 0.185059 0.062500 0.040039
0 0.860352 0.364746 0.023438 0.008789
