0 0.914550 0.948730 0.114258 0.015625
0 0.803222 0.922607 0.090820 0.019043
0 0.647950 0.827881 0.061524 0.019043
0 0.479980 0.752197 0.030274 0.014160
0 0.487792 0.667969 0.102540 0.058594
0 1.258790 0.571533 0.027344 0.012207
0 0.178710 0.577148 0.056640 0.050781
0 0.527344 0.532471 0.019532 0.014160
0 1.019532 0.350342 0.025390 0.010254
0 0.952148 0.347900 0.029296 0.012207
0 0.819336 0.344971 0.025390 0.010254
0 1.158692 0.337646 0.071290 0.023926
0 1.280762 0.305176 0.024414 0.010742
0 1.484864 0.303711 0.028320 0.013672
0 1.033204 0.283447 0.027344 0.008301
0 1.097168 0.260010 0.018554 0.006348
0 1.292968 0.243652 0.011718 0.005859
0 1.125976 0.239502 0.017578 0.006348
0 1.737304 0.235840 0.023438 0.012695
0 1.300292 0.109619 0.034180 0.010254
0 1.417968 0.075684 0.033204 0.011719
0 0.912110 0.345215 0.017578 0.005859
0 0.052246 0.590820 0.041992 0.041016
