0 0.312988 0.854492 0.090820 0.054688
0 1.155274 0.810059 0.025390 0.007812
0 0.980958 0.800781 0.026368 0.007812
0 1.567872 0.718750 0.030274 0.015625
0 1.002442 0.632324 0.016602 0.005859
0 0.919922 0.616211 0.017578 0.005859
0 1.843750 0.626953 0.035156 0.034180
0 1.540528 0.588623 0.016602 0.012207
0 1.791504 0.576660 0.014648 0.011719
0 1.457032 0.568604 0.011718 0.007324
0 1.254394 0.555176 0.014648 0.006836
0 1.865234 0.513184 0.017578 0.019531
0 1.344238 0.489746 0.024414 0.017578
0 1.913574 0.491699 0.057618 0.034180
0 1.956054 0.453369 0.050782 0.044434
0 1.770020 0.417480 0.018554 0.016602
0 1.832520 0.385498 0.028320 0.024902
0 1.792968 0.331787 0.021484 0.017090
