0 1.009278 0.942627 0.065430 0.016113
0 0.825196 0.903320 0.080078 0.018555
0 1.366210 0.789062 0.050782 0.019531
0 0.503906 0.728271 0.035156 0.019043
0 0.512696 0.647705 0.115234 0.069824
0 0.020996 0.591309 0.012696 0.023438
0 1.291992 0.547363 0.021484 0.013672
0 0.198242 0.557617 0.066406 0.097656
0 0.559082 0.507324 0.014648 0.011719
0 0.068848 0.493896 0.012696 0.011230
0 0.275390 0.492920 0.052734 0.030762
0 1.879394 0.426514 0.018554 0.018066
0 0.451172 0.417969 0.042968 0.022461
0 0.183594 0.405029 0.054688 0.047363
0 0.615722 0.371338 0.041992 0.012207
0 0.469726 0.364746 0.078124 0.026367
0 1.040040 0.328613 0.021484 0.007812
0 1.173340 0.312988 0.065430 0.021484
0 0.162598 0.301758 0.075196 0.042969
0 0.484376 0.282959 0.023438 0.012207
0 1.291992 0.279541 0.027344 0.010254
0 1.499024 0.273926 0.029296 0.015625
0 1.049316 0.261230 0.028320 0.009766
0 0.412598 0.254639 0.020508 0.012207
0 1.107910 0.238037 0.034180 0.009277
0 0.334960 0.226807 0.023438 0.014160
0 0.176270 0.230469 0.041992 0.022461
0 1.293946 0.214600 0.023438 0.009277
0 0.252442 0.208496 0.014648 0.008789
0 1.579590 0.192627 0.036132 0.019043
0 1.539062 0.121094 0.037110 0.015625
0 1.378906 0.073730 0.035156 0.012695
0 1.335450 0.053223 0.057618 0.015625
0 0.079590 0.560059 0.030274 0.043945
