0 0.776856 0.959473 0.088868 0.015625
0 0.742676 0.834717 0.040040 0.011230
0 0.649414 0.742188 0.048828 0.048828
0 0.138184 0.697021 0.061524 0.044434
0 0.244628 0.676270 0.040040 0.032227
0 0.370606 0.655273 0.065430 0.037109
0 1.272950 0.632324 0.018554 0.007812
0 0.713868 0.604980 0.019532 0.010742
0 0.072266 0.610107 0.076172 0.053223
0 0.425782 0.593262 0.050782 0.029297
0 0.594726 0.514404 0.041016 0.018066
0 0.315430 0.509033 0.054688 0.036621
0 0.620606 0.462158 0.047852 0.024902
0 0.479980 0.441895 0.028320 0.017578
0 1.213868 0.416748 0.015624 0.010254
0 0.546876 0.415039 0.021484 0.016602
0 0.279786 0.412109 0.065430 0.043945
0 1.177246 0.391113 0.024414 0.009766
0 0.813964 0.388916 0.014648 0.007324
0 0.514160 0.388916 0.047852 0.024902
0 0.371582 0.385986 0.026368 0.022949
0 1.197266 0.368408 0.019532 0.009277
0 0.749024 0.364502 0.013672 0.007324
0 1.235352 0.348633 0.027344 0.011719
0 0.672852 0.340820 0.013672 0.008789
0 0.420898 0.343506 0.044922 0.027832
0 0.504394 0.328369 0.026368 0.016113
0 1.297852 0.326904 0.027344 0.013184
0 0.295410 0.332520 0.045898 0.033203
0 0.215820 0.330811 0.054688 0.033691
0 1.482910 0.313232 0.020508 0.010254
0 0.385254 0.302490 0.045898 0.028809
0 0.148926 0.298828 0.051758 0.040039
0 0.440918 0.271484 0.022460 0.012695
0 0.453614 0.258057 0.020508 0.009277
0 0.380860 0.261475 0.042968 0.023926
0 0.187012 0.244385 0.045898 0.026855
0 0.312500 0.260986 0.130860 0.096191
0 0.354980 0.240479 0.024414 0.013184
