0 0.982910 0.954102 0.081054 0.015625
0 0.895508 0.935303 0.119140 0.013184
0 1.264160 0.780029 0.034180 0.010254
0 0.531250 0.775146 0.025390 0.010254
0 1.271972 0.574463 0.022460 0.012207
0 1.027832 0.357910 0.022460 0.007812
0 0.832032 0.351318 0.019532 0.008301
0 0.988282 0.345215 0.027344 0.012695
0 1.166504 0.344727 0.059570 0.021484
0 1.285156 0.310791 0.025390 0.011230
0 1.006348 0.310059 0.030274 0.010742
0 1.483886 0.307129 0.024414 0.012695
0 1.040040 0.289551 0.023438 0.007812
0 1.106446 0.266602 0.019532 0.007812
0 1.808106 0.268066 0.020508 0.013672
0 1.129394 0.246582 0.018554 0.006836
0 1.294922 0.128662 0.048828 0.014160
0 1.436036 0.064941 0.016602 0.006836
