0 0.716308 0.858398 0.038086 0.011719
0 0.626954 0.766602 0.058594 0.042969
0 0.147950 0.705078 0.061524 0.041016
0 0.237792 0.696289 0.036132 0.025391
0 0.365722 0.675781 0.075196 0.038086
0 0.712402 0.631348 0.020508 0.009766
0 0.429688 0.614990 0.054688 0.028809
0 0.069336 0.623779 0.070312 0.052246
0 0.599122 0.540039 0.045898 0.018555
0 0.319336 0.531494 0.062500 0.033691
0 1.331054 0.515625 0.017578 0.010742
0 0.626954 0.489014 0.042968 0.024902
0 0.490722 0.465820 0.026368 0.016602
0 1.847168 0.458496 0.020508 0.019531
0 0.470704 0.443604 0.015624 0.012207
0 1.372070 0.443848 0.029296 0.013672
0 1.345214 0.432617 0.014648 0.006836
0 1.787110 0.443848 0.031250 0.029297
0 0.303222 0.433594 0.047852 0.042969
0 0.388672 0.417480 0.017578 0.014648
0 0.533204 0.414795 0.029296 0.021973
0 1.479004 0.407959 0.018554 0.013184
0 0.764648 0.393311 0.013672 0.006348
0 0.119140 0.400635 0.050782 0.043457
0 1.240722 0.381592 0.016602 0.008301
0 0.686524 0.371338 0.019532 0.009277
0 0.437500 0.369629 0.041016 0.022461
0 1.305664 0.358887 0.021484 0.010742
0 0.505860 0.351318 0.025390 0.014160
0 0.309082 0.357666 0.047852 0.031738
0 1.488282 0.342773 0.017578 0.011719
0 0.620606 0.339844 0.016602 0.007812
0 0.229004 0.351807 0.055664 0.032715
0 0.402832 0.327881 0.028320 0.020020
0 0.484864 0.308838 0.024414 0.011230
0 0.171876 0.322754 0.060546 0.049805
0 0.473632 0.283936 0.023438 0.011230
0 0.409180 0.281250 0.027344 0.014648
0 0.307128 0.303955 0.077148 0.060059
0 0.211914 0.271729 0.056640 0.033691
0 1.254882 0.499023 0.015624 0.008789
0 0.082520 0.419189 0.016602 0.020996
0 1.681640 0.406738 0.019532 0.018555
