0 0.962402 0.960449 0.055664 0.015625
0 0.846192 0.940430 0.110352 0.015625
0 1.235840 0.782227 0.043946 0.014648
0 1.269532 0.584717 0.023438 0.013184
0 0.761718 0.386719 0.015624 0.007812
0 1.024902 0.366699 0.016602 0.005859
0 0.826172 0.363037 0.019532 0.007324
0 1.176270 0.358154 0.036132 0.012207
0 1.142090 0.348145 0.036132 0.012695
0 1.009766 0.343018 0.033204 0.012207
0 0.998046 0.319580 0.019532 0.008301
0 1.281250 0.318848 0.025390 0.010742
0 1.481934 0.314209 0.018554 0.009277
0 1.819824 0.302979 0.012696 0.005371
0 1.035644 0.299072 0.028320 0.009277
0 1.096192 0.275146 0.024414 0.008301
0 1.277832 0.254150 0.018554 0.007324
0 1.167480 0.215088 0.020508 0.006348
0 0.745606 0.379395 0.024414 0.011719
