0 1.232422 0.918213 0.076172 0.015137
0 0.695312 0.852783 0.041016 0.013184
0 0.654296 0.774902 0.095704 0.058594
0 0.148438 0.706299 0.056640 0.035645
0 0.245606 0.697021 0.030274 0.020996
0 0.368164 0.672363 0.072266 0.045898
0 0.717286 0.629150 0.024414 0.012207
0 0.071778 0.627197 0.073242 0.053223
0 0.429200 0.612549 0.067382 0.030762
0 0.597656 0.538086 0.041016 0.021484
0 0.145508 0.528564 0.046876 0.031738
0 0.331054 0.526123 0.058594 0.036621
0 0.370606 0.508057 0.016602 0.021973
0 1.255372 0.491211 0.010742 0.006836
0 0.623046 0.489014 0.050782 0.022949
0 0.497558 0.458740 0.022460 0.019043
0 0.769532 0.450439 0.021484 0.008301
0 1.218750 0.440918 0.015624 0.006836
0 0.690918 0.443848 0.024414 0.013672
0 1.372070 0.434326 0.029296 0.012207
0 1.338378 0.423584 0.032226 0.017090
0 0.301758 0.429199 0.058594 0.039062
0 0.624024 0.415527 0.019532 0.012695
0 0.080566 0.410889 0.030274 0.021973
0 0.530274 0.408691 0.031250 0.020508
0 1.471680 0.394043 0.017578 0.012695
0 1.676758 0.390869 0.017578 0.012207
0 0.120606 0.392090 0.055664 0.043945
0 1.231446 0.373047 0.015624 0.007812
0 0.694824 0.364014 0.014648 0.007324
0 0.424804 0.370605 0.039062 0.026367
0 0.320312 0.353760 0.048828 0.020996
0 1.292968 0.348633 0.021484 0.010742
0 0.553222 0.352051 0.034180 0.017578
0 0.229980 0.345215 0.063476 0.034180
0 1.475586 0.329102 0.021484 0.011719
0 1.326660 0.330078 0.030274 0.016602
0 0.410644 0.320557 0.028320 0.021973
0 0.291016 0.311035 0.039062 0.031250
0 0.166504 0.310547 0.040040 0.034180
0 0.482422 0.276611 0.017578 0.008301
0 0.328124 0.278320 0.054688 0.043945
0 0.405274 0.263184 0.066406 0.033203
0 0.217774 0.254883 0.052734 0.032227
0 1.363770 0.287354 0.022460 0.010254
0 0.404296 0.251953 0.021484 0.008789
