0 1.177246 0.656982 0.018554 0.008301
0 1.348144 0.653076 0.036132 0.018066
0 0.333984 0.623779 0.054688 0.030762
0 0.414062 0.552490 0.021484 0.020020
0 0.047364 0.551270 0.043946 0.036133
0 0.498536 0.542480 0.041992 0.021484
0 0.227050 0.541260 0.055664 0.037598
0 0.390136 0.523682 0.018554 0.016113
0 0.339356 0.493896 0.020508 0.018066
0 0.518066 0.496094 0.047852 0.023438
0 0.384278 0.470947 0.026368 0.021973
0 0.043458 0.441162 0.030274 0.021973
0 1.262696 0.428955 0.023438 0.010254
0 0.529296 0.427490 0.025390 0.018066
0 0.187988 0.443604 0.059570 0.051270
0 0.711426 0.418457 0.020508 0.009766
0 1.226074 0.417236 0.032226 0.013184
0 0.405762 0.423340 0.036132 0.025391
0 0.021972 0.420166 0.022460 0.038574
0 0.522950 0.406982 0.026368 0.015137
0 0.449218 0.400879 0.023438 0.019531
0 1.098144 0.391846 0.012696 0.006348
0 0.647950 0.391357 0.010742 0.006348
0 1.363770 0.389893 0.012696 0.007324
0 1.565430 0.385742 0.019532 0.014648
0 1.123046 0.367920 0.021484 0.007324
0 0.300782 0.380859 0.044922 0.035156
0 0.187988 0.373047 0.043946 0.023438
0 0.116210 0.368408 0.050782 0.033691
0 1.184082 0.345215 0.024414 0.010742
0 0.500000 0.344971 0.021484 0.011230
0 0.056152 0.343018 0.026368 0.027832
0 1.365722 0.324951 0.014648 0.007324
0 1.214356 0.323486 0.016602 0.007324
0 0.291992 0.324951 0.048828 0.041504
0 0.345214 0.292725 0.026368 0.017090
0 0.181640 0.315186 0.072266 0.064941
0 0.263184 0.291260 0.034180 0.022949
0 1.729492 0.222656 0.029296 0.016602
0 1.494140 0.168457 0.054688 0.023438
