0 0.640624 0.881104 0.074218 0.019043
0 0.527832 0.679688 0.059570 0.044922
0 0.051758 0.650146 0.025390 0.032715
0 0.108886 0.600830 0.041992 0.064941
0 1.295898 0.555176 0.019532 0.016602
0 0.234864 0.591553 0.083008 0.106934
0 0.086914 0.546387 0.041016 0.019531
0 0.573242 0.537109 0.013672 0.010742
0 0.293946 0.549072 0.058594 0.067871
0 1.911132 0.463623 0.025390 0.021973
0 0.173340 0.456543 0.069336 0.037109
0 0.451660 0.449707 0.028320 0.043945
0 0.640624 0.395996 0.019532 0.012695
0 0.464844 0.404297 0.048828 0.033203
0 1.925782 0.398193 0.021484 0.023926
0 0.326660 0.378418 0.026368 0.014648
0 0.701172 0.362793 0.021484 0.011719
0 0.133300 0.356689 0.049804 0.042480
0 1.210450 0.327881 0.036132 0.012207
0 1.175782 0.317139 0.035156 0.012207
0 0.342774 0.334473 0.062500 0.059570
0 0.191894 0.312256 0.026368 0.022949
0 0.590820 0.296875 0.015624 0.008789
0 1.313476 0.290039 0.023438 0.010742
0 1.519532 0.288330 0.021484 0.014160
0 0.396972 0.286133 0.040040 0.024414
0 0.507324 0.278320 0.018554 0.010742
0 0.252442 0.284424 0.043946 0.031738
0 0.134278 0.279297 0.055664 0.033203
0 0.439942 0.247559 0.016602 0.009766
0 1.696778 0.240967 0.014648 0.009277
0 0.215332 0.244385 0.040040 0.024902
0 1.316406 0.224609 0.023438 0.009766
0 0.365722 0.217041 0.022460 0.012207
0 0.286132 0.196533 0.019532 0.011230
0 0.255860 0.200684 0.037110 0.023438
0 1.666504 0.146240 0.065430 0.030762
