0 1.183106 0.785645 0.063476 0.015625
0 1.158204 0.738770 0.044922 0.010742
0 1.305664 0.629395 0.019532 0.010742
0 0.921876 0.434814 0.013672 0.006348
0 0.802734 0.412109 0.019532 0.009766
0 1.235352 0.403564 0.031250 0.011230
0 0.729980 0.401367 0.016602 0.009766
0 1.201660 0.391113 0.028320 0.011719
0 1.544434 0.367920 0.020508 0.014160
0 1.345214 0.367432 0.022460 0.013184
0 1.065918 0.360107 0.024414 0.009277
0 0.620606 0.357422 0.020508 0.009766
0 1.103028 0.341797 0.018554 0.007812
0 1.176270 0.342285 0.030274 0.014648
0 0.549316 0.334961 0.018554 0.010742
0 1.353028 0.302979 0.024414 0.011230
0 1.196778 0.298096 0.016602 0.006348
0 0.260742 0.290039 0.033204 0.026367
0 0.408692 0.273682 0.022460 0.013184
0 0.327636 0.250977 0.028320 0.016602
0 0.173828 0.255127 0.054688 0.031738
0 0.233886 0.242432 0.034180 0.020996
