0 1.114258 0.796875 0.042968 0.014648
0 1.077636 0.743896 0.038086 0.012207
0 1.123536 0.667480 0.028320 0.009766
0 1.293946 0.669678 0.027344 0.014160
0 0.285156 0.607910 0.052734 0.033203
0 0.459472 0.535645 0.036132 0.021484
0 0.738770 0.506592 0.016602 0.011230
0 0.483886 0.483643 0.047852 0.022949
0 0.193848 0.507324 0.051758 0.077148
0 0.350098 0.461670 0.024414 0.020020
0 1.237304 0.444336 0.021484 0.008789
0 0.685058 0.415527 0.018554 0.009766
0 1.882812 0.411377 0.015624 0.011230
0 1.548828 0.412598 0.017578 0.013672
0 0.156250 0.428711 0.062500 0.047852
0 1.349122 0.409424 0.018554 0.013184
0 0.390136 0.407959 0.034180 0.024902
0 1.110352 0.378418 0.023438 0.008789
0 0.278808 0.372559 0.038086 0.029297
0 1.175782 0.357178 0.025390 0.010254
0 1.248046 0.354980 0.029296 0.010742
0 1.363282 0.343994 0.017578 0.009277
0 0.173828 0.351562 0.025390 0.027344
0 0.092286 0.347656 0.057618 0.040039
0 1.253418 0.316650 0.030274 0.014160
0 0.263184 0.320312 0.032226 0.024414
0 0.165040 0.297852 0.078124 0.061523
0 1.837402 0.251709 0.020508 0.013184
0 1.429200 0.176758 0.034180 0.013672
0 1.561036 0.132812 0.047852 0.019531
0 1.261230 0.298340 0.020508 0.008789
