0 0.646484 0.783691 0.031250 0.010742
0 0.569824 0.695312 0.049804 0.034180
0 0.087402 0.643066 0.084960 0.044922
0 0.179688 0.625000 0.054688 0.043945
0 0.308594 0.606689 0.068360 0.043457
0 0.654296 0.559814 0.017578 0.012207
0 0.017578 0.568359 0.021484 0.037109
0 0.367676 0.545654 0.055664 0.033691
0 0.537110 0.468750 0.039062 0.019531
0 0.050782 0.451172 0.015624 0.018555
0 0.259278 0.460205 0.053710 0.037598
0 0.560546 0.418213 0.041016 0.026855
0 0.426758 0.396240 0.019532 0.013184
0 0.898438 0.384521 0.013672 0.006348
0 0.631348 0.375732 0.014648 0.008301
0 0.876954 0.376221 0.021484 0.008301
0 0.235352 0.363770 0.058594 0.047852
0 0.309082 0.339844 0.026368 0.021484
0 0.474122 0.334961 0.063476 0.048828
0 0.623046 0.299561 0.013672 0.006348
0 0.477050 0.294434 0.026368 0.013672
0 0.247558 0.295898 0.026368 0.019531
0 0.362792 0.302246 0.041992 0.033203
0 0.555176 0.269287 0.026368 0.015137
0 0.329102 0.259766 0.031250 0.020508
0 0.177246 0.271729 0.102540 0.062988
0 0.377442 0.220215 0.026368 0.015625
0 0.247558 0.217529 0.047852 0.022949
0 0.335450 0.211426 0.022460 0.013672
0 0.757812 0.347412 0.037110 0.017090
