0 0.702148 0.919922 0.027344 0.007812
0 0.664550 0.793701 0.030274 0.011230
0 0.584472 0.701416 0.045898 0.042480
0 0.077148 0.649658 0.050782 0.023926
0 0.185546 0.632080 0.031250 0.020996
0 0.314942 0.614258 0.065430 0.022461
0 1.217774 0.602783 0.023438 0.010254
0 0.033692 0.598389 0.045898 0.063965
0 0.659668 0.562988 0.020508 0.012695
0 0.386718 0.568848 0.058594 0.036133
0 0.059570 0.487549 0.009766 0.005371
0 0.548340 0.487549 0.036132 0.021973
0 0.267090 0.489502 0.063476 0.031738
0 0.564454 0.437012 0.042968 0.023438
0 0.432618 0.419434 0.013672 0.007812
0 0.604004 0.392334 0.022460 0.013184
0 0.879882 0.387695 0.021484 0.007812
0 0.237304 0.392822 0.050782 0.041504
0 0.312012 0.362549 0.026368 0.020996
0 0.459472 0.363525 0.047852 0.027832
0 0.618164 0.316650 0.023438 0.011230
0 0.467774 0.312012 0.027344 0.014648
0 0.366700 0.318115 0.045898 0.031738
0 0.242188 0.314209 0.056640 0.030762
0 0.157714 0.307373 0.075196 0.043457
0 0.552734 0.286133 0.015624 0.006836
0 0.321290 0.282959 0.033204 0.023926
0 0.106934 0.281006 0.051758 0.051270
0 0.374024 0.241455 0.054688 0.022949
0 0.229492 0.243652 0.066406 0.029297
0 0.330566 0.224854 0.051758 0.039551
