0 1.146484 0.645020 0.013672 0.006836
0 1.317872 0.644775 0.016602 0.008301
0 0.365234 0.447998 0.029296 0.025879
0 1.242188 0.417725 0.031250 0.015137
0 0.026856 0.411133 0.024414 0.014648
0 1.211426 0.408203 0.032226 0.013672
0 0.502930 0.403076 0.025390 0.017090
0 0.164550 0.416748 0.061524 0.046387
0 0.386230 0.400879 0.038086 0.021484
0 1.351562 0.382080 0.019532 0.011230
0 1.552246 0.382324 0.020508 0.015625
0 1.074708 0.374512 0.022460 0.008789
0 0.405274 0.372559 0.025390 0.019531
0 0.475098 0.370117 0.026368 0.018555
0 1.111816 0.356689 0.026368 0.010254
0 0.556152 0.353271 0.022460 0.012207
0 0.285156 0.359375 0.042968 0.031250
0 1.174316 0.333984 0.024414 0.009766
0 0.180664 0.343994 0.050782 0.031738
0 0.487304 0.323242 0.021484 0.012695
0 0.102540 0.336670 0.093750 0.040527
0 1.357910 0.316895 0.022460 0.010742
0 0.269042 0.312012 0.032226 0.025391
0 0.417480 0.291748 0.016602 0.010254
0 0.336426 0.267334 0.024414 0.013184
0 0.187500 0.270996 0.050782 0.039062
0 0.269042 0.273438 0.061524 0.041016
0 0.257812 0.247070 0.017578 0.009766
0 1.723144 0.232422 0.032226 0.019531
0 1.519532 0.170898 0.052734 0.021484
0 0.260254 0.260742 0.041992 0.032227
0 0.153320 0.304932 0.044922 0.030762
