0 1.103028 0.614014 0.018554 0.008301
0 1.272460 0.613037 0.027344 0.014160
0 0.789550 0.404053 0.020508 0.009277
0 1.206054 0.386719 0.023438 0.008789
0 0.854492 0.381592 0.015624 0.006348
0 1.169922 0.374512 0.031250 0.012695
0 1.513672 0.350098 0.019532 0.010742
0 1.312012 0.348877 0.024414 0.012207
0 0.592286 0.343506 0.020508 0.010254
0 1.848632 0.342285 0.015624 0.009766
0 1.032714 0.342529 0.026368 0.010254
0 0.515136 0.320068 0.024414 0.013184
0 1.133790 0.301270 0.023438 0.008789
0 0.447266 0.289062 0.021484 0.010742
0 1.316406 0.283691 0.021484 0.008789
0 0.376464 0.257812 0.016602 0.008789
0 0.223632 0.232422 0.013672 0.005859
0 0.296386 0.233643 0.026368 0.013184
0 1.687012 0.230713 0.032226 0.018066
0 0.218750 0.211914 0.021484 0.012695
0 1.538086 0.159668 0.056640 0.024414
