0 0.645508 0.901611 0.048828 0.014160
0 0.544922 0.767334 0.033204 0.013184
0 0.472168 0.678711 0.061524 0.046875
0 0.068848 0.602539 0.057618 0.037109
0 0.192872 0.595703 0.065430 0.056641
0 1.264160 0.566162 0.026368 0.013184
0 0.536132 0.537598 0.021484 0.011719
0 0.051758 0.534180 0.044922 0.028320
0 0.247070 0.525635 0.062500 0.040527
0 1.897950 0.512939 0.016602 0.018066
0 1.037110 0.349365 0.023438 0.007324
0 1.190430 0.346436 0.037110 0.012207
0 0.842286 0.338623 0.018554 0.008301
0 1.156738 0.333740 0.036132 0.012207
0 1.501954 0.312256 0.017578 0.009277
0 1.302246 0.310059 0.024414 0.010742
0 1.019532 0.301025 0.021484 0.008301
0 1.306152 0.245605 0.018554 0.006836
0 1.149414 0.241699 0.013672 0.005859
0 1.681640 0.245361 0.035156 0.020996
0 1.629882 0.160645 0.056640 0.026367
