0 1.195312 0.919678 0.078124 0.024902
0 0.722656 0.858398 0.041016 0.012695
0 0.675292 0.781250 0.090820 0.059570
0 0.165040 0.722412 0.058594 0.034668
0 0.260254 0.711182 0.034180 0.020996
0 0.380860 0.684326 0.074218 0.044434
0 0.727050 0.634277 0.022460 0.010742
0 0.082032 0.644775 0.074218 0.052246
0 0.439942 0.623535 0.069336 0.030273
0 0.601074 0.545898 0.041992 0.020508
0 0.148438 0.544678 0.046876 0.030762
0 0.333984 0.538818 0.058594 0.035645
0 0.372558 0.519775 0.014648 0.021973
0 1.255372 0.496338 0.014648 0.008301
0 0.623046 0.496094 0.050782 0.021484
0 0.494628 0.468506 0.022460 0.019043
0 0.765136 0.454834 0.020508 0.008301
0 0.686524 0.449707 0.023438 0.013672
0 1.377442 0.443604 0.030274 0.014160
0 1.345704 0.431396 0.029296 0.011230
0 0.296876 0.442383 0.058594 0.038086
0 0.074218 0.428467 0.029296 0.021973
0 0.617676 0.422852 0.018554 0.012695
0 0.523926 0.417725 0.028320 0.020020
0 1.482910 0.406006 0.016602 0.010254
0 0.112792 0.408691 0.055664 0.043945
0 1.244628 0.378418 0.012696 0.005859
0 0.415528 0.381592 0.038086 0.026855
0 0.684570 0.370117 0.015624 0.006836
0 0.308594 0.367920 0.048828 0.019043
0 0.541992 0.360840 0.033204 0.017578
0 0.218262 0.359863 0.063476 0.034180
0 1.492676 0.340820 0.022460 0.013672
0 1.352050 0.338867 0.018554 0.009766
0 0.396972 0.332031 0.028320 0.023438
0 0.153320 0.326660 0.041016 0.034180
0 0.277832 0.324707 0.038086 0.031250
0 0.466796 0.286621 0.017578 0.008789
0 0.311524 0.291016 0.052734 0.044922
0 0.387208 0.275391 0.067382 0.033203
0 0.199708 0.270508 0.051758 0.033203
0 1.385742 0.296631 0.021484 0.010254
0 0.385742 0.263428 0.021484 0.010254
