0 0.738770 0.929199 0.047852 0.010742
0 0.692872 0.804688 0.032226 0.009766
0 0.605468 0.713623 0.050782 0.043457
0 0.095214 0.665771 0.063476 0.037598
0 0.199708 0.646240 0.045898 0.043457
0 0.324218 0.624512 0.064454 0.041992
0 1.227050 0.601807 0.020508 0.009277
0 0.670410 0.573975 0.016602 0.011230
0 0.030762 0.588379 0.043946 0.064453
0 0.383300 0.564453 0.055664 0.029297
0 0.554200 0.483398 0.045898 0.017578
0 0.272460 0.480713 0.056640 0.030762
0 0.572266 0.431885 0.050782 0.025879
0 0.437012 0.412109 0.018554 0.013672
0 0.886718 0.387207 0.021484 0.006836
0 0.605468 0.388916 0.023438 0.014160
0 0.244140 0.384033 0.052734 0.043457
0 0.768554 0.358643 0.015624 0.007324
0 0.468262 0.361328 0.032226 0.027344
0 0.319336 0.355957 0.025390 0.019531
0 0.629394 0.312500 0.016602 0.007812
0 0.375976 0.313477 0.050782 0.028320
0 0.478028 0.306152 0.030274 0.016602
0 0.244628 0.311035 0.045898 0.026367
0 0.165528 0.301270 0.059570 0.038086
0 0.560546 0.283447 0.025390 0.011230
0 0.112304 0.279297 0.037110 0.032227
0 0.338378 0.272705 0.036132 0.026855
0 0.488770 0.251465 0.022460 0.011719
0 0.394532 0.232666 0.060546 0.024902
0 0.345214 0.218750 0.053710 0.038086
