0 1.270996 0.578613 0.024414 0.013672
0 0.817872 0.385498 0.022460 0.010254
0 0.769042 0.382324 0.018554 0.007812
0 0.925292 0.360352 0.016602 0.006836
0 1.184082 0.360107 0.024414 0.009277
0 0.833496 0.358643 0.024414 0.009277
0 1.147950 0.347900 0.028320 0.010254
0 1.497070 0.324707 0.021484 0.011719
0 1.294434 0.323730 0.026368 0.011719
0 1.012696 0.317139 0.023438 0.007324
0 1.046876 0.298340 0.033204 0.009766
0 1.111816 0.276123 0.028320 0.008301
0 1.296876 0.258301 0.027344 0.009766
0 1.668458 0.231689 0.034180 0.019043
0 1.564942 0.152588 0.065430 0.027832
0 0.750976 0.373779 0.025390 0.012207
