0 0.562012 0.777100 0.075196 0.048340
0 0.153320 0.697754 0.037110 0.027344
0 1.182618 0.676025 0.021484 0.008301
0 1.352540 0.676758 0.025390 0.014648
0 0.279786 0.680420 0.065430 0.038574
0 0.625976 0.634521 0.021484 0.012207
0 0.340332 0.616455 0.053710 0.033691
0 0.427734 0.550537 0.021484 0.020020
0 0.513184 0.543701 0.041992 0.025879
0 0.066894 0.534668 0.036132 0.022461
0 0.242188 0.532471 0.052734 0.035645
0 0.377930 0.520508 0.017578 0.014648
0 0.357422 0.492432 0.023438 0.015137
0 0.540528 0.494873 0.051758 0.025879
0 0.411132 0.465576 0.027344 0.022949
0 1.287110 0.448975 0.025390 0.012207
0 1.256836 0.438477 0.027344 0.013672
0 0.744628 0.422607 0.012696 0.006348
0 0.074218 0.427734 0.025390 0.019531
0 0.216796 0.435303 0.054688 0.044434
0 0.580078 0.427002 0.037110 0.027832
0 1.933106 0.412354 0.012696 0.009277
0 0.438964 0.419434 0.034180 0.023438
0 1.397460 0.413330 0.017578 0.012207
0 1.597656 0.414795 0.017578 0.016113
0 0.499512 0.406494 0.016602 0.014160
0 0.680176 0.397949 0.018554 0.011719
0 1.154786 0.386475 0.014648 0.006348
0 0.041016 0.399902 0.054688 0.051758
0 0.338868 0.378906 0.039062 0.033203
0 0.142578 0.353271 0.058594 0.033691
0 0.373046 0.322998 0.027344 0.018066
0 0.324218 0.327393 0.035156 0.025879
0 0.087402 0.321777 0.055664 0.042969
0 0.206542 0.316650 0.040040 0.033691
0 0.305176 0.286377 0.012696 0.010254
0 0.241700 0.284668 0.041992 0.031250
0 0.131348 0.264893 0.036132 0.025879
0 1.774414 0.240234 0.035156 0.023438
0 1.525390 0.187012 0.054688 0.025391
0 0.222656 0.359619 0.013672 0.007324
