0 0.722168 0.950195 0.084960 0.018555
0 0.705078 0.825684 0.037110 0.010742
0 0.643066 0.735596 0.049804 0.030762
0 0.142578 0.697998 0.078124 0.045410
0 0.242676 0.677246 0.034180 0.029297
0 0.368652 0.657715 0.065430 0.031250
0 0.712890 0.603271 0.023438 0.011230
0 0.067872 0.609863 0.077148 0.048828
0 0.425292 0.591309 0.051758 0.029297
0 0.592286 0.512451 0.040040 0.020020
0 0.316406 0.508057 0.052734 0.035645
0 0.617676 0.460205 0.043946 0.023926
0 0.479004 0.440430 0.028320 0.018555
0 0.929688 0.417236 0.013672 0.006348
0 0.547852 0.416992 0.013672 0.009766
0 1.210938 0.414307 0.019532 0.009277
0 1.175292 0.388184 0.026368 0.010742
0 0.281738 0.406494 0.051758 0.051270
0 0.366700 0.387695 0.024414 0.019531
0 0.511230 0.386719 0.032226 0.023438
0 1.230958 0.346436 0.016602 0.007324
0 0.668458 0.341064 0.016602 0.009277
0 0.504882 0.328125 0.021484 0.013672
0 0.292968 0.334473 0.044922 0.029297
0 0.428222 0.334961 0.069336 0.046875
0 0.210938 0.330078 0.052734 0.040039
0 1.478516 0.309570 0.021484 0.012695
0 0.374512 0.306152 0.034180 0.025391
0 0.531250 0.280762 0.015624 0.008789
0 0.159180 0.292725 0.083984 0.054199
0 0.443848 0.264160 0.043946 0.028320
0 0.385742 0.254150 0.029296 0.016113
0 0.281738 0.279297 0.096680 0.071289
0 0.179200 0.251465 0.041992 0.030273
0 0.354004 0.237305 0.020508 0.009766
