0 1.144532 0.796387 0.039062 0.015625
0 1.105468 0.742432 0.035156 0.011230
0 1.137696 0.660889 0.027344 0.010254
0 1.308106 0.661377 0.028320 0.014160
0 0.287110 0.609375 0.009766 0.009766
0 0.468262 0.531494 0.036132 0.024902
0 0.738282 0.501465 0.017578 0.010742
0 0.201172 0.512939 0.052734 0.063965
0 0.491700 0.486816 0.040040 0.030273
0 0.840820 0.462402 0.017578 0.006836
0 0.356934 0.458496 0.024414 0.018555
0 0.988770 0.449463 0.010742 0.005371
0 0.808106 0.440430 0.012696 0.005859
0 1.241700 0.436035 0.018554 0.007812
0 0.736816 0.428711 0.012696 0.006836
0 1.207032 0.423340 0.029296 0.012695
0 0.162110 0.426758 0.062500 0.042969
0 0.690918 0.409424 0.016602 0.010254
0 1.549316 0.400146 0.016602 0.012207
0 1.347656 0.397461 0.019532 0.011719
0 1.882812 0.391846 0.017578 0.016113
0 0.399414 0.399414 0.031250 0.031250
0 0.626464 0.385010 0.022460 0.013184
0 1.105958 0.371826 0.022460 0.008301
0 0.555664 0.362305 0.017578 0.010742
0 0.286622 0.369141 0.041992 0.028320
0 1.170898 0.349854 0.023438 0.009277
0 1.238282 0.349365 0.025390 0.013184
0 0.183106 0.352295 0.028320 0.029785
0 1.356934 0.333740 0.016602 0.009277
0 0.101074 0.346436 0.055664 0.040527
0 0.268554 0.316162 0.033204 0.026855
0 1.253906 0.303223 0.027344 0.012695
0 0.254394 0.272461 0.034180 0.019531
0 0.187012 0.284424 0.055664 0.050293
0 1.414550 0.160645 0.034180 0.013672
0 1.543458 0.115234 0.045898 0.016602
0 0.151856 0.311035 0.049804 0.035156
0 1.252930 0.289307 0.025390 0.010254
