0 0.508300 0.759033 0.022460 0.010254
0 0.483886 0.689209 0.069336 0.044434
0 1.256836 0.580078 0.021484 0.013672
0 1.014648 0.355225 0.023438 0.007324
0 1.204102 0.356201 0.037110 0.013184
0 0.824708 0.351807 0.016602 0.006348
0 0.911622 0.351807 0.018554 0.007324
0 0.906250 0.341553 0.015624 0.006348
0 1.146484 0.338867 0.068360 0.021484
0 1.317382 0.321777 0.025390 0.010742
0 0.988770 0.308350 0.026368 0.008301
0 1.081054 0.263184 0.021484 0.007812
0 1.330078 0.258057 0.021484 0.008301
0 1.695312 0.251953 0.033204 0.020508
0 1.108886 0.242676 0.014648 0.006836
0 1.634278 0.170898 0.067382 0.031250
