0 0.673340 0.889160 0.030274 0.009766
0 0.581054 0.802734 0.050782 0.048828
0 0.193848 0.739502 0.030274 0.021973
0 1.208496 0.697998 0.024414 0.009277
0 0.312988 0.711914 0.079102 0.043945
0 1.385254 0.694580 0.030274 0.015137
0 0.658204 0.665039 0.021484 0.010742
0 0.375488 0.654785 0.059570 0.029297
0 0.088868 0.591309 0.048828 0.025391
0 0.538574 0.576172 0.041992 0.020508
0 0.265624 0.568115 0.048828 0.035645
0 1.395508 0.531006 0.015624 0.012207
0 0.564454 0.523438 0.042968 0.028320
0 1.782226 0.509766 0.021484 0.021484
0 0.314454 0.499023 0.013672 0.014648
0 0.429688 0.499023 0.027344 0.024414
0 1.313476 0.473145 0.021484 0.009766
0 1.274414 0.458984 0.013672 0.006836
0 0.240234 0.472900 0.046876 0.046387
0 0.330078 0.454590 0.019532 0.019531
0 0.017578 0.457764 0.025390 0.032715
0 0.464844 0.448486 0.031250 0.023926
0 1.622070 0.436768 0.013672 0.013184
0 1.420898 0.435059 0.015624 0.011719
0 1.673828 0.440186 0.025390 0.025879
0 1.179688 0.409668 0.013672 0.008789
0 0.059082 0.444824 0.053710 0.080078
0 0.369628 0.405518 0.045898 0.027832
0 1.963378 0.401123 0.034180 0.044434
0 0.242676 0.393555 0.045898 0.033203
0 0.157714 0.390381 0.057618 0.036621
0 0.427734 0.378174 0.019532 0.015137
0 0.335938 0.364258 0.025390 0.020508
0 0.095214 0.357178 0.043946 0.037598
0 0.227050 0.351074 0.055664 0.038086
0 0.127930 0.315430 0.015624 0.008789
0 1.955566 0.424561 0.008790 0.005371
