0 0.932128 0.963623 0.053710 0.009277
0 1.120606 0.880615 0.069336 0.015137
0 0.689454 0.813477 0.035156 0.012695
0 0.664062 0.732666 0.060546 0.038574
0 0.119140 0.695557 0.066406 0.033691
0 0.227540 0.673584 0.039062 0.036621
0 0.352540 0.650635 0.064454 0.035645
0 1.257812 0.612549 0.015624 0.007324
0 0.696290 0.592285 0.023438 0.011719
0 0.054688 0.612549 0.070312 0.052246
0 0.411622 0.587402 0.053710 0.030273
0 0.098144 0.509521 0.020508 0.014160
0 0.568848 0.508545 0.051758 0.020996
0 0.297364 0.505615 0.059570 0.028809
0 0.246094 0.497559 0.015624 0.016602
0 0.576660 0.457520 0.065430 0.019531
0 0.840820 0.435059 0.017578 0.007812
0 0.452636 0.435547 0.028320 0.026367
0 0.678710 0.429443 0.023438 0.016113
0 0.254882 0.407715 0.062500 0.040039
0 0.599122 0.393066 0.026368 0.014648
0 0.479004 0.383057 0.032226 0.020996
0 0.781250 0.374756 0.017578 0.007324
0 0.076660 0.380615 0.057618 0.055176
0 0.600586 0.361572 0.039062 0.020020
0 0.715820 0.352783 0.015624 0.007324
0 0.373046 0.351807 0.042968 0.025879
0 0.637208 0.331299 0.024414 0.012207
0 0.257812 0.330811 0.029296 0.020996
0 0.170410 0.330811 0.059570 0.028809
0 0.565918 0.304688 0.024414 0.012695
0 0.108886 0.304688 0.049804 0.037109
0 0.348144 0.296143 0.038086 0.027832
0 0.490722 0.275391 0.020508 0.009766
0 0.411132 0.250977 0.031250 0.014648
0 0.304688 0.252930 0.035156 0.021484
0 0.152344 0.237793 0.044922 0.036133
0 0.249024 0.276855 0.083984 0.068359
