0 1.133300 0.636475 0.016602 0.006348
0 1.307128 0.635010 0.012696 0.008301
0 0.727050 0.409180 0.014648 0.006836
0 1.230468 0.410400 0.031250 0.011230
0 1.196778 0.398926 0.032226 0.012695
0 0.483398 0.393311 0.025390 0.017090
0 0.373536 0.392822 0.049804 0.027832
0 1.338378 0.373047 0.020508 0.010742
0 1.537110 0.371094 0.019532 0.013672
0 1.059570 0.367188 0.015624 0.007812
0 0.616210 0.368164 0.017578 0.008789
0 0.373046 0.364990 0.025390 0.019043
0 0.439454 0.357910 0.027344 0.013672
0 1.094726 0.348633 0.017578 0.006836
0 0.541016 0.346191 0.021484 0.010742
0 0.274902 0.352051 0.045898 0.032227
0 0.164062 0.340088 0.046876 0.024902
0 1.158692 0.325684 0.026368 0.009766
0 0.085938 0.331787 0.052734 0.033691
0 0.472168 0.316650 0.026368 0.015137
0 0.254882 0.305420 0.033204 0.020996
0 0.321290 0.260986 0.027344 0.015137
0 0.247558 0.259033 0.077148 0.046387
0 1.704590 0.227051 0.028320 0.016602
0 0.187988 0.262939 0.135742 0.100098
0 1.515136 0.165283 0.057618 0.023926
0 0.798340 0.421387 0.020508 0.009766
0 0.242188 0.240479 0.027344 0.017090
