0 0.951172 0.964600 0.052734 0.007324
0 1.137208 0.878906 0.069336 0.015625
0 0.703124 0.816650 0.035156 0.012207
0 0.674316 0.736084 0.059570 0.038574
0 0.126954 0.705566 0.066406 0.034180
0 0.234864 0.682129 0.040040 0.036133
0 0.358886 0.657471 0.065430 0.034668
0 1.253906 0.613037 0.015624 0.006348
0 0.059082 0.622803 0.071290 0.051270
0 0.700684 0.595703 0.024414 0.011719
0 0.415528 0.593262 0.053710 0.029297
0 0.098632 0.519287 0.021484 0.014160
0 0.569824 0.513428 0.051758 0.020996
0 0.297364 0.513184 0.059570 0.029297
0 0.246582 0.505615 0.016602 0.017090
0 0.575196 0.461914 0.066406 0.019531
0 0.837890 0.437012 0.017578 0.007812
0 0.450196 0.441406 0.027344 0.026367
0 0.675782 0.432861 0.023438 0.016113
0 0.250976 0.415527 0.062500 0.040039
0 0.594726 0.397705 0.027344 0.015137
0 0.474122 0.388916 0.032226 0.020996
0 0.775878 0.377197 0.018554 0.007324
0 0.072754 0.390625 0.057618 0.055664
0 0.594726 0.366455 0.039062 0.020996
0 0.708984 0.355469 0.013672 0.005859
0 0.366210 0.358398 0.042968 0.025391
0 0.629882 0.335205 0.023438 0.012207
0 0.250488 0.339111 0.028320 0.020996
0 0.163086 0.339844 0.058594 0.029297
0 0.557128 0.309326 0.020508 0.012207
0 0.100586 0.313477 0.048828 0.035156
0 0.338868 0.303467 0.037110 0.027832
0 0.481934 0.280273 0.020508 0.009766
0 0.400390 0.257812 0.031250 0.015625
0 0.293458 0.259766 0.036132 0.023438
0 0.141602 0.247070 0.044922 0.036133
0 0.239746 0.284668 0.081054 0.068359
