0 0.450196 0.824951 0.056640 0.045410
0 1.089844 0.741455 0.025390 0.008301
0 0.198242 0.734863 0.072266 0.037109
0 0.546876 0.691895 0.017578 0.010742
0 0.265136 0.682861 0.059570 0.037598
0 0.437012 0.605957 0.040040 0.028320
0 1.670898 0.595215 0.027344 0.016602
0 0.165040 0.597168 0.050782 0.034180
0 0.105958 0.571045 0.012696 0.018066
0 1.450684 0.562012 0.014648 0.010742
0 0.467774 0.554932 0.044922 0.029785
0 0.332520 0.530273 0.024414 0.023438
0 1.527832 0.486816 0.012696 0.012695
0 1.326660 0.483643 0.014648 0.012207
0 1.904786 0.486816 0.038086 0.041016
0 1.511230 0.452637 0.020508 0.020508
0 1.342286 0.418213 0.016602 0.011230
0 1.965820 0.401611 0.041016 0.044434
0 1.817382 0.326904 0.017578 0.015137
0 1.876954 0.301270 0.039062 0.032227
0 1.811036 0.239258 0.012696 0.006836
