0 0.749024 0.933350 0.050782 0.013184
0 0.699218 0.807617 0.033204 0.010742
0 0.607910 0.725830 0.053710 0.054199
0 0.104980 0.676758 0.071290 0.041016
0 0.203614 0.653564 0.047852 0.038574
0 0.330078 0.634521 0.056640 0.040527
0 1.229004 0.606201 0.022460 0.010254
0 0.674804 0.580566 0.015624 0.010742
0 0.035644 0.599854 0.049804 0.062988
0 0.388672 0.574707 0.060546 0.029297
0 0.561036 0.491211 0.036132 0.019531
0 0.276368 0.492188 0.056640 0.029297
0 0.574218 0.438721 0.050782 0.028809
0 0.591796 0.396973 0.021484 0.011719
0 0.233886 0.385498 0.067382 0.046387
0 0.766602 0.365723 0.017578 0.006836
0 0.464356 0.369873 0.036132 0.020996
0 0.319336 0.365967 0.017578 0.016113
0 0.704102 0.340820 0.017578 0.007812
0 0.625000 0.321533 0.021484 0.011230
0 0.370606 0.323975 0.040040 0.029785
0 0.247070 0.318359 0.037110 0.026367
0 0.474610 0.313721 0.035156 0.020996
0 0.163086 0.315430 0.064454 0.035156
0 0.557128 0.291992 0.018554 0.010742
0 0.106446 0.291992 0.033204 0.034180
0 0.334472 0.285645 0.040040 0.024414
0 0.391602 0.241699 0.050782 0.022461
0 0.335450 0.237305 0.041992 0.023438
0 0.219238 0.278809 0.022460 0.017578
