0 1.089844 0.958008 0.068360 0.016602
0 0.862792 0.909180 0.088868 0.013672
0 0.871582 0.823730 0.034180 0.009766
0 1.463378 0.799805 0.059570 0.022461
0 0.567382 0.746582 0.029296 0.013672
0 0.555176 0.669189 0.081054 0.039551
0 0.052734 0.619873 0.062500 0.039551
0 0.128906 0.593262 0.033204 0.038086
0 0.251954 0.580322 0.054688 0.041504
0 1.331054 0.555420 0.023438 0.015137
0 0.600586 0.526123 0.017578 0.012207
0 0.119140 0.521973 0.039062 0.028320
0 0.311524 0.516113 0.064454 0.036133
0 1.947266 0.463135 0.015624 0.018066
0 0.037598 0.443115 0.012696 0.015137
0 0.485840 0.438965 0.038086 0.029297
0 0.211426 0.430420 0.057618 0.043457
0 1.959960 0.405273 0.017578 0.008789
0 0.619628 0.385986 0.024414 0.011230
0 0.493164 0.389893 0.068360 0.025879
0 0.840820 0.350342 0.017578 0.007324
0 0.651368 0.352783 0.035156 0.020020
0 0.822266 0.341797 0.027344 0.011719
0 0.751954 0.331299 0.019532 0.008301
0 0.173828 0.335205 0.070312 0.038574
0 0.703124 0.312256 0.025390 0.012207
0 0.404296 0.312500 0.033204 0.020508
0 0.297852 0.277832 0.039062 0.020508
0 0.565430 0.265625 0.025390 0.013672
0 0.186036 0.260498 0.041992 0.025879
0 0.496582 0.235352 0.032226 0.015625
0 0.278808 0.224365 0.038086 0.023926
0 0.421876 0.205322 0.019532 0.011230
0 0.249024 0.173584 0.070312 0.040527
0 0.167480 0.226318 0.024414 0.017090
