0 0.371094 0.834473 0.056640 0.048828
0 1.186524 0.770264 0.033204 0.009277
0 1.010742 0.762939 0.021484 0.007324
0 0.126954 0.739746 0.050782 0.042969
0 0.478516 0.705811 0.023438 0.014160
0 0.197266 0.684082 0.052734 0.034180
0 1.613282 0.636475 0.021484 0.016113
0 0.279786 0.629395 0.034180 0.022461
0 0.375976 0.611816 0.046876 0.025391
0 0.123046 0.604248 0.019532 0.018066
0 0.785156 0.587402 0.019532 0.010742
0 1.475586 0.568115 0.017578 0.011230
0 0.943848 0.564697 0.010742 0.005371
0 0.415040 0.566895 0.029296 0.016602
0 1.864258 0.528320 0.023438 0.031250
0 1.813964 0.511230 0.012696 0.013672
0 1.276368 0.506592 0.013672 0.010254
0 1.972168 0.478760 0.014648 0.020020
0 1.423340 0.460205 0.030274 0.017090
0 1.923828 0.423584 0.050782 0.031738
0 1.962402 0.381592 0.034180 0.041504
0 1.772460 0.352539 0.021484 0.016602
0 1.827148 0.322998 0.029296 0.024902
0 1.775390 0.271484 0.019532 0.014648
