0 0.993652 0.943604 0.073242 0.017090
0 0.819824 0.899902 0.069336 0.015625
0 1.371582 0.793213 0.045898 0.018066
0 0.576172 0.757324 0.035156 0.016602
0 0.542480 0.675049 0.088868 0.056152
0 0.058594 0.655518 0.033204 0.029785
0 0.113282 0.622803 0.033204 0.032715
0 0.019042 0.585205 0.006836 0.005371
0 0.233886 0.594238 0.059570 0.083008
0 1.295898 0.550537 0.021484 0.013184
0 0.085938 0.553955 0.019532 0.020020
0 0.290040 0.532715 0.056640 0.045898
0 0.444824 0.454346 0.036132 0.035645
0 0.172364 0.451660 0.059570 0.041016
0 1.889648 0.436035 0.025390 0.020508
0 0.582520 0.395264 0.030274 0.016113
0 0.443848 0.395264 0.073242 0.033691
0 1.921876 0.379883 0.011718 0.010742
0 0.632812 0.367432 0.031250 0.017090
0 0.489746 0.357178 0.022460 0.015137
0 0.122070 0.360107 0.076172 0.041504
0 0.771972 0.340332 0.020508 0.009766
0 0.648926 0.317383 0.012696 0.006836
0 0.346680 0.325684 0.039062 0.027344
0 1.191894 0.315186 0.065430 0.022949
0 0.236328 0.295654 0.048828 0.029785
0 1.310546 0.283447 0.025390 0.011230
0 1.514648 0.279541 0.025390 0.014160
0 0.499512 0.276367 0.016602 0.010742
0 0.126464 0.278564 0.043946 0.033691
0 0.434082 0.245117 0.028320 0.015625
0 0.211426 0.245605 0.036132 0.027344
0 1.315918 0.218018 0.024414 0.009277
0 1.155274 0.217285 0.025390 0.006836
0 0.355958 0.216553 0.022460 0.013184
0 0.274414 0.197510 0.027344 0.015137
0 1.591308 0.192627 0.041992 0.020996
0 1.542480 0.119629 0.032226 0.013672
0 1.402344 0.078857 0.031250 0.011230
0 1.357910 0.052246 0.045898 0.014648
0 0.575196 0.537354 0.017578 0.013184
0 0.585938 0.293457 0.017578 0.007812
