0 0.599122 0.869873 0.069336 0.020020
0 0.526368 0.733643 0.023438 0.013184
0 0.466796 0.628418 0.076172 0.064453
0 1.284668 0.559570 0.022460 0.015625
0 0.078124 0.530762 0.029296 0.060547
0 0.194336 0.534424 0.064454 0.068848
0 0.557618 0.500244 0.015624 0.014160
0 0.085938 0.465820 0.044922 0.019531
0 1.903808 0.471436 0.030274 0.036621
0 0.274902 0.477051 0.051758 0.062500
0 1.923828 0.411621 0.023438 0.022461
0 0.470214 0.397949 0.038086 0.029297
0 0.186524 0.382568 0.054688 0.039551
0 0.663574 0.364990 0.024414 0.014160
0 0.708984 0.361328 0.021484 0.010742
0 0.498046 0.353027 0.044922 0.026367
0 1.057618 0.335693 0.023438 0.009277
0 1.214356 0.330322 0.026368 0.011230
0 1.180664 0.318604 0.041016 0.016113
0 0.367188 0.310791 0.029296 0.033691
0 1.319336 0.293457 0.023438 0.011719
0 1.521484 0.291992 0.023438 0.013672
0 0.513184 0.271729 0.024414 0.014160
0 1.075684 0.266846 0.032226 0.009277
0 0.184570 0.282715 0.062500 0.045898
0 0.409668 0.273682 0.049804 0.036621
0 1.134278 0.246338 0.020508 0.008301
0 0.443360 0.241943 0.017578 0.010254
0 0.264648 0.239990 0.033204 0.020020
0 1.322266 0.227539 0.027344 0.011719
0 0.372558 0.210693 0.016602 0.010254
0 0.333984 0.220459 0.058594 0.039551
0 0.208496 0.208496 0.053710 0.032227
0 0.296386 0.186523 0.036132 0.016602
0 1.672364 0.152832 0.063476 0.030273
