0 1.201660 0.781006 0.047852 0.014160
0 1.188476 0.734619 0.025390 0.007324
0 1.298340 0.604492 0.024414 0.013672
0 0.856446 0.428955 0.021484 0.008301
0 0.705566 0.388916 0.018554 0.009277
0 0.863770 0.382812 0.012696 0.005859
0 1.207032 0.382324 0.023438 0.008789
0 1.171386 0.370850 0.028320 0.012207
0 1.308106 0.341797 0.022460 0.011719
0 1.507812 0.337891 0.021484 0.013672
0 1.102050 0.337158 0.024414 0.012207
0 0.514160 0.328125 0.014648 0.009766
0 1.066894 0.321045 0.024414 0.009277
0 1.841308 0.320557 0.016602 0.012207
0 0.446778 0.298340 0.024414 0.013672
0 0.290528 0.244141 0.018554 0.011719
0 1.381836 0.071289 0.037110 0.011719
0 1.151368 0.275879 0.021484 0.008789
0 0.776368 0.399170 0.023438 0.011230
