0 1.070312 0.971191 0.060546 0.017578
0 0.865234 0.914307 0.050782 0.011230
0 0.887208 0.830078 0.040040 0.010742
0 1.479492 0.819092 0.056640 0.022949
0 0.566894 0.746826 0.026368 0.012207
0 0.558106 0.671143 0.077148 0.043457
0 0.054688 0.611816 0.072266 0.043945
0 0.137208 0.588379 0.034180 0.036133
0 1.338868 0.569824 0.023438 0.012695
0 0.267090 0.577148 0.079102 0.041016
0 0.613282 0.529053 0.021484 0.012207
0 0.138672 0.518555 0.058594 0.028320
0 0.328124 0.513428 0.058594 0.031738
0 1.964356 0.488037 0.016602 0.018066
0 0.501954 0.441162 0.037110 0.027832
0 0.073730 0.435059 0.016602 0.017578
0 0.222656 0.430420 0.068360 0.037598
0 0.635254 0.389160 0.028320 0.015625
0 0.503418 0.390137 0.090820 0.025391
0 0.388672 0.360352 0.013672 0.008789
0 0.862304 0.356445 0.023438 0.007812
0 0.568360 0.351074 0.015624 0.008789
0 0.843750 0.347656 0.023438 0.009766
0 0.657714 0.347656 0.026368 0.012695
0 0.196778 0.333252 0.065430 0.038574
0 0.426758 0.314209 0.048828 0.032715
0 0.589844 0.269775 0.021484 0.011230
0 0.326172 0.281250 0.052734 0.037109
0 0.220704 0.253418 0.056640 0.040039
0 0.525878 0.237061 0.024414 0.013184
0 0.302734 0.224365 0.031250 0.018066
0 0.159180 0.237305 0.087890 0.072266
0 0.455566 0.205078 0.022460 0.012695
0 0.243164 0.183105 0.064454 0.025391
