0 0.942872 0.981934 0.065430 0.008789
0 1.169434 0.892334 0.067382 0.023926
0 0.691894 0.831055 0.034180 0.010742
0 0.649902 0.756104 0.098632 0.056152
0 0.152344 0.695557 0.070312 0.039551
0 0.236328 0.680664 0.031250 0.027344
0 0.361328 0.661377 0.062500 0.036621
0 1.268066 0.636719 0.016602 0.008789
0 0.707520 0.608154 0.024414 0.012207
0 0.063476 0.617920 0.076172 0.054199
0 0.421876 0.598389 0.056640 0.029785
0 0.585450 0.521729 0.045898 0.020996
0 0.122558 0.518311 0.049804 0.026855
0 0.311036 0.510254 0.067382 0.043945
0 0.604004 0.472900 0.047852 0.020996
0 0.816406 0.442139 0.013672 0.006348
0 0.476074 0.444580 0.026368 0.021973
0 0.687988 0.436523 0.020508 0.012695
0 1.201660 0.416016 0.012696 0.006836
0 0.273926 0.416504 0.067382 0.041992
0 0.602050 0.398926 0.022460 0.013672
0 0.804688 0.393311 0.013672 0.006348
0 1.316894 0.396484 0.032226 0.013672
0 0.502930 0.394775 0.035156 0.021973
0 0.096192 0.384766 0.043946 0.037109
0 0.740722 0.368408 0.024414 0.010254
0 0.579590 0.360596 0.024414 0.011230
0 1.213378 0.348389 0.028320 0.011230
0 0.399414 0.357422 0.044922 0.032227
0 0.663574 0.346191 0.024414 0.010742
0 0.286132 0.339355 0.048828 0.031250
0 0.205566 0.336670 0.034180 0.027832
0 1.277832 0.326172 0.030274 0.014648
0 0.597168 0.317139 0.028320 0.014160
0 1.456054 0.303467 0.019532 0.009277
0 0.376954 0.306396 0.029296 0.023926
0 0.140624 0.308838 0.056640 0.043457
0 0.524414 0.285889 0.021484 0.010254
0 1.355958 0.278076 0.028320 0.011230
0 0.445800 0.262207 0.016602 0.007812
0 0.343750 0.259766 0.023438 0.012695
0 0.278808 0.283936 0.084960 0.064941
0 0.181152 0.250244 0.041992 0.027832
0 0.122558 0.397949 0.034180 0.027344
0 1.346192 0.264160 0.020508 0.008789
