0 1.269042 0.589355 0.024414 0.013672
0 0.764648 0.391113 0.015624 0.008789
0 0.829590 0.389160 0.020508 0.008789
0 0.743652 0.383545 0.020508 0.010254
0 1.026856 0.369873 0.020508 0.007324
0 0.918946 0.365723 0.017578 0.006836
0 0.828124 0.365967 0.021484 0.007324
0 1.176758 0.361328 0.031250 0.010742
0 1.144532 0.350342 0.033204 0.012207
0 1.283692 0.321533 0.020508 0.010254
0 1.002930 0.321777 0.025390 0.010742
0 1.487304 0.319336 0.019532 0.011719
0 1.038086 0.302490 0.033204 0.010254
0 1.097656 0.277588 0.021484 0.008301
0 1.285156 0.258301 0.019532 0.007812
0 1.649902 0.218018 0.034180 0.019043
0 1.533692 0.141846 0.067382 0.028809
0 0.917968 0.354980 0.017578 0.006836
