0 0.553710 0.895508 0.039062 0.012695
0 0.485352 0.809570 0.054688 0.044922
0 1.301758 0.727539 0.029296 0.012695
0 0.231446 0.712891 0.070312 0.040039
0 0.295898 0.656982 0.056640 0.031738
0 0.471192 0.583740 0.040040 0.022949
0 1.708984 0.570557 0.021484 0.016113
0 0.199218 0.571533 0.048828 0.038574
0 1.427734 0.554688 0.013672 0.010742
0 0.506348 0.533447 0.040040 0.026855
0 0.184570 0.524414 0.013672 0.021484
0 0.369140 0.505127 0.027344 0.020996
0 1.896484 0.474609 0.011718 0.012695
0 1.562500 0.473389 0.013672 0.012207
0 1.365722 0.465088 0.016602 0.012207
0 1.930664 0.467041 0.027344 0.029785
0 0.279296 0.459473 0.013672 0.015625
0 0.178222 0.469482 0.049804 0.052246
0 1.581542 0.449951 0.049804 0.024902
0 0.017578 0.455078 0.029296 0.058594
0 1.191894 0.413818 0.012696 0.006348
0 1.380372 0.400391 0.016602 0.012695
0 1.854492 0.309082 0.019532 0.014648
