0 1.007812 0.868652 0.085938 0.014648
0 0.628906 0.785645 0.027344 0.011719
0 0.603516 0.710449 0.085938 0.051758
0 0.083496 0.645264 0.073242 0.044434
0 0.186524 0.627930 0.033204 0.041992
0 1.224122 0.603027 0.012696 0.006836
0 0.319336 0.612305 0.058594 0.041016
0 0.665528 0.565674 0.014648 0.009277
0 0.022950 0.572510 0.036132 0.057129
0 0.384278 0.549805 0.055664 0.034180
0 0.550292 0.478027 0.036132 0.024414
0 0.282226 0.465088 0.060546 0.038574
0 0.564454 0.426514 0.072266 0.024902
0 0.674316 0.411133 0.020508 0.014648
0 0.894532 0.383545 0.015624 0.007324
0 0.607422 0.375732 0.021484 0.014160
0 0.452148 0.386475 0.041016 0.047363
0 0.632812 0.350830 0.027344 0.014160
0 0.247070 0.364990 0.064454 0.044434
0 0.477050 0.348633 0.036132 0.027344
0 0.084472 0.334229 0.063476 0.045410
0 0.644532 0.304199 0.011718 0.006836
0 0.375488 0.312256 0.043946 0.028809
0 0.258790 0.295654 0.054688 0.028809
0 0.181152 0.291260 0.079102 0.034668
0 0.575196 0.273682 0.017578 0.009277
0 0.126464 0.266357 0.030274 0.023926
0 0.354004 0.259766 0.041992 0.023438
0 0.309082 0.221191 0.024414 0.014648
0 0.253418 0.241943 0.096680 0.066895
