0 0.644042 0.901367 0.024414 0.008789
0 0.553222 0.814209 0.055664 0.042480
0 0.164550 0.754395 0.038086 0.023438
0 1.177246 0.710693 0.018554 0.007324
0 0.275390 0.726074 0.072266 0.045898
0 1.353028 0.706055 0.032226 0.015625
0 0.630372 0.677979 0.022460 0.012207
0 0.343750 0.671631 0.060546 0.023926
0 0.049316 0.610352 0.057618 0.025391
0 0.508790 0.592529 0.044922 0.023926
0 0.232422 0.589111 0.054688 0.040527
0 0.236328 0.538330 0.011718 0.006348
0 1.419922 0.535889 0.013672 0.012207
0 0.527832 0.540771 0.043946 0.026855
0 1.741210 0.528076 0.019532 0.017090
0 0.393066 0.520752 0.028320 0.020996
0 1.278320 0.485107 0.019532 0.010254
0 0.295410 0.477295 0.018554 0.020996
0 0.196778 0.491211 0.055664 0.050781
0 0.425292 0.464844 0.030274 0.026367
0 1.382324 0.446045 0.016602 0.011230
0 1.583496 0.444092 0.014648 0.014160
0 0.021972 0.471924 0.043946 0.073730
0 1.915528 0.432861 0.014648 0.013184
0 1.609376 0.431152 0.025390 0.018555
0 1.939942 0.415771 0.036132 0.034668
0 1.202636 0.398682 0.010742 0.006348
0 1.388672 0.380615 0.015624 0.009277
0 1.852050 0.275391 0.026368 0.021484
