0 1.174316 0.791992 0.034180 0.013672
0 1.136718 0.739990 0.033204 0.010254
0 1.148438 0.651855 0.019532 0.007812
0 1.319824 0.650146 0.028320 0.014160
0 0.196778 0.517090 0.020508 0.027344
0 0.738282 0.497314 0.019532 0.010254
0 0.496582 0.485107 0.041992 0.025879
0 0.822754 0.459961 0.024414 0.008789
0 0.360352 0.460449 0.025390 0.021484
0 0.978028 0.446777 0.020508 0.007812
0 0.737792 0.426514 0.012696 0.006348
0 1.249024 0.427002 0.021484 0.010254
0 0.166504 0.432373 0.059570 0.043457
0 1.209960 0.412598 0.021484 0.008789
0 0.398438 0.408203 0.035156 0.025391
0 1.556152 0.390381 0.016602 0.010254
0 1.354980 0.389648 0.022460 0.013672
0 0.627930 0.383789 0.021484 0.011719
0 0.281738 0.373047 0.041992 0.027344
0 0.550292 0.364258 0.020508 0.010742
0 1.103028 0.362061 0.024414 0.009277
0 0.177734 0.362549 0.029296 0.020996
0 1.227050 0.347900 0.028320 0.012207
0 0.087890 0.353027 0.050782 0.031250
0 1.163574 0.339355 0.024414 0.008789
0 0.479980 0.333984 0.014648 0.007812
0 1.196290 0.318115 0.011718 0.005371
0 0.264160 0.323486 0.032226 0.022949
0 1.255860 0.283936 0.046876 0.015137
0 0.327636 0.280518 0.022460 0.014160
0 0.161622 0.303955 0.077148 0.063965
0 0.255372 0.268799 0.059570 0.034668
0 1.834472 0.227051 0.032226 0.021484
0 1.393066 0.139404 0.028320 0.012207
0 1.557618 0.102051 0.039062 0.014648
0 0.249024 0.260010 0.023438 0.016113
