0 0.922364 0.996826 0.012696 0.004395
0 1.212402 0.915039 0.079102 0.017578
0 0.694336 0.846924 0.037110 0.013184
0 0.652832 0.768799 0.086914 0.055176
0 0.153808 0.705566 0.065430 0.034180
0 0.242676 0.694336 0.028320 0.019531
0 0.369628 0.673340 0.059570 0.035156
0 0.716308 0.624756 0.020508 0.010254
0 0.070312 0.627197 0.080078 0.049316
0 0.436036 0.611328 0.065430 0.031250
0 0.598632 0.535889 0.046876 0.020020
0 0.141114 0.532227 0.051758 0.031250
0 0.326172 0.528076 0.056640 0.033691
0 0.355468 0.510742 0.021484 0.012695
0 0.622070 0.493164 0.046876 0.021484
0 0.490234 0.462646 0.027344 0.020996
0 0.774902 0.452393 0.022460 0.009277
0 0.686524 0.447998 0.021484 0.014160
0 1.218750 0.438477 0.015624 0.007812
0 1.368164 0.433594 0.027344 0.012695
0 0.615722 0.420654 0.014648 0.012207
0 1.336426 0.421143 0.030274 0.014160
0 0.070800 0.421631 0.026368 0.018066
0 0.291992 0.433594 0.060546 0.048828
0 0.522460 0.415039 0.035156 0.018555
0 1.473632 0.396729 0.015624 0.008301
0 1.676270 0.394531 0.018554 0.013672
0 1.200684 0.389893 0.018554 0.009277
0 0.756836 0.388672 0.019532 0.008789
0 0.113770 0.400635 0.051758 0.050293
0 1.236328 0.370850 0.019532 0.009277
0 0.412110 0.378174 0.041016 0.023926
0 0.676758 0.368652 0.013672 0.006836
0 0.548340 0.361816 0.032226 0.019531
0 0.304200 0.364502 0.043946 0.024902
0 1.298828 0.348633 0.023438 0.010742
0 0.221680 0.355957 0.037110 0.032227
0 1.481446 0.330322 0.019532 0.011230
0 1.347656 0.325195 0.023438 0.010742
0 0.393554 0.324951 0.033204 0.024902
0 0.155274 0.328369 0.054688 0.044434
0 0.274902 0.321045 0.041992 0.035645
0 0.540528 0.306885 0.016602 0.008301
0 0.459960 0.283691 0.017578 0.007812
0 0.381836 0.273193 0.074218 0.035645
0 0.197754 0.263184 0.047852 0.033203
0 0.329590 0.267090 0.098632 0.073242
0 1.375976 0.288574 0.023438 0.011719
