0 0.685058 0.920410 0.036132 0.009766
0 0.561036 0.787109 0.028320 0.011719
0 1.270996 0.572998 0.022460 0.013184
0 0.806640 0.381592 0.023438 0.008301
0 0.770996 0.376709 0.018554 0.008301
0 1.032226 0.361816 0.023438 0.008789
0 0.925782 0.355713 0.015624 0.006348
0 0.835450 0.354004 0.024414 0.009766
0 1.158692 0.348389 0.038086 0.011230
0 1.130372 0.340576 0.014648 0.006348
0 1.257324 0.305664 0.026368 0.010742
0 1.459472 0.297119 0.026368 0.013184
0 1.112792 0.272217 0.024414 0.008301
0 1.248536 0.240723 0.028320 0.009766
0 1.616210 0.204102 0.035156 0.016602
0 1.508790 0.125977 0.068360 0.025391
0 1.012696 0.313721 0.029296 0.006348
0 1.052734 0.295410 0.029296 0.009766
0 1.140624 0.253174 0.021484 0.007324
0 0.750976 0.368896 0.023438 0.010254
