0 1.032226 0.943115 0.072266 0.017090
0 0.854492 0.903320 0.070312 0.015625
0 1.396484 0.784668 0.044922 0.018555
0 0.522460 0.733398 0.031250 0.015625
0 0.514160 0.650146 0.094726 0.053223
0 0.028808 0.603271 0.018554 0.023926
0 1.300292 0.543945 0.020508 0.013672
0 0.214844 0.555176 0.050782 0.060547
0 0.075684 0.506104 0.012696 0.015137
0 0.281738 0.493896 0.053710 0.045410
0 0.452636 0.430664 0.041992 0.034180
0 1.883300 0.416748 0.026368 0.020020
0 0.183106 0.413818 0.055664 0.035645
0 0.607910 0.373291 0.024414 0.015137
0 0.460450 0.372803 0.084960 0.025879
0 1.910644 0.359863 0.012696 0.010742
0 0.662598 0.348389 0.034180 0.018066
0 0.521972 0.330566 0.024414 0.016602
0 1.175292 0.311035 0.067382 0.022461
0 0.154786 0.314453 0.067382 0.041992
0 0.387208 0.293945 0.043946 0.033203
0 1.291992 0.277344 0.025390 0.010742
0 0.623536 0.274658 0.020508 0.010254
0 1.495118 0.268799 0.025390 0.014160
0 0.550292 0.249512 0.026368 0.012695
0 0.279786 0.255371 0.045898 0.030273
0 0.477050 0.221680 0.012696 0.006836
0 0.174804 0.232910 0.058594 0.038086
0 1.292480 0.211914 0.026368 0.010742
0 0.271484 0.204346 0.039062 0.022949
0 0.414550 0.185059 0.024414 0.012695
0 1.564454 0.180420 0.042968 0.020996
0 0.337402 0.161133 0.026368 0.014648
0 1.509278 0.108398 0.032226 0.012695
0 1.365722 0.070557 0.032226 0.010254
0 1.318848 0.044922 0.045898 0.013672
0 0.689454 0.299316 0.029296 0.011719
0 0.088868 0.576660 0.033204 0.032227
