0 0.677734 0.891113 0.060546 0.017578
0 0.598144 0.759766 0.026368 0.010742
0 0.524902 0.669189 0.057618 0.046387
0 0.045410 0.611816 0.057618 0.048828
0 0.127930 0.590576 0.048828 0.042480
0 1.321778 0.566895 0.024414 0.015625
0 0.252930 0.574951 0.064454 0.051270
0 0.595214 0.529785 0.016602 0.012695
0 0.127442 0.521240 0.071290 0.025879
0 0.310058 0.518799 0.053710 0.030762
0 1.949708 0.490967 0.032226 0.032715
0 1.965332 0.439941 0.014648 0.009766
0 0.485352 0.439209 0.039062 0.020020
0 0.204102 0.430420 0.058594 0.039551
0 0.720214 0.392334 0.018554 0.012207
0 0.505860 0.394775 0.046876 0.029785
0 0.369140 0.368408 0.021484 0.015137
0 0.698242 0.355225 0.013672 0.008301
0 0.180664 0.338135 0.054688 0.045410
0 0.400390 0.317871 0.035156 0.022461
0 0.252442 0.303223 0.018554 0.011719
0 0.568848 0.270752 0.018554 0.010254
0 0.125000 0.262207 0.007812 0.004883
0 0.463378 0.278320 0.069336 0.040039
0 0.313964 0.268311 0.040040 0.028809
0 0.189942 0.262207 0.045898 0.023438
0 0.281250 0.231689 0.046876 0.023926
0 0.427734 0.207031 0.033204 0.014648
0 0.321290 0.187256 0.029296 0.016113
0 0.283692 0.174316 0.047852 0.033203
0 0.823242 0.348145 0.029296 0.010742
