0 0.976562 0.945557 0.068360 0.015137
0 0.856446 0.914062 0.070312 0.013672
0 0.732910 0.825684 0.063476 0.014648
0 0.508300 0.748779 0.026368 0.013184
0 0.500488 0.677490 0.086914 0.067871
0 0.197754 0.587158 0.055664 0.043457
0 1.270508 0.560791 0.021484 0.012207
0 0.057618 0.536621 0.009766 0.006836
0 0.544434 0.531250 0.018554 0.014648
0 0.254882 0.521729 0.062500 0.034668
0 1.891114 0.473145 0.018554 0.029297
0 0.426270 0.451416 0.038086 0.036621
0 0.155762 0.439209 0.055664 0.038574
0 1.900878 0.410156 0.018554 0.021484
0 0.579102 0.397217 0.027344 0.016113
0 0.421876 0.395996 0.091796 0.024414
0 0.476562 0.353516 0.023438 0.014648
0 0.938476 0.349854 0.029296 0.012207
0 1.036622 0.339355 0.020508 0.007812
0 0.113770 0.348633 0.069336 0.048828
0 1.171386 0.326660 0.065430 0.024414
0 0.348144 0.314941 0.049804 0.034180
0 1.297852 0.295898 0.011718 0.005859
0 1.021484 0.291992 0.011718 0.006836
0 1.499512 0.294922 0.022460 0.012695
0 0.242188 0.282959 0.046876 0.032715
0 0.130860 0.265869 0.048828 0.038574
0 1.113282 0.250000 0.033204 0.008789
0 1.639160 0.250000 0.018554 0.009766
0 0.208984 0.240234 0.013672 0.008789
0 1.644042 0.181152 0.040040 0.019531
0 1.416992 0.084473 0.019532 0.008789
0 1.343262 0.084961 0.040040 0.011719
0 0.075684 0.603271 0.032226 0.044434
0 0.297852 0.368896 0.027344 0.017090
