0 0.992676 0.944580 0.063476 0.016113
0 0.835450 0.910400 0.083008 0.014160
0 0.718750 0.820312 0.056640 0.014648
0 1.312988 0.789307 0.018554 0.007324
0 0.498536 0.741943 0.020508 0.010254
0 0.500000 0.666504 0.095704 0.059570
0 1.274902 0.558838 0.018554 0.011230
0 0.199708 0.564453 0.061524 0.041992
0 0.546876 0.517822 0.015624 0.015137
0 0.055176 0.515137 0.014648 0.016602
0 0.260742 0.503906 0.062500 0.049805
0 1.892090 0.470215 0.020508 0.026367
0 0.433106 0.439697 0.036132 0.032715
0 0.162598 0.423828 0.059570 0.034180
0 1.908692 0.410645 0.012696 0.016602
0 0.588868 0.388184 0.027344 0.015625
0 0.435546 0.384277 0.087890 0.026367
0 0.660156 0.368652 0.027344 0.012695
0 0.942872 0.349365 0.030274 0.011230
0 0.490722 0.343750 0.022460 0.012695
0 1.047852 0.337158 0.021484 0.008301
0 1.202636 0.332764 0.034180 0.012207
0 1.166992 0.320557 0.033204 0.013184
0 0.125976 0.326904 0.074218 0.038574
0 0.358398 0.305908 0.039062 0.026855
0 1.306152 0.296143 0.024414 0.011230
0 1.509278 0.296875 0.024414 0.013672
0 1.032714 0.289551 0.028320 0.009766
0 0.258790 0.270508 0.044922 0.028320
0 1.639648 0.244385 0.023438 0.012207
0 0.149902 0.249023 0.045898 0.039062
0 0.238282 0.218750 0.042968 0.027344
0 0.303222 0.177002 0.016602 0.009277
0 1.634278 0.174805 0.038086 0.018555
0 1.427246 0.087646 0.041992 0.014160
0 1.358886 0.082031 0.047852 0.013672
0 0.946778 0.330078 0.016602 0.006836
0 0.069824 0.580322 0.032226 0.037598
