0 1.105958 0.615967 0.020508 0.008301
0 1.275878 0.614014 0.024414 0.012207
0 0.789550 0.407227 0.014648 0.006836
0 1.199708 0.385742 0.030274 0.012695
0 1.166992 0.374756 0.027344 0.010254
0 1.307618 0.348877 0.021484 0.009277
0 1.508300 0.347168 0.018554 0.010742
0 1.028320 0.345215 0.021484 0.007812
0 1.843262 0.337646 0.014648 0.009277
0 1.065430 0.325684 0.029296 0.009766
0 0.511718 0.324951 0.023438 0.012207
0 0.445800 0.293701 0.018554 0.010254
0 1.307618 0.283447 0.023438 0.010254
0 1.157226 0.281494 0.023438 0.008301
0 0.370606 0.263916 0.014648 0.006348
0 0.288574 0.241943 0.022460 0.012207
0 0.216796 0.240234 0.033204 0.021484
0 1.681640 0.226562 0.039062 0.022461
0 1.520508 0.154785 0.080078 0.030273
0 0.770508 0.399414 0.023438 0.010742
0 0.652832 0.370117 0.022460 0.011719
