0 0.748046 0.975342 0.093750 0.019043
0 0.736816 0.849609 0.040040 0.011719
0 0.646484 0.759766 0.056640 0.049805
0 0.162110 0.707031 0.064454 0.041016
0 0.247558 0.692627 0.032226 0.026855
0 0.372558 0.670898 0.061524 0.037109
0 0.718750 0.622314 0.023438 0.012207
0 0.437012 0.613037 0.057618 0.028809
0 0.070800 0.623291 0.063476 0.049316
0 0.604980 0.533203 0.053710 0.018555
0 1.300782 0.519043 0.015624 0.010742
0 0.324708 0.529541 0.057618 0.033691
0 0.624024 0.481934 0.041016 0.024414
0 0.490722 0.460205 0.028320 0.017090
0 1.223632 0.437744 0.017578 0.009277
0 0.502442 0.436523 0.014648 0.010742
0 1.374512 0.433594 0.024414 0.009766
0 1.846680 0.437988 0.021484 0.021484
0 1.799316 0.440430 0.032226 0.031250
0 1.343750 0.423828 0.029296 0.011719
0 1.176270 0.418457 0.016602 0.007812
0 0.298340 0.430908 0.053710 0.041504
0 0.380860 0.409668 0.027344 0.017578
0 0.524414 0.407715 0.029296 0.020508
0 1.479980 0.397461 0.016602 0.010742
0 1.208008 0.388916 0.019532 0.008301
0 0.764160 0.381836 0.018554 0.007812
0 0.116210 0.398438 0.052734 0.041016
0 1.242676 0.370850 0.022460 0.010254
0 0.688476 0.358887 0.023438 0.010742
0 0.421876 0.362061 0.056640 0.029785
0 1.304688 0.347168 0.017578 0.007812
0 0.302246 0.356934 0.043946 0.027344
0 0.222656 0.354004 0.025390 0.023438
0 0.507324 0.345459 0.034180 0.018066
0 1.489258 0.331543 0.015624 0.006836
0 1.334960 0.326660 0.013672 0.005859
0 0.625488 0.329102 0.018554 0.009766
0 0.393066 0.325195 0.032226 0.024414
0 0.159668 0.315430 0.063476 0.057617
0 0.466796 0.295654 0.037110 0.020020
0 0.275390 0.317383 0.039062 0.032227
0 0.397460 0.275879 0.029296 0.015625
0 0.479980 0.269531 0.034180 0.016602
0 0.200196 0.267822 0.058594 0.029785
0 1.253418 0.488037 0.014648 0.008301
0 0.304688 0.290527 0.062500 0.041992
0 0.076660 0.416748 0.016602 0.017090
0 1.385742 0.289795 0.025390 0.012207
