0 0.925292 0.949463 0.084960 0.015137
0 0.809082 0.922119 0.071290 0.023926
0 0.644532 0.826660 0.064454 0.018555
0 0.479492 0.752930 0.023438 0.011719
0 0.482422 0.671143 0.095704 0.060059
0 1.257324 0.574707 0.024414 0.011719
0 0.187500 0.584717 0.064454 0.036621
0 1.895020 0.507812 0.016602 0.014648
0 1.038086 0.352783 0.023438 0.008301
0 0.979004 0.346191 0.026368 0.012695
0 0.842286 0.341553 0.026368 0.009277
0 1.172852 0.343262 0.068360 0.023438
0 1.718750 0.322998 0.023438 0.012207
0 1.501464 0.315918 0.020508 0.010742
0 1.298828 0.312988 0.025390 0.010742
0 1.059082 0.285645 0.034180 0.008789
0 1.123046 0.263916 0.017578 0.006348
0 1.771972 0.257568 0.030274 0.016113
0 1.307618 0.249268 0.019532 0.006348
0 1.149414 0.244141 0.015624 0.005859
0 1.339844 0.123779 0.041016 0.012207
0 1.459960 0.083496 0.023438 0.008789
0 0.057618 0.595703 0.037110 0.042969
