0 0.615722 0.767334 0.032226 0.012207
0 0.541992 0.677002 0.050782 0.043457
0 0.055664 0.616211 0.074218 0.050781
0 1.348144 0.580566 0.020508 0.012695
0 0.148926 0.596436 0.045898 0.044434
0 0.270020 0.582764 0.051758 0.043457
0 0.618652 0.539307 0.016602 0.011230
0 0.145508 0.527100 0.031250 0.019043
0 0.330078 0.521973 0.064454 0.038086
0 0.507324 0.446289 0.036132 0.022461
0 0.225098 0.443115 0.057618 0.033691
0 0.020020 0.421631 0.016602 0.021973
0 0.773926 0.403564 0.012696 0.006348
0 0.531738 0.395264 0.049804 0.029785
0 0.866700 0.366699 0.018554 0.006836
0 0.206542 0.343750 0.055664 0.045898
0 0.276368 0.316406 0.029296 0.023438
0 0.436524 0.323242 0.074218 0.055664
0 0.593750 0.279785 0.021484 0.010742
0 0.461426 0.279541 0.030274 0.017090
0 0.215820 0.277832 0.050782 0.037109
0 0.344726 0.279053 0.078124 0.057129
0 0.528808 0.246826 0.026368 0.012207
0 0.460450 0.214844 0.018554 0.011719
0 0.353028 0.195312 0.040040 0.019531
0 0.178222 0.237305 0.153320 0.107422
0 0.317382 0.181152 0.052734 0.035156
0 0.848632 0.358643 0.021484 0.009277
