0 1.039062 0.947754 0.117188 0.014648
0 0.869140 0.923096 0.101562 0.013184
0 0.698242 0.829346 0.066406 0.017090
0 0.506836 0.762939 0.029296 0.013184
0 0.500488 0.683838 0.083008 0.042480
0 0.193360 0.607422 0.064454 0.059570
0 0.044922 0.549316 0.023438 0.018555
0 0.533692 0.540771 0.022460 0.013184
0 0.249512 0.532471 0.055664 0.040527
0 1.880372 0.485107 0.012696 0.010254
0 0.143066 0.452148 0.049804 0.031250
0 1.897950 0.432617 0.012696 0.010742
0 0.947754 0.349121 0.028320 0.012695
0 1.027832 0.346924 0.022460 0.010254
0 0.832520 0.337646 0.020508 0.007324
0 0.920898 0.328613 0.013672 0.005859
0 1.166016 0.335205 0.070312 0.023926
0 1.494140 0.305176 0.023438 0.012695
0 1.289550 0.303467 0.024414 0.009277
0 1.008790 0.297363 0.029296 0.009766
0 1.670410 0.283691 0.016602 0.007812
0 1.045898 0.278564 0.031250 0.009277
0 1.712402 0.224365 0.036132 0.021973
0 1.328124 0.102295 0.037110 0.011230
0 1.429200 0.084473 0.045898 0.014648
0 1.135254 0.236572 0.024414 0.007324
0 0.072754 0.627197 0.047852 0.057129
