0 0.694824 0.892822 0.069336 0.017090
0 0.601074 0.759766 0.032226 0.014648
0 0.518066 0.671143 0.051758 0.045410
0 0.043946 0.623047 0.044922 0.044922
0 0.116700 0.593506 0.041992 0.040527
0 0.238770 0.579346 0.053710 0.042480
0 1.318360 0.552490 0.015624 0.012207
0 0.584960 0.528076 0.015624 0.014160
0 0.105468 0.522217 0.056640 0.033691
0 0.300782 0.515137 0.054688 0.040039
0 1.928222 0.445557 0.024414 0.028809
0 0.187500 0.432617 0.060546 0.036133
0 1.939942 0.392090 0.016602 0.014648
0 0.686524 0.388916 0.017578 0.010254
0 0.485840 0.416748 0.055664 0.085449
0 0.357422 0.364746 0.029296 0.017578
0 0.709960 0.353760 0.015624 0.009277
0 0.811524 0.342285 0.027344 0.010742
0 0.753418 0.335449 0.018554 0.008789
0 0.157714 0.342773 0.061524 0.059570
0 1.560546 0.308350 0.019532 0.014160
0 0.230958 0.297607 0.020508 0.018066
0 0.393554 0.309570 0.058594 0.045898
0 0.429200 0.273682 0.026368 0.015137
0 1.733398 0.268066 0.015624 0.010742
0 0.171386 0.262695 0.055664 0.031250
0 0.486816 0.234863 0.018554 0.009766
0 0.315918 0.255859 0.083008 0.057617
0 0.260742 0.229004 0.031250 0.016602
0 0.416992 0.202148 0.017578 0.010742
0 1.755372 0.186523 0.018554 0.010742
0 0.307618 0.182617 0.017578 0.009766
0 0.344726 0.176270 0.013672 0.006836
0 0.262696 0.176025 0.037110 0.019043
