0 1.183594 0.791260 0.041016 0.014160
0 1.142578 0.739258 0.037110 0.010742
0 1.155762 0.647949 0.024414 0.009766
0 1.325196 0.647461 0.025390 0.012695
0 0.503906 0.467285 0.048828 0.020508
0 0.818848 0.453613 0.022460 0.007812
0 0.975586 0.444580 0.015624 0.008301
0 0.366700 0.442383 0.028320 0.022461
0 0.818360 0.429199 0.017578 0.008789
0 1.247070 0.423340 0.027344 0.010742
0 1.214356 0.411621 0.030274 0.012695
0 0.702636 0.397217 0.018554 0.009277
0 0.174804 0.407471 0.062500 0.040527
0 1.354492 0.385742 0.025390 0.011719
0 1.555176 0.384766 0.020508 0.012695
0 0.410156 0.389648 0.035156 0.023438
0 1.079102 0.378418 0.019532 0.007812
0 1.887696 0.374756 0.019532 0.018066
0 0.639648 0.371826 0.021484 0.013184
0 1.115234 0.360596 0.023438 0.008301
0 0.566406 0.349609 0.019532 0.010742
0 1.223144 0.346680 0.024414 0.011719
0 0.298828 0.353027 0.044922 0.031250
0 1.177246 0.338379 0.024414 0.010742
0 0.194336 0.335938 0.031250 0.024414
0 1.207032 0.316406 0.017578 0.007812
0 0.500488 0.318848 0.022460 0.011719
0 0.113770 0.325195 0.034180 0.028320
0 0.282226 0.302002 0.033204 0.023926
0 1.268554 0.283447 0.031250 0.013184
0 0.351562 0.260986 0.025390 0.015137
0 0.186524 0.279785 0.076172 0.060547
0 0.279786 0.247559 0.057618 0.029297
0 1.429200 0.142334 0.040040 0.013184
0 1.552734 0.096436 0.042968 0.018066
0 0.277344 0.238281 0.017578 0.009766
