0 0.567382 0.898926 0.039062 0.012695
0 0.495606 0.813477 0.055664 0.044922
0 1.308594 0.724365 0.031250 0.014160
0 0.238770 0.719482 0.071290 0.040527
0 0.301270 0.663086 0.057618 0.032227
0 0.474122 0.588135 0.041992 0.022949
0 0.201660 0.577881 0.049804 0.038574
0 1.711426 0.564697 0.022460 0.016113
0 1.429688 0.551270 0.013672 0.010742
0 0.507812 0.537598 0.041016 0.026367
0 0.186036 0.531250 0.012696 0.021484
0 0.369140 0.510254 0.027344 0.020508
0 1.895996 0.467041 0.012696 0.013184
0 0.272950 0.471191 0.014648 0.015625
0 1.562012 0.468750 0.012696 0.011719
0 1.361328 0.467041 0.017578 0.011230
0 0.176270 0.479736 0.049804 0.044434
0 0.011718 0.473389 0.023438 0.038574
0 1.929200 0.459229 0.028320 0.029785
0 1.574218 0.446045 0.027344 0.022949
0 1.848632 0.307129 0.023438 0.019531
