0 1.208496 0.932373 0.069336 0.026855
0 0.651368 0.856201 0.035156 0.010254
0 0.618164 0.771240 0.082032 0.041504
0 0.214844 0.687988 0.025390 0.021484
0 0.119140 0.695801 0.058594 0.037109
0 1.421386 0.682373 0.032226 0.015137
0 0.341308 0.666504 0.073242 0.045898
0 0.690918 0.633057 0.014648 0.010254
0 0.407714 0.607666 0.055664 0.032715
0 0.044922 0.606689 0.056640 0.064941
0 0.493164 0.549805 0.021484 0.017578
0 0.584472 0.538818 0.040040 0.022949
0 0.135742 0.517578 0.035156 0.030273
0 0.314454 0.518311 0.052734 0.038574
0 0.383790 0.505859 0.017578 0.019531
0 0.613282 0.490479 0.041016 0.020996
0 0.426758 0.485352 0.031250 0.027344
0 1.367676 0.453613 0.018554 0.009766
0 0.489258 0.456299 0.027344 0.018066
0 0.736328 0.447754 0.019532 0.012695
0 1.327636 0.439697 0.024414 0.010254
0 0.679688 0.440430 0.021484 0.014648
0 1.471192 0.417236 0.014648 0.008301
0 1.671876 0.416016 0.015624 0.014648
0 0.612304 0.411133 0.019532 0.013672
0 0.529296 0.408203 0.029296 0.016602
0 0.155274 0.406738 0.025390 0.015625
0 0.299804 0.419678 0.056640 0.045410
0 1.227540 0.387939 0.015624 0.006348
0 0.081054 0.398438 0.033204 0.032227
0 0.697754 0.366699 0.016602 0.008789
0 0.126954 0.379395 0.050782 0.043945
0 0.428710 0.365967 0.041016 0.029785
0 1.477540 0.351074 0.021484 0.014648
0 0.326172 0.348145 0.019532 0.015625
0 0.532226 0.339600 0.029296 0.016113
0 0.234376 0.333984 0.066406 0.032227
0 0.423340 0.313721 0.034180 0.022949
0 0.573730 0.300293 0.012696 0.005859
0 0.176758 0.301514 0.060546 0.038574
0 0.497558 0.272461 0.024414 0.012695
0 0.346192 0.274414 0.043946 0.043945
0 0.407714 0.264404 0.036132 0.019043
0 0.229492 0.240723 0.066406 0.030273
0 1.305664 0.364258 0.015624 0.007812
0 0.305664 0.300537 0.039062 0.031738
0 1.289550 0.364502 0.018554 0.009277
0 0.420410 0.247070 0.030274 0.016602
