0 1.121582 0.622803 0.024414 0.009277
0 1.290528 0.618896 0.026368 0.011230
0 1.210450 0.398682 0.030274 0.011230
0 1.174804 0.385742 0.017578 0.007812
0 1.320312 0.361084 0.019532 0.010254
0 1.519532 0.361816 0.023438 0.014648
0 1.038086 0.354736 0.017578 0.008301
0 1.854004 0.352051 0.024414 0.020508
0 1.075196 0.336426 0.025390 0.008789
0 0.516602 0.337402 0.025390 0.013672
0 0.384766 0.334229 0.031250 0.020996
0 1.139160 0.313965 0.012696 0.005859
0 0.445312 0.308594 0.017578 0.009766
0 1.323730 0.296875 0.022460 0.009766
0 1.169922 0.292969 0.021484 0.008789
0 0.229980 0.295654 0.041992 0.030762
0 0.112304 0.291748 0.037110 0.028809
0 0.374512 0.277588 0.026368 0.016113
0 0.292480 0.255127 0.024414 0.014160
0 0.226562 0.246826 0.048828 0.034668
0 0.214844 0.233887 0.031250 0.019531
0 1.689454 0.228027 0.027344 0.016602
0 0.166016 0.243896 0.093750 0.062012
0 1.521484 0.163086 0.066406 0.026367
0 0.775390 0.410889 0.025390 0.012207
