0 0.416992 0.837646 0.062500 0.048340
0 1.055664 0.752930 0.029296 0.007812
0 0.159668 0.744385 0.063476 0.046387
0 0.515624 0.705078 0.023438 0.011719
0 0.228028 0.685547 0.061524 0.040039
0 0.309082 0.635742 0.024414 0.020508
0 1.632324 0.622314 0.022460 0.016113
0 0.404786 0.613525 0.043946 0.025879
0 0.133790 0.604736 0.046876 0.033691
0 0.044434 0.593262 0.014648 0.010742
0 1.468750 0.566406 0.011718 0.006836
0 0.435058 0.562988 0.043946 0.026367
0 1.875000 0.518555 0.023438 0.028320
0 1.496094 0.504883 0.013672 0.013672
0 1.831054 0.503418 0.013672 0.016602
0 1.292968 0.498779 0.013672 0.010254
0 1.453614 0.460205 0.032226 0.019043
0 1.936524 0.415283 0.039062 0.034668
0 1.961914 0.374512 0.015624 0.011719
0 1.791992 0.346191 0.021484 0.018555
0 1.845214 0.314941 0.028320 0.024414
0 1.792968 0.262695 0.015624 0.011719
