0 0.548340 0.817871 0.055664 0.043945
0 0.161622 0.758545 0.032226 0.020020
0 1.178222 0.711426 0.026368 0.009766
0 0.275390 0.729248 0.078124 0.048340
0 1.353516 0.707275 0.031250 0.014160
0 0.629394 0.680176 0.014648 0.008789
0 0.341308 0.672607 0.059570 0.030762
0 0.048340 0.607178 0.059570 0.025879
0 0.507812 0.590820 0.044922 0.023438
0 0.230958 0.586670 0.053710 0.040527
0 0.235840 0.535645 0.010742 0.005859
0 1.423828 0.534668 0.017578 0.014648
0 0.526856 0.539307 0.043946 0.026855
0 1.737792 0.529053 0.020508 0.020996
0 0.393066 0.518311 0.028320 0.020996
0 1.272950 0.484619 0.012696 0.006348
0 0.295410 0.474854 0.018554 0.020996
0 0.196778 0.488281 0.055664 0.050781
0 0.425292 0.462891 0.030274 0.026367
0 1.381836 0.447021 0.015624 0.011230
0 1.578124 0.442871 0.013672 0.011719
0 0.023438 0.468750 0.042968 0.074219
0 1.911132 0.431152 0.011718 0.009766
0 1.601562 0.430176 0.029296 0.020508
0 1.935058 0.414551 0.030274 0.034180
0 1.203614 0.399902 0.012696 0.006836
0 1.390624 0.381348 0.013672 0.008789
0 1.854492 0.278320 0.027344 0.021484
