0 0.647460 0.785889 0.029296 0.012207
0 0.569824 0.694580 0.047852 0.045410
0 0.066406 0.629150 0.054688 0.047363
0 1.205566 0.601562 0.016602 0.010742
0 0.178222 0.611084 0.040040 0.041504
0 0.305664 0.596680 0.072266 0.041016
0 0.653808 0.555664 0.020508 0.010742
0 0.017090 0.547607 0.028320 0.042480
0 0.371094 0.538818 0.054688 0.030762
0 0.543946 0.463379 0.041016 0.020508
0 0.263672 0.451660 0.056640 0.038086
0 0.067382 0.437988 0.027344 0.023438
0 0.575684 0.413330 0.043946 0.025879
0 0.890136 0.376953 0.022460 0.008789
0 0.631348 0.373535 0.016602 0.010742
0 0.250976 0.355957 0.056640 0.042969
0 0.330078 0.327148 0.027344 0.020508
0 0.485352 0.328613 0.068360 0.046875
0 0.641114 0.296143 0.026368 0.011230
0 0.386230 0.292236 0.038086 0.023926
0 0.497070 0.285889 0.029296 0.016113
0 0.263672 0.283447 0.048828 0.023926
0 0.574218 0.265381 0.015624 0.009277
0 0.346192 0.254395 0.041992 0.023438
0 0.508790 0.229736 0.013672 0.006348
0 0.401368 0.211426 0.031250 0.014648
0 0.221680 0.245850 0.156250 0.095215
0 0.357422 0.202637 0.039062 0.020508
0 0.333008 0.187988 0.021484 0.009766
