0 1.099122 0.976318 0.059570 0.017090
0 0.897950 0.831787 0.061524 0.020020
0 1.494140 0.820801 0.048828 0.019531
0 0.582520 0.754150 0.030274 0.015137
0 0.571778 0.676758 0.077148 0.041992
0 0.059570 0.615723 0.082032 0.053711
0 0.152344 0.598145 0.046876 0.045898
0 1.341308 0.572998 0.026368 0.014160
0 0.278808 0.583984 0.069336 0.041016
0 0.621094 0.534912 0.019532 0.013184
0 0.145996 0.527100 0.059570 0.027832
0 0.332032 0.524902 0.068360 0.032227
0 0.506348 0.450684 0.038086 0.019531
0 0.089356 0.442871 0.016602 0.018555
0 0.233886 0.438721 0.059570 0.035645
0 0.508790 0.397461 0.085938 0.027344
0 0.639160 0.392090 0.030274 0.017578
0 0.909668 0.380371 0.028320 0.008789
0 0.393554 0.367920 0.023438 0.019043
0 0.569824 0.357666 0.026368 0.016113
0 0.844726 0.352051 0.021484 0.009766
0 0.650390 0.348633 0.023438 0.012695
0 0.201660 0.341309 0.059570 0.039062
0 0.430664 0.322754 0.044922 0.029297
0 0.591796 0.275391 0.029296 0.013672
0 0.333984 0.285400 0.066406 0.047363
0 0.524414 0.245117 0.013672 0.007812
0 0.228516 0.257324 0.089844 0.058594
0 0.302246 0.231934 0.016602 0.009766
0 0.158692 0.247314 0.106446 0.080566
0 0.239746 0.194580 0.061524 0.029785
