0 1.287598 0.591309 0.024414 0.012695
0 0.886230 0.386963 0.022460 0.008301
0 1.046876 0.379150 0.015624 0.005371
0 0.944336 0.371338 0.015624 0.006348
0 1.196778 0.370850 0.030274 0.010254
0 0.855468 0.369873 0.019532 0.007324
0 1.162110 0.359375 0.031250 0.010742
0 1.300292 0.331787 0.024414 0.010254
0 1.026368 0.330566 0.023438 0.008789
0 1.500976 0.327393 0.025390 0.015137
0 1.064454 0.310547 0.031250 0.008789
0 1.833008 0.310791 0.017578 0.011230
0 1.123046 0.287842 0.027344 0.008301
0 1.301270 0.267090 0.024414 0.010742
0 1.666016 0.217285 0.035156 0.019531
0 1.540040 0.146973 0.046876 0.020508
0 0.772460 0.382812 0.025390 0.011719
