0 0.959472 0.970703 0.090820 0.016602
0 1.214356 0.779541 0.084960 0.019043
0 1.196778 0.735352 0.036132 0.010742
0 1.281250 0.597412 0.023438 0.009277
0 0.779296 0.398193 0.015624 0.007324
0 0.842774 0.374512 0.013672 0.005859
0 1.188964 0.370361 0.034180 0.011230
0 0.909180 0.367676 0.013672 0.005859
0 1.157714 0.360596 0.032226 0.012207
0 1.063964 0.337158 0.028320 0.011230
0 1.015624 0.332520 0.019532 0.006836
0 1.293946 0.330811 0.025390 0.011230
0 1.493164 0.325439 0.025390 0.016113
0 1.824708 0.306885 0.018554 0.013184
0 1.293946 0.266846 0.029296 0.011230
0 1.366210 0.051270 0.042968 0.013672
0 0.760742 0.389648 0.017578 0.009766
