0 1.115722 0.618652 0.018554 0.007812
0 1.285644 0.614746 0.028320 0.014648
0 1.210450 0.395996 0.026368 0.009766
0 0.950196 0.393555 0.017578 0.007812
0 1.175292 0.383057 0.028320 0.011230
0 1.517090 0.358887 0.014648 0.006836
0 1.317872 0.358887 0.024414 0.012695
0 1.035156 0.351074 0.025390 0.008789
0 1.073242 0.331787 0.025390 0.008301
0 1.830078 0.324219 0.019532 0.014648
0 0.372070 0.321045 0.033204 0.023926
0 1.321290 0.293457 0.017578 0.007812
0 1.167968 0.288086 0.015624 0.006836
0 0.374024 0.268311 0.019532 0.010254
0 0.296386 0.243652 0.018554 0.009766
0 1.697266 0.235596 0.027344 0.017090
0 0.154296 0.242920 0.054688 0.041504
0 0.229004 0.235596 0.043946 0.033691
0 1.531738 0.164062 0.067382 0.026367
0 0.771972 0.404541 0.026368 0.012207
