0 0.143066 0.697021 0.032226 0.022949
0 1.174316 0.662109 0.024414 0.008789
0 0.273926 0.676514 0.069336 0.041504
0 1.346680 0.659424 0.041016 0.020996
0 0.330566 0.613770 0.055664 0.034180
0 0.412110 0.544434 0.025390 0.023438
0 0.500000 0.537842 0.031250 0.022949
0 0.048340 0.534180 0.043946 0.027344
0 0.224610 0.531738 0.058594 0.037109
0 0.385742 0.517578 0.017578 0.012695
0 0.340820 0.487061 0.023438 0.014160
0 0.519042 0.489502 0.051758 0.024902
0 0.390624 0.463135 0.023438 0.021973
0 0.837890 0.446045 0.013672 0.006348
0 1.272950 0.441162 0.026368 0.011230
0 1.241210 0.429199 0.031250 0.013672
0 0.053710 0.428223 0.025390 0.021484
0 0.540528 0.423828 0.026368 0.016602
0 0.196290 0.434082 0.058594 0.041992
0 0.720704 0.415283 0.017578 0.009277
0 1.918946 0.404785 0.013672 0.006836
0 0.414550 0.414551 0.036132 0.027344
0 1.381348 0.404053 0.018554 0.010254
0 1.582032 0.405518 0.019532 0.016113
0 0.537110 0.402588 0.031250 0.016113
0 0.463868 0.395508 0.017578 0.016602
0 0.655762 0.391113 0.020508 0.011719
0 0.028808 0.404541 0.030274 0.043457
0 1.139648 0.376465 0.021484 0.008789
0 0.581054 0.367188 0.021484 0.011719
0 0.314942 0.374023 0.043946 0.033203
0 1.204102 0.354004 0.021484 0.009766
0 0.128418 0.349365 0.040040 0.035645
0 1.234864 0.333740 0.014648 0.007324
0 0.069336 0.327148 0.025390 0.025391
0 0.309570 0.318604 0.056640 0.032715
0 0.364746 0.282959 0.018554 0.014160
0 0.279786 0.280518 0.024414 0.018066
0 0.202148 0.300049 0.078124 0.062988
0 0.284668 0.260986 0.024414 0.016113
0 1.759278 0.239746 0.026368 0.015625
0 1.525878 0.184082 0.057618 0.025391
0 0.200684 0.361816 0.041992 0.021484
