0 0.741700 0.947266 0.075196 0.017578
0 0.716796 0.822998 0.037110 0.012207
0 0.629882 0.734375 0.052734 0.047852
0 0.128906 0.687744 0.082032 0.037598
0 0.225586 0.667236 0.037110 0.034668
0 0.351562 0.645264 0.060546 0.036621
0 1.246582 0.625000 0.020508 0.007812
0 0.696778 0.593994 0.026368 0.014160
0 0.408692 0.585205 0.055664 0.026855
0 0.055664 0.602783 0.070312 0.062988
0 0.575196 0.504883 0.037110 0.021484
0 0.298828 0.501709 0.052734 0.031738
0 0.599610 0.453125 0.044922 0.024414
0 0.462890 0.432617 0.027344 0.020508
0 0.560546 0.408691 0.017578 0.008789
0 0.260254 0.400879 0.065430 0.043945
0 0.351074 0.381348 0.022460 0.016602
0 0.504882 0.372314 0.050782 0.043457
0 0.656250 0.332031 0.025390 0.012695
0 0.397950 0.342773 0.040040 0.037109
0 0.274902 0.329834 0.034180 0.024902
0 0.493164 0.322510 0.025390 0.016113
0 0.363282 0.296631 0.027344 0.018066
0 0.126954 0.298828 0.060546 0.038086
0 0.219726 0.301758 0.105468 0.077148
0 0.424316 0.255371 0.043946 0.023438
0 0.366210 0.249023 0.037110 0.021484
0 0.154786 0.253174 0.059570 0.048340
0 0.274414 0.255859 0.044922 0.019531
