0 0.781250 0.942139 0.064454 0.014160
0 0.734864 0.818848 0.032226 0.010742
0 0.635742 0.731201 0.042968 0.041504
0 0.121582 0.699951 0.057618 0.039551
0 0.222168 0.673828 0.045898 0.041992
0 0.347656 0.653320 0.060546 0.038086
0 1.242676 0.603271 0.018554 0.010254
0 0.046386 0.625732 0.051758 0.062988
0 0.685058 0.590332 0.020508 0.011719
0 0.399414 0.590820 0.058594 0.029297
0 0.279296 0.510742 0.056640 0.028320
0 0.561524 0.504150 0.037110 0.020996
0 0.571778 0.451660 0.047852 0.024414
0 0.579590 0.408691 0.022460 0.013672
0 0.234376 0.409180 0.054688 0.048828
0 0.307128 0.386230 0.020508 0.017578
0 0.453124 0.383057 0.037110 0.022949
0 0.758790 0.372314 0.017578 0.008301
0 0.231934 0.339600 0.030274 0.025879
0 0.356934 0.343018 0.047852 0.033691
0 0.146972 0.337891 0.059570 0.030273
0 0.456542 0.329102 0.032226 0.019531
0 0.087890 0.314453 0.035156 0.028320
0 0.312988 0.305664 0.036132 0.022461
0 0.459960 0.276855 0.017578 0.009766
0 0.361816 0.262207 0.049804 0.022461
0 0.229004 0.262695 0.077148 0.037109
0 0.314454 0.254883 0.037110 0.023438
0 0.198242 0.302246 0.027344 0.019531
