0 0.355468 0.854736 0.068360 0.050293
0 1.178222 0.789551 0.020508 0.007812
0 0.465820 0.726562 0.025390 0.013672
0 0.184082 0.702148 0.063476 0.039062
0 1.581054 0.685303 0.031250 0.019043
0 0.770020 0.607666 0.016602 0.007324
0 0.903320 0.590820 0.011718 0.004883
0 1.503906 0.581787 0.017578 0.013184
0 1.845214 0.586914 0.026368 0.035156
0 1.460450 0.544678 0.016602 0.012207
0 1.256836 0.534912 0.015624 0.009277
0 1.906250 0.499756 0.015624 0.025879
0 1.373046 0.479248 0.031250 0.017090
0 1.910644 0.465088 0.047852 0.029785
0 1.958496 0.428467 0.040040 0.043457
0 1.767090 0.393066 0.018554 0.018555
0 1.827636 0.363525 0.030274 0.026855
0 1.783692 0.306396 0.022460 0.014160
