0 0.464844 0.819580 0.056640 0.046387
0 1.101562 0.735352 0.025390 0.007812
0 1.278320 0.736816 0.029296 0.011719
0 0.206054 0.722412 0.068360 0.047363
0 0.558106 0.683838 0.010742 0.005371
0 0.274902 0.665527 0.053710 0.034180
0 0.453124 0.593506 0.039062 0.021973
0 1.684570 0.587646 0.023438 0.021973
0 0.178710 0.580078 0.048828 0.036133
0 1.440918 0.561279 0.016602 0.012207
0 0.137208 0.546875 0.012696 0.011719
0 0.484864 0.541016 0.041992 0.025391
0 0.348144 0.513916 0.026368 0.025879
0 0.174316 0.491699 0.010742 0.004883
0 1.879882 0.485107 0.013672 0.008301
0 1.541992 0.482910 0.015624 0.013672
0 1.342286 0.478516 0.012696 0.010742
0 1.914062 0.478760 0.031250 0.041504
0 1.538086 0.452881 0.029296 0.020020
0 1.357910 0.412354 0.014648 0.009277
0 1.970214 0.394043 0.026368 0.039062
0 1.833496 0.323975 0.018554 0.016113
0 1.889648 0.291992 0.031250 0.023438
0 1.833496 0.241699 0.022460 0.015625
