0 1.117188 0.796631 0.039062 0.014160
0 1.074218 0.742920 0.041016 0.014160
0 1.126464 0.669678 0.018554 0.008301
0 1.296386 0.669678 0.032226 0.015137
0 0.283692 0.610107 0.057618 0.035645
0 0.453614 0.535156 0.034180 0.021484
0 0.736328 0.508789 0.017578 0.011719
0 0.188476 0.517090 0.048828 0.053711
0 0.480468 0.492920 0.037110 0.029785
0 0.854004 0.468262 0.018554 0.007812
0 0.345214 0.472168 0.024414 0.015625
0 0.996094 0.452881 0.017578 0.006348
0 1.229004 0.443359 0.024414 0.008789
0 0.150878 0.448242 0.057618 0.049805
0 0.681640 0.421631 0.023438 0.011230
0 0.386718 0.417480 0.031250 0.025391
0 1.538086 0.407471 0.017578 0.012207
0 1.873046 0.403809 0.011718 0.005859
0 1.336426 0.405762 0.020508 0.011719
0 1.093750 0.379639 0.023438 0.008301
0 0.267090 0.382812 0.043946 0.028320
0 1.158204 0.356934 0.019532 0.007812
0 0.165040 0.361084 0.027344 0.023926
0 1.238770 0.350830 0.030274 0.011230
0 0.084960 0.363525 0.052734 0.048340
0 1.345704 0.339355 0.017578 0.008789
0 1.188476 0.336670 0.013672 0.006348
0 0.250000 0.331055 0.027344 0.020508
0 1.230468 0.318848 0.029296 0.012695
0 0.154296 0.311035 0.078124 0.065430
0 1.809570 0.238281 0.023438 0.014648
0 1.392578 0.172852 0.029296 0.012695
0 1.522460 0.127197 0.046876 0.019043
0 1.238282 0.296387 0.023438 0.009766
