0 1.120606 0.629639 0.012696 0.006348
0 1.285156 0.629639 0.017578 0.010254
0 0.785644 0.411377 0.022460 0.011230
0 1.216796 0.403320 0.027344 0.010742
0 0.721192 0.401855 0.034180 0.012695
0 0.987792 0.393311 0.016602 0.006348
0 1.181640 0.389893 0.021484 0.008301
0 0.667968 0.381348 0.017578 0.008789
0 1.326172 0.365967 0.021484 0.012207
0 1.527344 0.365723 0.021484 0.015625
0 1.044922 0.359375 0.021484 0.009766
0 1.862304 0.359131 0.017578 0.014160
0 1.084472 0.340332 0.028320 0.009766
0 0.531250 0.334961 0.019532 0.011719
0 0.407714 0.333252 0.028320 0.014160
0 1.147950 0.318359 0.022460 0.007812
0 0.461914 0.305664 0.021484 0.009766
0 1.177734 0.297119 0.021484 0.008301
0 0.243164 0.293213 0.039062 0.029785
0 0.391602 0.273682 0.023438 0.013184
0 0.310058 0.249512 0.026368 0.014648
0 1.698730 0.231689 0.022460 0.012207
0 0.230958 0.229004 0.024414 0.014648
0 0.247070 0.240234 0.058594 0.040039
0 0.170898 0.250732 0.132812 0.103027
0 1.523438 0.166016 0.068360 0.028320
