0 1.153320 0.795654 0.048828 0.015137
0 1.118652 0.742188 0.034180 0.010742
0 1.143066 0.655518 0.024414 0.010254
0 1.317872 0.654541 0.030274 0.015137
0 0.471680 0.528809 0.037110 0.028320
0 0.738770 0.498779 0.020508 0.010254
0 0.204102 0.520020 0.052734 0.060547
0 0.495118 0.483154 0.046876 0.025879
0 0.835450 0.460938 0.012696 0.006836
0 0.359864 0.457275 0.024414 0.019043
0 0.985352 0.448242 0.015624 0.006836
0 0.809570 0.438721 0.013672 0.007324
0 1.241210 0.429932 0.025390 0.009277
0 1.203614 0.416016 0.018554 0.008789
0 0.166016 0.430176 0.060546 0.049805
0 0.691894 0.407959 0.020508 0.011230
0 1.347656 0.392578 0.019532 0.012695
0 0.399902 0.401367 0.038086 0.032227
0 1.547364 0.390869 0.020508 0.016113
0 0.628906 0.383545 0.015624 0.007324
0 1.880372 0.378662 0.014648 0.013184
0 1.105468 0.367676 0.021484 0.007812
0 0.555176 0.361816 0.018554 0.010742
0 0.282714 0.367920 0.041992 0.030762
0 0.182618 0.356201 0.029296 0.023926
0 1.169922 0.345215 0.023438 0.009766
0 1.229492 0.346436 0.027344 0.013184
0 0.485840 0.333252 0.014648 0.007324
0 0.102540 0.343506 0.050782 0.044434
0 1.354980 0.326416 0.024414 0.011230
0 1.200684 0.323730 0.012696 0.005859
0 0.267578 0.318604 0.035156 0.025879
0 0.170410 0.297363 0.081054 0.066406
0 0.250488 0.271973 0.036132 0.021484
0 0.258300 0.253662 0.020508 0.013184
0 1.821290 0.224609 0.031250 0.020508
0 1.409668 0.152588 0.038086 0.013184
0 1.538086 0.106445 0.046876 0.018555
