0 0.687988 0.889404 0.065430 0.015137
0 0.590820 0.756836 0.029296 0.015625
0 0.511718 0.667725 0.062500 0.044434
0 0.040528 0.622314 0.034180 0.040527
0 0.105468 0.592529 0.037110 0.040527
0 0.227540 0.580811 0.062500 0.045410
0 1.299316 0.560547 0.020508 0.014648
0 0.575684 0.526611 0.016602 0.015137
0 0.092774 0.523438 0.060546 0.031250
0 0.289062 0.502441 0.062500 0.065430
0 1.920898 0.477051 0.023438 0.028320
0 0.179200 0.435547 0.057618 0.033203
0 0.469238 0.428467 0.030274 0.034668
0 1.937012 0.418457 0.022460 0.017578
0 0.666504 0.387939 0.016602 0.011230
0 0.484376 0.392090 0.046876 0.035156
0 0.344238 0.364990 0.028320 0.020020
0 0.712890 0.354736 0.023438 0.012207
0 1.229980 0.333008 0.032226 0.011719
0 0.156738 0.353516 0.071290 0.095703
0 1.543458 0.300293 0.022460 0.014648
0 1.338868 0.298340 0.021484 0.010742
0 0.378418 0.309326 0.045898 0.034668
0 0.424804 0.270996 0.042968 0.026367
0 0.541504 0.264648 0.026368 0.013672
0 0.281738 0.265381 0.045898 0.032715
0 0.158204 0.260986 0.044922 0.026855
0 1.714844 0.255371 0.027344 0.017578
0 1.349122 0.233398 0.020508 0.008789
0 0.248536 0.228760 0.040040 0.021973
0 0.401856 0.202393 0.032226 0.015137
0 0.291504 0.183594 0.034180 0.020508
0 0.326660 0.178467 0.028320 0.014160
0 1.707032 0.164307 0.058594 0.027832
