0 1.287110 0.597900 0.023438 0.012207
0 0.900390 0.391846 0.013672 0.006348
0 0.692382 0.384521 0.019532 0.010254
0 1.195800 0.377197 0.028320 0.009277
0 1.162110 0.366211 0.031250 0.010742
0 1.020996 0.336426 0.020508 0.007812
0 1.301270 0.338135 0.022460 0.011230
0 1.497070 0.329834 0.023438 0.014160
0 1.057128 0.316650 0.032226 0.010254
0 1.830078 0.312500 0.017578 0.011719
0 1.117676 0.292480 0.026368 0.008789
0 1.300782 0.272705 0.023438 0.008301
0 1.668946 0.218994 0.041016 0.021973
0 1.520020 0.145264 0.063476 0.024902
0 0.764648 0.394775 0.025390 0.011230
