0 0.629882 0.775879 0.035156 0.013672
0 0.554200 0.685303 0.045898 0.045410
0 0.067382 0.625732 0.083984 0.045410
0 1.187012 0.591553 0.020508 0.009277
0 0.160644 0.605469 0.051758 0.041992
0 0.282226 0.591309 0.060546 0.041016
0 0.638184 0.547119 0.026368 0.012207
0 0.171386 0.538574 0.014648 0.012695
0 0.347656 0.531494 0.064454 0.032715
0 0.524414 0.454834 0.039062 0.021973
0 0.246094 0.447998 0.062500 0.031738
0 0.039062 0.432373 0.013672 0.016113
0 0.555176 0.400146 0.049804 0.038574
0 0.751464 0.336914 0.016602 0.008789
0 0.231446 0.348633 0.060546 0.049805
0 0.441406 0.342529 0.046876 0.039551
0 0.302246 0.323242 0.026368 0.019531
0 0.476074 0.283936 0.034180 0.019043
0 0.357422 0.291748 0.041016 0.036621
0 0.238282 0.279297 0.033204 0.015625
0 0.323730 0.245361 0.022460 0.015137
0 0.179200 0.255127 0.106446 0.083496
0 0.373536 0.204590 0.026368 0.013672
0 0.249024 0.199951 0.052734 0.024902
0 0.335450 0.191406 0.049804 0.035156
0 0.417968 0.383789 0.015624 0.008789
0 0.869628 0.368164 0.022460 0.008789
