0 0.668458 0.875000 0.032226 0.010742
0 0.621094 0.796143 0.082032 0.059082
0 0.136718 0.747559 0.033204 0.024414
0 0.207520 0.729004 0.032226 0.021484
0 1.208984 0.687988 0.023438 0.010742
0 0.330078 0.703369 0.072266 0.042480
0 1.375488 0.690674 0.038086 0.018066
0 0.061524 0.667725 0.017578 0.020020
0 0.672852 0.649902 0.019532 0.010742
0 0.390624 0.643066 0.058594 0.030273
0 0.464844 0.575439 0.025390 0.020020
0 0.105958 0.564697 0.026368 0.021973
0 0.552734 0.564453 0.039062 0.024414
0 0.279296 0.557861 0.056640 0.035645
0 0.381348 0.542969 0.016602 0.014648
0 0.393066 0.518066 0.026368 0.020508
0 0.573242 0.514893 0.044922 0.022949
0 0.442872 0.486328 0.022460 0.021484
0 1.328124 0.461182 0.019532 0.008301
0 0.614746 0.454102 0.022460 0.014648
0 0.103516 0.457275 0.029296 0.025879
0 0.649902 0.451172 0.022460 0.014648
0 0.247070 0.461182 0.052734 0.044434
0 0.771972 0.435059 0.014648 0.008789
0 0.027344 0.448242 0.037110 0.041992
0 0.468262 0.437256 0.032226 0.020996
0 1.437012 0.426270 0.014648 0.008789
0 0.536622 0.429688 0.020508 0.015625
0 0.067872 0.426758 0.053710 0.051758
0 1.193848 0.395752 0.014648 0.009277
0 0.362304 0.401123 0.046876 0.028809
0 1.236328 0.386963 0.019532 0.012207
0 1.258790 0.374512 0.011718 0.006836
0 0.173340 0.379395 0.040040 0.029297
0 1.442382 0.357910 0.017578 0.011719
0 0.425292 0.354004 0.028320 0.018555
0 0.345704 0.348145 0.033204 0.024414
0 0.107422 0.347168 0.048828 0.041992
0 0.415528 0.302734 0.018554 0.011719
0 0.328124 0.301514 0.029296 0.020996
0 0.244140 0.323242 0.076172 0.068359
0 0.145996 0.286133 0.043946 0.029297
0 1.815430 0.236084 0.023438 0.016113
0 1.538574 0.187256 0.041992 0.022949
0 0.330078 0.285400 0.013672 0.008301
