0 0.976074 0.958008 0.096680 0.014648
0 0.882324 0.940674 0.079102 0.011230
0 1.260254 0.779297 0.043946 0.014648
0 1.276368 0.575684 0.023438 0.012695
0 0.768066 0.381348 0.020508 0.009766
0 1.027832 0.363525 0.016602 0.006348
0 0.833008 0.357910 0.023438 0.008789
0 1.183594 0.357666 0.033204 0.011230
0 1.765624 0.349121 0.023438 0.019531
0 1.146972 0.345703 0.034180 0.012695
0 1.008790 0.342529 0.033204 0.010254
0 1.288086 0.318115 0.023438 0.010254
0 1.488770 0.316162 0.022460 0.012207
0 1.043458 0.296631 0.034180 0.009277
0 1.856446 0.284668 0.011718 0.005859
0 1.289062 0.254639 0.029296 0.010254
0 1.475098 0.063477 0.036132 0.012695
0 0.749512 0.373291 0.022460 0.010254
