0 0.950684 0.989990 0.043946 0.008301
0 1.205078 0.901367 0.082032 0.033203
0 0.708496 0.840820 0.041992 0.012695
0 0.666016 0.767578 0.095704 0.056641
0 0.155762 0.714111 0.047852 0.031738
0 0.246582 0.697021 0.028320 0.022949
0 0.374512 0.675781 0.067382 0.036133
0 0.069824 0.637939 0.065430 0.049316
0 0.715332 0.618408 0.022460 0.011230
0 0.430664 0.613281 0.058594 0.028320
0 0.131836 0.538086 0.050782 0.028320
0 0.592286 0.533936 0.045898 0.021973
0 0.315430 0.525635 0.068360 0.047363
0 0.608886 0.483887 0.051758 0.019531
0 0.478028 0.458008 0.026368 0.019531
0 0.799316 0.447998 0.018554 0.007324
0 0.685546 0.445557 0.023438 0.011230
0 0.131348 0.426758 0.014648 0.006836
0 1.204102 0.423828 0.015624 0.007812
0 0.278320 0.433838 0.062500 0.035645
0 1.355468 0.415527 0.025390 0.009766
0 0.602050 0.413330 0.020508 0.014160
0 0.502930 0.409912 0.033204 0.020020
0 1.321778 0.405273 0.032226 0.013672
0 0.803710 0.403076 0.019532 0.008301
0 0.099122 0.407715 0.057618 0.043945
0 0.739258 0.380127 0.017578 0.010254
0 1.183106 0.376221 0.024414 0.010254
0 1.456054 0.376465 0.021484 0.014648
0 1.659180 0.371582 0.019532 0.015625
0 0.396484 0.374023 0.042968 0.030273
0 0.559082 0.366943 0.032226 0.016113
0 0.660156 0.359619 0.021484 0.009277
0 1.220214 0.356201 0.028320 0.010254
0 0.196290 0.359375 0.033204 0.022461
0 0.286132 0.357178 0.052734 0.033691
0 1.279786 0.332764 0.018554 0.008301
0 0.591796 0.331543 0.019532 0.009766
0 0.368164 0.323242 0.029296 0.020508
0 0.140136 0.326172 0.055664 0.040039
0 0.252930 0.319580 0.039062 0.030762
0 0.517578 0.301758 0.015624 0.006836
0 1.345214 0.294922 0.032226 0.013672
0 0.283692 0.286865 0.045898 0.035645
0 0.170898 0.267334 0.041016 0.025879
0 0.353516 0.270020 0.072266 0.034180
0 1.352050 0.271240 0.030274 0.012207
0 0.354004 0.259033 0.022460 0.012207
