0 0.670898 0.888672 0.068360 0.018555
0 0.587402 0.754395 0.034180 0.014648
0 0.514648 0.662842 0.048828 0.043457
0 0.037598 0.607666 0.041992 0.043457
0 0.111816 0.580078 0.038086 0.043945
0 1.317382 0.560059 0.019532 0.014648
0 0.237304 0.567871 0.056640 0.049805
0 0.584472 0.523438 0.012696 0.008789
0 0.106934 0.509766 0.057618 0.031250
0 0.299804 0.508789 0.062500 0.041016
0 1.937012 0.479248 0.018554 0.009277
0 1.950684 0.417969 0.018554 0.015625
0 0.193848 0.424072 0.061524 0.034668
0 0.691894 0.396484 0.008790 0.005859
0 0.485352 0.416016 0.048828 0.055664
0 0.352540 0.379395 0.021484 0.013672
0 0.692872 0.361084 0.014648 0.008301
0 0.800292 0.349854 0.024414 0.009277
0 0.162110 0.343506 0.050782 0.024902
0 0.372558 0.333984 0.041992 0.034180
0 0.223632 0.314453 0.023438 0.018555
0 0.541504 0.276855 0.016602 0.007812
0 0.425292 0.284424 0.053710 0.024902
0 0.162110 0.279053 0.046876 0.027832
0 0.285644 0.279053 0.047852 0.033691
0 0.476074 0.245361 0.012696 0.006348
0 0.248536 0.245850 0.032226 0.019043
0 0.395508 0.218262 0.017578 0.009766
0 0.290040 0.198242 0.037110 0.020508
0 0.254394 0.187500 0.065430 0.038086
