0 0.638672 0.890625 0.044922 0.013672
0 0.544922 0.754395 0.027344 0.012695
0 0.482422 0.664551 0.066406 0.045898
0 1.270508 0.563721 0.017578 0.009277
0 0.071290 0.584717 0.042968 0.051270
0 0.194336 0.572266 0.054688 0.050781
0 0.544434 0.524902 0.018554 0.012695
0 0.063476 0.513428 0.052734 0.035645
0 0.254882 0.510742 0.062500 0.041992
0 1.892578 0.474609 0.023438 0.030273
0 0.434082 0.435059 0.034180 0.024414
0 0.152344 0.432617 0.056640 0.034180
0 1.908692 0.419678 0.020508 0.019043
0 0.594726 0.393311 0.021484 0.013184
0 0.454590 0.387207 0.040040 0.027344
0 0.964356 0.372314 0.012696 0.005371
0 1.045898 0.341553 0.023438 0.007324
0 1.183106 0.330811 0.073242 0.022949
0 0.129394 0.331787 0.063476 0.046387
0 0.343750 0.313965 0.044922 0.032227
0 1.307618 0.300049 0.019532 0.009277
0 1.511718 0.301025 0.025390 0.013184
0 1.028808 0.292969 0.028320 0.008789
0 0.208496 0.286621 0.028320 0.020508
0 1.067872 0.274170 0.032226 0.010254
0 0.258300 0.268066 0.036132 0.028320
0 1.128906 0.254150 0.021484 0.007324
0 1.687012 0.242920 0.026368 0.015137
0 0.139160 0.250977 0.041992 0.032227
0 1.159668 0.232910 0.018554 0.006836
0 1.651368 0.156494 0.054688 0.024902
