0 1.099122 0.797607 0.047852 0.016113
0 1.065430 0.743408 0.035156 0.013184
0 1.290528 0.672852 0.032226 0.015625
0 0.292480 0.623291 0.059570 0.035645
0 0.455566 0.545166 0.032226 0.020996
0 0.737304 0.513428 0.017578 0.011230
0 0.191406 0.532227 0.050782 0.053711
0 0.479004 0.500000 0.041992 0.034180
0 0.343262 0.472412 0.026368 0.018066
0 1.000000 0.452881 0.017578 0.006348
0 1.189942 0.433105 0.016602 0.006836
0 0.150390 0.443115 0.056640 0.045410
0 0.677734 0.421631 0.015624 0.007324
0 1.538086 0.410889 0.017578 0.011230
0 1.336914 0.409180 0.019532 0.010742
0 0.381836 0.416260 0.033204 0.029785
0 1.092774 0.381592 0.019532 0.007324
0 0.268066 0.383545 0.045898 0.031738
0 1.158204 0.360107 0.023438 0.010254
0 0.164062 0.360352 0.019532 0.016602
0 1.244628 0.351807 0.030274 0.012207
0 1.345704 0.343262 0.019532 0.009766
0 0.079590 0.358154 0.067382 0.043457
0 0.250976 0.331299 0.025390 0.018066
0 1.231934 0.323242 0.026368 0.011719
0 0.157226 0.308838 0.080078 0.067871
0 1.814942 0.244873 0.024414 0.015137
0 1.397460 0.178711 0.039062 0.014648
0 1.522460 0.131592 0.042968 0.019043
