0 0.742676 0.976318 0.083008 0.017090
0 0.732910 0.850342 0.043946 0.015137
0 0.639648 0.758789 0.060546 0.046875
0 0.147950 0.706299 0.055664 0.042480
0 0.245606 0.692871 0.032226 0.027344
0 0.371094 0.672119 0.066406 0.034668
0 0.717286 0.623291 0.020508 0.011230
0 0.075196 0.621826 0.070312 0.049316
0 0.436524 0.611084 0.058594 0.029785
0 0.597656 0.533203 0.046876 0.019531
0 1.303710 0.519531 0.013672 0.006836
0 0.325684 0.526367 0.057618 0.034180
0 0.627442 0.482666 0.045898 0.021973
0 0.491700 0.460938 0.026368 0.017578
0 1.848144 0.447754 0.022460 0.019531
0 1.224122 0.439941 0.014648 0.007812
0 1.374024 0.436279 0.027344 0.012207
0 0.498046 0.435791 0.017578 0.013184
0 1.798828 0.442139 0.025390 0.026855
0 1.342774 0.425537 0.031250 0.014160
0 1.178222 0.421143 0.018554 0.009277
0 0.295410 0.431152 0.057618 0.042969
0 0.383790 0.410645 0.019532 0.017578
0 1.479980 0.398926 0.012696 0.004883
0 0.525878 0.407471 0.034180 0.022949
0 1.207520 0.391846 0.018554 0.010254
0 0.758300 0.384766 0.018554 0.007812
0 0.116210 0.398926 0.052734 0.044922
0 1.246094 0.374268 0.017578 0.008301
0 0.681640 0.362549 0.023438 0.011230
0 0.427246 0.362549 0.040040 0.025879
0 1.309570 0.351318 0.021484 0.011230
0 0.227050 0.350098 0.028320 0.021484
0 0.304688 0.353271 0.044922 0.030762
0 0.506348 0.346924 0.032226 0.018066
0 1.491210 0.334229 0.021484 0.012207
0 0.616700 0.333496 0.020508 0.009766
0 0.394042 0.325195 0.028320 0.019531
0 0.467774 0.300049 0.029296 0.014160
0 0.163574 0.313232 0.065430 0.057129
0 0.294922 0.302979 0.078124 0.067871
0 0.471192 0.276123 0.030274 0.017090
0 0.200196 0.266357 0.046876 0.029785
0 0.403320 0.275146 0.041016 0.022949
0 1.254394 0.490723 0.016602 0.010742
0 0.077148 0.415283 0.017578 0.014160
