0 1.135742 0.635986 0.015624 0.006348
0 1.303710 0.635010 0.017578 0.007324
0 0.724610 0.409180 0.015624 0.006836
0 1.227050 0.408447 0.030274 0.010254
0 1.193848 0.397461 0.030274 0.010742
0 0.372070 0.393066 0.025390 0.013672
0 0.476562 0.393066 0.025390 0.016602
0 1.335938 0.371094 0.021484 0.011719
0 1.535156 0.369141 0.019532 0.013672
0 1.054688 0.366211 0.021484 0.007812
0 0.368164 0.365479 0.027344 0.018066
0 0.537598 0.347168 0.014648 0.008789
0 0.433106 0.354004 0.032226 0.023438
0 1.093750 0.346436 0.023438 0.009277
0 0.270996 0.352539 0.043946 0.034180
0 0.162598 0.337158 0.051758 0.031738
0 1.153808 0.324219 0.020508 0.007812
0 0.085450 0.332520 0.057618 0.040039
0 0.468750 0.316895 0.019532 0.011719
0 1.335938 0.305664 0.013672 0.006836
0 1.183106 0.302979 0.020508 0.008301
0 0.249024 0.305176 0.035156 0.023438
0 0.399414 0.283691 0.023438 0.012695
0 0.314942 0.261963 0.024414 0.014160
0 0.239258 0.265381 0.078124 0.033691
0 0.236328 0.241455 0.027344 0.016113
0 1.708008 0.229736 0.013672 0.006348
0 0.175292 0.265137 0.122070 0.101562
0 1.507812 0.162598 0.046876 0.019531
0 0.796386 0.420166 0.022460 0.011230
