0 1.271484 0.592285 0.021484 0.012695
0 0.781738 0.387695 0.012696 0.005859
0 0.858398 0.384766 0.021484 0.008789
0 1.040528 0.372559 0.018554 0.006836
0 1.191894 0.365967 0.032226 0.011230
0 1.160644 0.356201 0.032226 0.013184
0 1.302246 0.329102 0.024414 0.010742
0 1.500000 0.328125 0.023438 0.014648
0 1.022950 0.323975 0.022460 0.007324
0 1.057618 0.305176 0.027344 0.008789
0 1.303710 0.264648 0.023438 0.008789
0 1.149414 0.261963 0.023438 0.007324
0 1.668946 0.226807 0.031250 0.019043
0 1.556640 0.153564 0.062500 0.024902
0 0.760742 0.379883 0.019532 0.009766
