0 0.925292 0.966064 0.075196 0.018066
0 0.858398 0.946289 0.078124 0.015625
0 1.200684 0.784424 0.036132 0.014160
0 1.268554 0.595703 0.021484 0.011719
0 0.774414 0.391357 0.017578 0.007324
0 1.036622 0.374023 0.020508 0.006836
0 1.190430 0.369141 0.031250 0.010742
0 0.838868 0.367676 0.017578 0.006836
0 0.930664 0.357178 0.013672 0.006348
0 1.155762 0.356445 0.024414 0.009766
0 1.050782 0.340088 0.027344 0.009277
0 1.298340 0.330566 0.024414 0.010742
0 1.499024 0.330322 0.025390 0.015137
0 1.015624 0.326660 0.021484 0.008789
0 1.833496 0.320068 0.014648 0.008301
0 1.053710 0.307617 0.011718 0.005859
0 1.115722 0.283936 0.018554 0.007324
0 1.300292 0.266602 0.022460 0.008789
0 1.145996 0.263672 0.022460 0.007812
0 1.395020 0.046631 0.043946 0.013184
0 0.754394 0.382812 0.022460 0.010742
