0 0.665040 0.888428 0.027344 0.009277
0 0.576660 0.800537 0.049804 0.045410
0 0.185546 0.736816 0.035156 0.024414
0 1.202636 0.700439 0.022460 0.007324
0 0.307618 0.712891 0.066406 0.038086
0 1.378418 0.697266 0.026368 0.013672
0 0.368164 0.653564 0.056640 0.030762
0 0.074218 0.584473 0.064454 0.021484
0 0.537110 0.575195 0.037110 0.022461
0 0.259766 0.566406 0.050782 0.037109
0 1.400878 0.531738 0.014648 0.013672
0 0.560058 0.524414 0.041992 0.026367
0 1.773926 0.517822 0.024414 0.031738
0 0.425782 0.498535 0.023438 0.019531
0 1.304688 0.475098 0.027344 0.009766
0 1.278320 0.465332 0.015624 0.009766
0 0.326172 0.454346 0.017578 0.017090
0 0.233886 0.468750 0.049804 0.046875
0 0.013672 0.455566 0.019532 0.030273
0 0.458008 0.447021 0.037110 0.024902
0 1.414062 0.438965 0.015624 0.011719
0 1.612304 0.437012 0.013672 0.010742
0 1.665040 0.438965 0.039062 0.026367
0 0.053710 0.441650 0.052734 0.080566
0 0.365722 0.403564 0.040040 0.026855
0 1.232910 0.389160 0.012696 0.006836
0 1.959960 0.401123 0.033204 0.037598
0 0.241210 0.393311 0.042968 0.030762
0 0.161132 0.388916 0.046876 0.032715
0 0.422364 0.377686 0.018554 0.014160
0 0.094726 0.355469 0.046876 0.038086
0 0.215332 0.350830 0.038086 0.034668
0 1.888184 0.272705 0.020508 0.016113
0 0.336914 0.363037 0.019532 0.019043
