0 0.757324 0.960938 0.083008 0.021484
0 0.733398 0.838135 0.033204 0.012207
0 0.642578 0.748047 0.058594 0.053711
0 0.146484 0.693115 0.083984 0.046387
0 0.243164 0.677246 0.035156 0.033203
0 0.369628 0.656738 0.065430 0.035156
0 0.718262 0.608887 0.022460 0.011719
0 0.075684 0.606934 0.073242 0.051758
0 0.430176 0.595215 0.053710 0.030273
0 0.596192 0.518311 0.041992 0.018066
0 0.324218 0.512451 0.050782 0.029785
0 0.627442 0.464355 0.045898 0.024414
0 0.490722 0.443115 0.030274 0.020020
0 1.216308 0.421631 0.016602 0.010254
0 0.534668 0.418701 0.020508 0.014160
0 1.373046 0.417725 0.037110 0.015137
0 1.333496 0.403320 0.024414 0.011719
0 1.184082 0.400635 0.020508 0.009277
0 0.294434 0.410645 0.051758 0.042969
0 0.380860 0.391357 0.023438 0.017090
0 0.527344 0.392334 0.039062 0.022949
0 1.472168 0.379395 0.020508 0.013672
0 1.209472 0.375000 0.016602 0.007812
0 1.245118 0.357666 0.025390 0.010254
0 0.113282 0.371582 0.042968 0.041992
0 1.310058 0.337402 0.022460 0.010742
0 0.431640 0.344482 0.042968 0.027832
0 0.305664 0.338379 0.044922 0.027344
0 0.514648 0.330566 0.029296 0.015625
0 0.216796 0.333496 0.066406 0.031250
0 0.395020 0.303223 0.028320 0.016602
0 0.550292 0.283691 0.016602 0.008789
0 0.459472 0.276123 0.022460 0.010254
0 0.169434 0.293701 0.067382 0.056152
0 0.300782 0.279297 0.080078 0.066406
0 0.402832 0.257812 0.034180 0.019531
0 0.212402 0.243896 0.051758 0.032715
0 0.138672 0.391357 0.025390 0.022949
0 1.675782 0.375732 0.019532 0.015137
0 0.761718 0.368408 0.015624 0.007324
