0 1.000488 0.971680 0.112304 0.017578
0 1.214844 0.778809 0.052734 0.016602
0 1.205078 0.733398 0.035156 0.009766
0 1.286622 0.594971 0.018554 0.012207
0 0.781250 0.397217 0.015624 0.007324
0 0.845704 0.373779 0.015624 0.006348
0 1.191406 0.371338 0.033204 0.011230
0 0.911622 0.367188 0.014648 0.006836
0 1.159668 0.361084 0.030274 0.012207
0 1.067382 0.337646 0.029296 0.011230
0 1.018066 0.332275 0.020508 0.007324
0 1.297364 0.332275 0.024414 0.011230
0 1.496094 0.327881 0.025390 0.016113
0 1.828614 0.310547 0.018554 0.013672
0 1.298340 0.268555 0.028320 0.010742
0 1.375000 0.052734 0.044922 0.013672
0 0.763672 0.388428 0.017578 0.009277
