0 0.435546 0.835205 0.072266 0.048340
0 0.176758 0.740723 0.074218 0.045898
0 0.529786 0.702637 0.022460 0.012695
0 0.242188 0.684326 0.062500 0.039551
0 0.321778 0.633545 0.020508 0.016113
0 1.645996 0.611328 0.024414 0.018555
0 0.417968 0.611572 0.037110 0.024902
0 0.060546 0.586670 0.013672 0.014160
0 0.141602 0.599854 0.048828 0.037598
0 1.461914 0.564697 0.011718 0.006348
0 0.445312 0.561279 0.042968 0.025879
0 0.979004 0.544189 0.010742 0.005371
0 1.504882 0.497314 0.011718 0.006348
0 1.886718 0.506104 0.021484 0.032715
0 1.843262 0.495361 0.010742 0.011230
0 1.303710 0.492920 0.017578 0.010254
0 1.475586 0.456787 0.025390 0.022949
0 1.317872 0.426025 0.010742 0.005371
0 1.937988 0.410156 0.030274 0.034180
0 1.798340 0.337402 0.024414 0.021484
0 1.854492 0.306152 0.031250 0.024414
0 1.797364 0.254639 0.030274 0.020996
