0 1.107910 0.613037 0.018554 0.008301
0 1.277344 0.610352 0.027344 0.014648
0 1.203124 0.387207 0.031250 0.010742
0 0.702636 0.384766 0.014648 0.006836
0 0.856934 0.382324 0.016602 0.007812
0 1.171876 0.376221 0.033204 0.011230
0 0.656738 0.367920 0.014648 0.006348
0 1.513672 0.350830 0.019532 0.011230
0 1.313476 0.351318 0.023438 0.012207
0 1.033204 0.344727 0.023438 0.008789
0 1.842774 0.333984 0.015624 0.009766
0 1.073730 0.323975 0.026368 0.008301
0 0.517090 0.320801 0.026368 0.014648
0 1.130860 0.302246 0.013672 0.005859
0 0.449218 0.290527 0.015624 0.007812
0 1.316406 0.284912 0.017578 0.007324
0 0.376464 0.259033 0.018554 0.008301
0 0.296876 0.235107 0.025390 0.013184
0 1.687988 0.231445 0.032226 0.019531
0 0.225586 0.232910 0.035156 0.020508
0 0.222168 0.210938 0.020508 0.010742
0 1.535644 0.158936 0.053710 0.020996
