0 1.104980 0.615234 0.020508 0.007812
0 1.274902 0.613037 0.024414 0.013184
0 0.699708 0.386719 0.014648 0.006836
0 1.201172 0.386230 0.031250 0.010742
0 0.854004 0.383301 0.016602 0.007812
0 1.169434 0.375244 0.034180 0.012207
0 0.652832 0.369873 0.012696 0.005371
0 1.310058 0.349121 0.022460 0.011719
0 1.509278 0.347900 0.018554 0.011230
0 1.030274 0.343994 0.023438 0.009277
0 1.847656 0.341309 0.015624 0.009766
0 1.069824 0.323486 0.026368 0.008301
0 0.512208 0.323486 0.024414 0.014160
0 1.125976 0.301270 0.013672 0.005859
0 0.444336 0.293701 0.017578 0.008301
0 1.311036 0.283691 0.016602 0.006836
0 0.371094 0.262695 0.017578 0.008789
0 0.291016 0.239014 0.025390 0.013184
0 0.220214 0.236816 0.034180 0.021484
0 1.682618 0.228027 0.031250 0.019531
0 0.215820 0.215332 0.019532 0.010742
0 1.528320 0.156494 0.054688 0.020020
0 0.769532 0.397461 0.023438 0.010742
