0 0.747558 0.967285 0.090820 0.018555
0 0.728516 0.841553 0.046876 0.014160
0 0.640136 0.748779 0.057618 0.047363
0 0.132324 0.691406 0.061524 0.045898
0 0.240722 0.675537 0.038086 0.029785
0 0.362792 0.656494 0.063476 0.038574
0 0.714356 0.611328 0.024414 0.012695
0 0.427734 0.595947 0.070312 0.028809
0 0.071290 0.601562 0.070312 0.053711
0 0.602050 0.519531 0.045898 0.019531
0 0.325196 0.509033 0.048828 0.030762
0 0.627930 0.465332 0.046876 0.026367
0 0.494628 0.442871 0.028320 0.019531
0 1.216796 0.425049 0.017578 0.009277
0 1.367676 0.417969 0.030274 0.011719
0 1.808106 0.424072 0.028320 0.025879
0 1.841308 0.409912 0.018554 0.017090
0 1.334472 0.407471 0.032226 0.013184
0 1.170898 0.403809 0.021484 0.010742
0 0.303222 0.408936 0.057618 0.044434
0 0.531250 0.391113 0.042968 0.022461
0 0.392578 0.386230 0.025390 0.022461
0 1.469726 0.379883 0.019532 0.011719
0 1.193360 0.376221 0.013672 0.006348
0 0.772950 0.371094 0.026368 0.009766
0 1.230468 0.356934 0.025390 0.010742
0 0.124512 0.370117 0.051758 0.044922
0 0.695800 0.347168 0.018554 0.008789
0 0.442382 0.342773 0.044922 0.026367
0 1.292480 0.334717 0.026368 0.012207
0 0.525878 0.328369 0.028320 0.017090
0 0.236816 0.329346 0.049804 0.026855
0 0.318360 0.330078 0.044922 0.033203
0 0.633790 0.315430 0.025390 0.010742
0 0.409668 0.301270 0.024414 0.015625
0 0.297852 0.290527 0.042968 0.032227
0 0.481934 0.273682 0.036132 0.019043
0 0.178710 0.284424 0.066406 0.062012
0 0.324708 0.262207 0.069336 0.041016
0 0.421386 0.255371 0.030274 0.014648
0 0.229980 0.237793 0.049804 0.030273
0 1.675292 0.378662 0.012696 0.006348
