0 1.223632 0.925049 0.074218 0.020020
0 0.667480 0.856445 0.041992 0.012695
0 0.631348 0.776611 0.086914 0.048340
0 0.227540 0.694092 0.033204 0.025879
0 0.132324 0.699463 0.063476 0.036621
0 1.437500 0.674805 0.029296 0.014648
0 0.354492 0.672852 0.068360 0.041992
0 0.703124 0.633545 0.017578 0.009277
0 0.418946 0.610840 0.056640 0.032227
0 0.056152 0.612305 0.071290 0.060547
0 0.500000 0.551025 0.017578 0.017090
0 0.592774 0.540039 0.044922 0.023438
0 0.143554 0.521240 0.033204 0.025879
0 0.319824 0.521729 0.063476 0.034668
0 0.383300 0.508301 0.016602 0.021484
0 0.435546 0.489746 0.027344 0.013672
0 0.618164 0.490479 0.046876 0.021973
0 0.728028 0.472168 0.018554 0.011719
0 0.667968 0.467529 0.019532 0.009277
0 0.502442 0.454102 0.038086 0.023438
0 0.590332 0.447266 0.018554 0.013672
0 1.332520 0.433350 0.032226 0.016113
0 0.390136 0.419189 0.045898 0.024902
0 0.285644 0.410645 0.018554 0.015625
0 1.467286 0.404785 0.014648 0.008789
0 1.191894 0.402100 0.016602 0.007324
0 1.671386 0.402344 0.018554 0.015625
0 0.659668 0.394775 0.016602 0.009277
0 0.192872 0.401367 0.061524 0.041992
0 1.227050 0.382324 0.014648 0.006836
0 0.489746 0.383789 0.028320 0.018555
0 0.366210 0.368164 0.029296 0.022461
0 0.122558 0.375977 0.059570 0.040039
0 1.307128 0.353516 0.026368 0.012695
0 0.511230 0.339355 0.012696 0.005859
0 1.469238 0.337402 0.016602 0.008789
0 0.427734 0.320801 0.025390 0.015625
0 0.262696 0.348145 0.074218 0.070312
0 0.153808 0.312256 0.055664 0.034668
0 0.335450 0.319824 0.028320 0.020508
0 1.364746 0.443359 0.032226 0.012695
0 0.340820 0.303467 0.025390 0.018066
