0 1.178710 0.791016 0.046876 0.015625
0 1.139160 0.739502 0.040040 0.010254
0 1.156250 0.651855 0.019532 0.008789
0 1.325684 0.649902 0.030274 0.013672
0 0.204590 0.530518 0.057618 0.046387
0 0.738282 0.500732 0.021484 0.012207
0 0.495118 0.491211 0.041016 0.028320
0 0.826660 0.463135 0.018554 0.007324
0 0.358398 0.466553 0.025390 0.020020
0 0.977050 0.447510 0.016602 0.007324
0 0.807128 0.439941 0.014648 0.007812
0 1.240234 0.424805 0.029296 0.009766
0 0.165040 0.438721 0.056640 0.037598
0 1.204590 0.411133 0.020508 0.008789
0 0.395020 0.412842 0.034180 0.025879
0 0.622558 0.387451 0.016602 0.010254
0 1.346680 0.384766 0.019532 0.010742
0 1.546876 0.384033 0.019532 0.014160
0 1.879882 0.372070 0.013672 0.008789
0 0.277832 0.377930 0.041992 0.030273
0 1.107422 0.362793 0.025390 0.009766
0 0.174316 0.366943 0.034180 0.027832
0 0.092286 0.360596 0.043946 0.037598
0 1.220704 0.345703 0.029296 0.010742
0 1.168946 0.340576 0.021484 0.009277
0 0.476074 0.339111 0.018554 0.009277
0 0.257324 0.329102 0.032226 0.023438
0 1.202148 0.319580 0.011718 0.005371
0 1.255372 0.285645 0.032226 0.013672
0 0.323242 0.284424 0.021484 0.013184
0 0.153320 0.307129 0.089844 0.065430
0 0.243164 0.277100 0.042968 0.030762
0 1.818360 0.215088 0.031250 0.020020
0 1.405274 0.142578 0.027344 0.011719
0 1.538574 0.099365 0.055664 0.019043
0 0.241210 0.267822 0.019532 0.013184
