0 1.277344 0.601074 0.023438 0.010742
0 0.777344 0.402832 0.019532 0.009766
0 0.907226 0.385498 0.015624 0.007324
0 1.212402 0.378906 0.032226 0.009766
0 0.870118 0.367920 0.021484 0.008301
0 1.180176 0.366943 0.030274 0.012207
0 1.520020 0.343750 0.020508 0.013672
0 1.319824 0.342285 0.024414 0.011719
0 1.854004 0.337158 0.016602 0.012207
0 1.047364 0.332520 0.026368 0.008789
0 1.085450 0.314941 0.026368 0.008789
0 1.148926 0.293213 0.024414 0.008301
0 1.331054 0.278564 0.017578 0.007324
0 1.699218 0.237061 0.029296 0.017090
0 1.570312 0.162598 0.060546 0.024414
