0 1.287110 0.627930 0.015624 0.008789
0 1.214844 0.401367 0.029296 0.010742
0 0.712402 0.399414 0.014648 0.006836
0 1.183594 0.390137 0.029296 0.011719
0 1.324218 0.364258 0.021484 0.010742
0 1.522950 0.363770 0.024414 0.016602
0 1.045410 0.357910 0.016602 0.006836
0 1.858398 0.354980 0.015624 0.010742
0 1.082032 0.339355 0.027344 0.008789
0 0.526856 0.334717 0.020508 0.011230
0 0.400390 0.334717 0.031250 0.020996
0 1.328124 0.299805 0.019532 0.008789
0 0.239746 0.292236 0.040040 0.025879
0 0.124024 0.286133 0.048828 0.034180
0 0.385742 0.274414 0.025390 0.014648
0 0.307128 0.250488 0.020508 0.011719
0 0.241700 0.241455 0.043946 0.030762
0 0.228028 0.229248 0.022460 0.012207
0 1.694824 0.229492 0.030274 0.016602
0 0.178710 0.240234 0.089844 0.064453
0 1.521972 0.165039 0.059570 0.023438
0 1.223144 0.257568 0.016602 0.007324
0 0.782226 0.410889 0.023438 0.011230
0 0.666016 0.381348 0.019532 0.012695
