0 0.962890 0.961426 0.132812 0.014648
0 0.891114 0.945557 0.139648 0.022949
0 1.225098 0.782959 0.041992 0.015137
0 1.271972 0.585205 0.024414 0.013184
0 1.018066 0.368896 0.020508 0.007324
0 0.819824 0.367432 0.022460 0.008301
0 0.909668 0.365234 0.014648 0.006836
0 1.172852 0.358887 0.035156 0.010742
0 1.135254 0.348145 0.034180 0.011719
0 1.009766 0.344727 0.029296 0.016602
0 0.992676 0.321533 0.024414 0.009277
0 1.277344 0.318604 0.025390 0.010254
0 1.477050 0.313232 0.018554 0.009277
0 1.027832 0.300781 0.026368 0.008789
0 1.088868 0.276367 0.023438 0.007812
0 1.272950 0.254883 0.028320 0.009766
0 0.737304 0.383789 0.021484 0.010742
