0 0.737304 0.950439 0.078124 0.021973
0 0.712890 0.827637 0.033204 0.011719
0 0.627442 0.736084 0.053710 0.046387
0 0.131836 0.690674 0.068360 0.025879
0 0.231934 0.668457 0.028320 0.017578
0 0.358886 0.648438 0.061524 0.025391
0 0.080566 0.625732 0.077148 0.052246
0 0.705078 0.597412 0.023438 0.011230
0 0.434082 0.603271 0.053710 0.028809
0 0.596192 0.521240 0.041992 0.018066
0 0.316406 0.520752 0.054688 0.035645
0 0.618164 0.468994 0.046876 0.024902
0 0.476562 0.451172 0.027344 0.017578
0 0.541504 0.422852 0.020508 0.016602
0 1.208496 0.413086 0.018554 0.010742
0 0.273438 0.424561 0.064454 0.044434
0 0.806640 0.392090 0.011718 0.006836
0 0.363770 0.396973 0.026368 0.023438
0 0.506348 0.397217 0.047852 0.024902
0 1.169922 0.388184 0.023438 0.009766
0 0.741210 0.368652 0.013672 0.007812
0 1.188476 0.364990 0.019532 0.008301
0 0.662110 0.346436 0.017578 0.009277
0 0.410156 0.353516 0.044922 0.028320
0 1.224610 0.344727 0.027344 0.011719
0 0.492676 0.337402 0.024414 0.015625
0 0.284180 0.344727 0.044922 0.033203
0 0.204590 0.344238 0.053710 0.034180
0 1.285156 0.321777 0.027344 0.012695
0 1.470214 0.305176 0.018554 0.009766
0 0.372070 0.313477 0.044922 0.029297
0 0.136230 0.313721 0.051758 0.040527
0 0.425292 0.281494 0.022460 0.013184
0 0.437988 0.267578 0.018554 0.009766
0 0.364746 0.272217 0.041992 0.024902
0 0.169434 0.258789 0.043946 0.027344
0 0.297852 0.272949 0.126954 0.097656
0 0.336914 0.251709 0.023438 0.013184
