0 1.145996 0.795166 0.053710 0.016113
0 1.109376 0.741455 0.033204 0.010254
0 1.144042 0.658203 0.020508 0.009766
0 1.313476 0.657715 0.029296 0.013672
0 0.289062 0.611816 0.009766 0.009766
0 0.468262 0.533203 0.036132 0.024414
0 0.201660 0.515625 0.053710 0.063477
0 0.491700 0.488525 0.040040 0.030762
0 0.832032 0.463379 0.013672 0.006836
0 0.356934 0.460938 0.024414 0.018555
0 0.987304 0.449219 0.015624 0.007812
0 1.239258 0.432129 0.025390 0.009766
0 1.206542 0.419922 0.028320 0.011719
0 0.160644 0.429688 0.061524 0.042969
0 0.688964 0.410400 0.016602 0.008301
0 0.395508 0.406494 0.037110 0.026855
0 1.346192 0.393311 0.018554 0.011230
0 1.547852 0.394531 0.019532 0.015625
0 1.881836 0.386230 0.017578 0.017578
0 1.104980 0.369629 0.022460 0.007812
0 0.280762 0.373535 0.040040 0.029297
0 0.180176 0.358643 0.028320 0.029785
0 1.168458 0.346680 0.022460 0.010742
0 1.227540 0.347412 0.023438 0.013184
0 0.096192 0.350830 0.049804 0.039551
0 1.354004 0.327881 0.022460 0.011230
0 1.195800 0.324707 0.018554 0.007812
0 0.264160 0.323242 0.034180 0.021484
0 1.250976 0.298096 0.029296 0.012207
0 0.162598 0.298340 0.092774 0.064453
0 0.248046 0.274658 0.031250 0.019043
0 1.819824 0.226074 0.016602 0.009766
0 1.406250 0.154541 0.025390 0.009277
0 1.539062 0.110840 0.039062 0.013672
0 1.247558 0.285156 0.016602 0.007812
0 0.738770 0.502441 0.016602 0.010742
