0 0.695800 0.856445 0.034180 0.009766
0 0.612792 0.763428 0.049804 0.041504
0 0.226074 0.687256 0.032226 0.027832
0 0.134278 0.692871 0.061524 0.042969
0 0.355468 0.665039 0.070312 0.039062
0 0.702636 0.627930 0.020508 0.010742
0 0.419922 0.607422 0.052734 0.030273
0 0.063964 0.608154 0.067382 0.050293
0 0.594238 0.534180 0.041992 0.019531
0 1.339844 0.521729 0.013672 0.008301
0 0.318848 0.519531 0.055664 0.037109
0 0.627930 0.483154 0.042968 0.024902
0 1.848144 0.479980 0.016602 0.029297
0 1.375976 0.452881 0.023438 0.011230
0 0.493652 0.455811 0.024414 0.018066
0 1.782714 0.453613 0.028320 0.023438
0 1.342774 0.439941 0.025390 0.011719
0 0.471680 0.433350 0.017578 0.013184
0 1.482910 0.417725 0.016602 0.009277
0 0.309082 0.422852 0.041992 0.041016
0 1.208496 0.404541 0.016602 0.008301
0 0.537110 0.406738 0.025390 0.018555
0 0.398926 0.403809 0.024414 0.015625
0 0.771484 0.390869 0.015624 0.007324
0 1.247070 0.387451 0.023438 0.011230
0 0.126954 0.384521 0.044922 0.040527
0 1.311524 0.366699 0.027344 0.013672
0 0.699708 0.365479 0.022460 0.011230
0 0.449708 0.357910 0.043946 0.026367
0 1.497070 0.354004 0.033204 0.021484
0 0.520020 0.341309 0.026368 0.015625
0 0.321290 0.345215 0.046876 0.028320
0 0.635254 0.332764 0.020508 0.008301
0 0.245118 0.338379 0.046876 0.035156
0 0.417480 0.317627 0.028320 0.020020
0 0.504882 0.301270 0.023438 0.011719
0 0.187988 0.310303 0.061524 0.041504
0 0.490234 0.275879 0.017578 0.007812
0 0.432128 0.270020 0.030274 0.015625
0 0.322266 0.289795 0.082032 0.059082
0 0.406250 0.252197 0.044922 0.017090
0 0.227540 0.251953 0.044922 0.026367
0 0.087890 0.405273 0.021484 0.023438
0 1.687500 0.420898 0.017578 0.012695
