0 0.745606 0.948975 0.098632 0.019043
0 0.716796 0.823730 0.025390 0.009766
0 0.630372 0.733398 0.053710 0.048828
0 0.128906 0.687256 0.087890 0.042480
0 0.225586 0.665039 0.033204 0.033203
0 0.350586 0.645508 0.062500 0.039062
0 0.698242 0.594971 0.019532 0.011230
0 0.055176 0.598877 0.071290 0.055176
0 0.411622 0.583008 0.051758 0.029297
0 0.579102 0.505127 0.039062 0.020996
0 0.295898 0.501709 0.062500 0.029785
0 0.602050 0.453613 0.045898 0.025391
0 0.467286 0.432373 0.028320 0.020020
0 0.560058 0.409668 0.012696 0.006836
0 0.263184 0.399658 0.065430 0.042480
0 0.356446 0.380127 0.025390 0.019043
0 0.513184 0.369629 0.059570 0.046875
0 0.660156 0.332275 0.019532 0.011230
0 0.404786 0.338135 0.038086 0.024902
0 0.495606 0.322021 0.022460 0.014160
0 0.282226 0.324951 0.039062 0.027832
0 0.369140 0.296143 0.023438 0.015137
0 0.132324 0.293701 0.055664 0.037598
0 0.519042 0.274414 0.016602 0.006836
0 0.213378 0.302979 0.100586 0.074707
0 0.279786 0.254150 0.053710 0.020996
0 0.430176 0.254883 0.049804 0.028320
0 0.374024 0.247803 0.031250 0.018066
0 0.162110 0.250244 0.052734 0.047363
0 0.341308 0.230225 0.024414 0.014160
