0 1.070312 0.967285 0.054688 0.017578
0 0.861816 0.912109 0.077148 0.012695
0 0.872558 0.827393 0.045898 0.011230
0 1.470214 0.813721 0.047852 0.018066
0 0.568848 0.748047 0.026368 0.011719
0 0.562988 0.671631 0.077148 0.041504
0 0.055176 0.614990 0.065430 0.037598
0 0.134278 0.592041 0.038086 0.033691
0 1.334472 0.567383 0.022460 0.012695
0 0.269042 0.577393 0.069336 0.046387
0 0.610352 0.529541 0.019532 0.013184
0 0.129882 0.522949 0.054688 0.027344
0 0.326660 0.515869 0.059570 0.036621
0 1.967774 0.502686 0.025390 0.014160
0 0.066894 0.440674 0.014648 0.014160
0 0.498046 0.443359 0.039062 0.027344
0 0.226074 0.430664 0.057618 0.033203
0 0.631836 0.388916 0.023438 0.015137
0 0.501464 0.392822 0.090820 0.024902
0 0.858398 0.355469 0.013672 0.006836
0 0.559082 0.350586 0.012696 0.005859
0 0.653320 0.349365 0.025390 0.012207
0 0.836426 0.347412 0.024414 0.009277
0 0.193848 0.337646 0.059570 0.037598
0 0.416504 0.315918 0.047852 0.034180
0 0.580566 0.270508 0.016602 0.006836
0 0.319824 0.283936 0.049804 0.035645
0 0.209472 0.260254 0.063476 0.043945
0 0.516114 0.238525 0.018554 0.009277
0 0.299804 0.225830 0.027344 0.015137
0 0.152344 0.243164 0.089844 0.079102
0 0.441894 0.208008 0.018554 0.011719
0 0.369140 0.183594 0.021484 0.008789
0 0.233886 0.186523 0.065430 0.028320
0 0.290040 0.157959 0.015624 0.008301
