0 0.999512 0.949707 0.053710 0.014648
0 0.875000 0.926025 0.146484 0.016113
0 0.686524 0.834961 0.062500 0.015625
0 0.505372 0.765137 0.030274 0.013672
0 0.494628 0.686523 0.075196 0.041016
0 0.186524 0.595459 0.060546 0.047363
0 1.252442 0.577148 0.026368 0.012695
0 0.532714 0.542725 0.022460 0.013184
0 0.041016 0.547119 0.019532 0.024902
0 0.251464 0.538330 0.043946 0.030762
0 1.032714 0.351074 0.024414 0.009766
0 0.965820 0.347168 0.029296 0.011719
0 0.833008 0.341553 0.025390 0.009277
0 1.172852 0.341309 0.070312 0.025391
0 1.501954 0.314209 0.027344 0.014160
0 1.297852 0.311279 0.025390 0.011230
0 1.051758 0.284424 0.027344 0.008301
0 1.118164 0.261963 0.019532 0.007324
0 1.314454 0.250000 0.011718 0.004883
0 1.759278 0.252441 0.022460 0.013672
0 1.148438 0.242432 0.019532 0.007324
0 1.333984 0.116699 0.033204 0.010742
0 1.454590 0.085205 0.034180 0.011230
0 0.925782 0.343262 0.017578 0.005859
0 0.061036 0.615479 0.041992 0.044434
