0 0.931640 0.966309 0.046876 0.008789
0 1.115234 0.882812 0.089844 0.016602
0 0.686036 0.815674 0.034180 0.011230
0 0.662110 0.733154 0.062500 0.040527
0 0.121094 0.684570 0.087890 0.031250
0 0.220704 0.660156 0.029296 0.028320
0 0.346680 0.642090 0.066406 0.040039
0 1.255860 0.617432 0.017578 0.009277
0 0.693360 0.591309 0.019532 0.010742
0 0.047364 0.596924 0.063476 0.056152
0 0.408204 0.581787 0.058594 0.027832
0 0.574708 0.505127 0.040040 0.019043
0 0.104980 0.499756 0.026368 0.016113
0 0.306640 0.497559 0.052734 0.036133
0 0.260254 0.485596 0.018554 0.017090
0 0.583496 0.455811 0.065430 0.020996
0 0.836914 0.435547 0.021484 0.007812
0 0.464844 0.430176 0.025390 0.017578
0 0.683594 0.427002 0.021484 0.014160
0 0.603028 0.388916 0.020508 0.011230
0 0.265136 0.401123 0.063476 0.038574
0 0.493652 0.379883 0.032226 0.023438
0 0.601074 0.357666 0.032226 0.015137
0 0.093750 0.370361 0.068360 0.042480
0 0.388672 0.344727 0.042968 0.022461
0 0.275390 0.321777 0.037110 0.029297
0 0.187988 0.321045 0.061524 0.032715
0 0.361328 0.293701 0.035156 0.021973
0 0.127442 0.292480 0.055664 0.046875
0 0.510742 0.271973 0.021484 0.009766
0 0.429200 0.248047 0.024414 0.012695
0 0.264648 0.270020 0.078124 0.062500
0 0.347656 0.238037 0.076172 0.034668
0 0.165528 0.232666 0.040040 0.029785
0 0.728028 0.353516 0.020508 0.010742
