0 0.434570 0.842773 0.058594 0.044922
0 0.174316 0.750732 0.075196 0.044434
0 0.527832 0.709229 0.014648 0.010254
0 0.238770 0.692871 0.059570 0.033203
0 0.317382 0.639160 0.025390 0.025391
0 0.412598 0.618408 0.041992 0.025879
0 1.645020 0.612305 0.022460 0.015625
0 0.140624 0.608398 0.050782 0.037109
0 0.055176 0.596191 0.014648 0.016602
0 1.462890 0.563965 0.015624 0.012695
0 0.441894 0.565186 0.043946 0.025879
0 1.883790 0.503418 0.017578 0.028320
0 1.300292 0.493408 0.016602 0.012207
0 1.838868 0.493896 0.011718 0.019043
0 1.467286 0.453857 0.028320 0.022949
0 1.937988 0.400879 0.040040 0.028320
0 1.789550 0.331055 0.026368 0.023438
0 1.844726 0.303955 0.029296 0.024902
0 1.789550 0.252441 0.024414 0.015625
