0 0.466796 0.817139 0.058594 0.046387
0 1.104980 0.734375 0.024414 0.007812
0 1.282714 0.735840 0.034180 0.014648
0 0.209960 0.720459 0.064454 0.042480
0 0.565430 0.684082 0.017578 0.008789
0 0.276368 0.661621 0.060546 0.038086
0 0.456542 0.590576 0.036132 0.023926
0 1.689454 0.583984 0.023438 0.017578
0 0.183106 0.578857 0.047852 0.033691
0 1.438964 0.559814 0.018554 0.011230
0 0.147460 0.541260 0.011718 0.017090
0 0.485840 0.539551 0.040040 0.023438
0 0.353028 0.512451 0.028320 0.021973
0 0.172852 0.485596 0.017578 0.014160
0 1.543458 0.480713 0.012696 0.008301
0 1.345214 0.476562 0.020508 0.012695
0 1.918458 0.476562 0.028320 0.039062
0 1.539062 0.452881 0.041016 0.024902
0 1.970214 0.385498 0.014648 0.020020
0 1.836426 0.321533 0.018554 0.016113
0 1.897950 0.295898 0.045898 0.041992
0 1.847168 0.245361 0.030274 0.020996
