0 1.051270 0.876709 0.065430 0.016113
0 0.660156 0.801270 0.039062 0.014648
0 0.643066 0.720459 0.063476 0.040527
0 0.100586 0.672852 0.060546 0.035156
0 0.207032 0.649170 0.037110 0.033691
0 0.338868 0.634766 0.060546 0.036133
0 1.235840 0.612549 0.018554 0.010254
0 0.683594 0.579834 0.019532 0.012207
0 0.038086 0.593506 0.056640 0.057129
0 0.397950 0.571045 0.059570 0.033691
0 0.563476 0.493896 0.037110 0.020996
0 0.230958 0.478516 0.016602 0.017578
0 0.287598 0.484131 0.047852 0.032715
0 0.559570 0.442139 0.095704 0.021973
0 0.853516 0.427490 0.017578 0.006348
0 0.680664 0.418457 0.027344 0.018555
0 0.453124 0.420166 0.027344 0.025879
0 0.607422 0.384277 0.017578 0.010742
0 0.254394 0.386963 0.067382 0.046387
0 0.787598 0.364258 0.014648 0.006836
0 0.618164 0.353760 0.031250 0.016113
0 0.722168 0.341064 0.014648 0.006348
0 0.495606 0.357910 0.061524 0.040039
0 0.085938 0.356445 0.060546 0.045898
0 0.380860 0.331543 0.052734 0.029297
0 0.264160 0.313477 0.049804 0.029297
0 0.356446 0.278076 0.031250 0.019043
0 0.125000 0.283691 0.048828 0.033203
0 0.424316 0.235107 0.018554 0.008301
0 0.206054 0.289307 0.117188 0.075684
0 0.271972 0.239990 0.057618 0.027832
0 0.317382 0.233643 0.039062 0.021973
