0 0.730958 0.938477 0.053710 0.016602
0 0.697266 0.813477 0.037110 0.013672
0 0.611328 0.724609 0.052734 0.046875
0 0.116700 0.678711 0.079102 0.036133
0 0.210938 0.655762 0.041016 0.036133
0 0.334472 0.636963 0.063476 0.041504
0 1.239746 0.610352 0.012696 0.005859
0 0.680664 0.584229 0.019532 0.011230
0 0.038086 0.598633 0.050782 0.057617
0 0.393554 0.577881 0.054688 0.029785
0 0.564454 0.496826 0.039062 0.018066
0 0.277832 0.493408 0.063476 0.034668
0 0.581054 0.444580 0.041016 0.020020
0 0.582032 0.400635 0.021484 0.014160
0 0.250976 0.395752 0.048828 0.041504
0 0.775878 0.370850 0.014648 0.007324
0 0.326172 0.374268 0.023438 0.020996
0 0.471680 0.373047 0.039062 0.025391
0 0.380372 0.329346 0.045898 0.030762
0 0.475586 0.320068 0.029296 0.017090
0 0.252930 0.320801 0.035156 0.025391
0 0.560546 0.299072 0.013672 0.006348
0 0.175782 0.314697 0.082032 0.045410
0 0.338868 0.291992 0.031250 0.021484
0 0.227540 0.286377 0.033204 0.020020
0 0.111328 0.291992 0.044922 0.038086
0 0.381348 0.254639 0.030274 0.016113
0 0.252442 0.253662 0.051758 0.026855
0 0.337890 0.246094 0.039062 0.023438
0 0.407226 0.246338 0.021484 0.010254
