0 0.760254 0.869141 0.040040 0.011719
0 0.655274 0.779297 0.054688 0.041992
0 0.164062 0.724609 0.060546 0.037109
0 0.250976 0.714355 0.037110 0.026367
0 0.378906 0.691162 0.072266 0.038574
0 1.463378 0.658203 0.032226 0.018555
0 0.723632 0.641602 0.017578 0.008789
0 0.079102 0.641602 0.076172 0.049805
0 0.435058 0.628418 0.059570 0.032227
0 0.599122 0.550049 0.047852 0.020020
0 0.325196 0.540527 0.050782 0.036133
0 1.347168 0.500977 0.014648 0.008789
0 0.624512 0.495361 0.043946 0.023926
0 0.489258 0.471436 0.025390 0.020020
0 0.458008 0.451660 0.017578 0.011719
0 1.207520 0.442627 0.014648 0.006348
0 1.156250 0.430908 0.015624 0.008301
0 1.357422 0.431396 0.021484 0.010254
0 1.836914 0.432861 0.017578 0.016113
0 0.300292 0.438965 0.045898 0.047852
0 0.388184 0.422363 0.020508 0.015625
0 1.325684 0.421143 0.032226 0.015137
0 0.531250 0.419189 0.031250 0.020020
0 1.761718 0.405762 0.025390 0.021484
0 0.116210 0.409424 0.054688 0.044434
0 1.456054 0.388428 0.017578 0.010254
0 0.686524 0.374512 0.013672 0.006836
0 0.434570 0.373535 0.041016 0.026367
0 0.307618 0.363037 0.046876 0.033691
0 0.504394 0.353027 0.026368 0.017578
0 0.224122 0.358154 0.057618 0.031738
0 0.620606 0.342041 0.016602 0.009277
0 0.401856 0.333740 0.030274 0.020020
0 0.490234 0.313232 0.023438 0.013184
0 0.553222 0.310791 0.022460 0.012207
0 0.170410 0.326172 0.061524 0.042969
0 0.473144 0.288086 0.028320 0.015625
0 0.302246 0.307373 0.079102 0.061035
0 0.411622 0.283447 0.028320 0.015137
0 0.204102 0.271729 0.041016 0.023926
0 0.080078 0.428711 0.019532 0.018555
0 1.659668 0.378662 0.014648 0.008301
