0 0.416992 0.843262 0.066406 0.044922
0 1.227540 0.758057 0.013672 0.006348
0 1.051758 0.755371 0.033204 0.007812
0 0.132324 0.734131 0.067382 0.055176
0 0.495606 0.705078 0.018554 0.011719
0 0.208008 0.680176 0.060546 0.040039
0 0.292968 0.629639 0.029296 0.020996
0 1.626464 0.626465 0.022460 0.016602
0 0.388672 0.608887 0.042968 0.030273
0 0.118652 0.596680 0.047852 0.034180
0 0.796386 0.583008 0.014648 0.008789
0 1.469726 0.567627 0.013672 0.007324
0 0.961914 0.555908 0.011718 0.006348
0 0.422852 0.558105 0.042968 0.023438
0 1.823730 0.509033 0.010742 0.005371
0 1.872558 0.523193 0.024414 0.035645
0 1.488770 0.507568 0.014648 0.013184
0 1.285156 0.501221 0.015624 0.010254
0 1.440918 0.458984 0.028320 0.022461
0 1.933106 0.417969 0.049804 0.037109
0 1.963378 0.376221 0.020508 0.028809
0 1.783692 0.348877 0.024414 0.021973
0 1.838378 0.320557 0.032226 0.028809
0 1.785644 0.265381 0.022460 0.018066
