0 0.442382 0.836426 0.054688 0.044922
0 1.078124 0.746826 0.021484 0.008301
0 0.182618 0.742676 0.068360 0.043945
0 0.534668 0.702637 0.026368 0.014648
0 0.247558 0.684326 0.061524 0.038574
0 0.324708 0.634766 0.018554 0.014648
0 1.654786 0.604492 0.024414 0.016602
0 0.424804 0.609619 0.037110 0.028809
0 0.149902 0.601562 0.047852 0.035156
0 0.075196 0.582031 0.017578 0.024414
0 0.453614 0.558838 0.043946 0.028809
0 1.850098 0.490479 0.010742 0.010254
0 1.512696 0.492188 0.013672 0.016602
0 1.311036 0.489014 0.012696 0.010254
0 1.893554 0.500488 0.027344 0.035156
0 1.487304 0.453613 0.021484 0.018555
0 1.325684 0.422607 0.014648 0.010254
0 1.952636 0.401611 0.043946 0.037598
0 1.805176 0.332520 0.014648 0.010742
0 1.856934 0.301758 0.030274 0.023438
0 1.802246 0.250488 0.024414 0.015625
