0 1.028808 0.870117 0.071290 0.014648
0 0.633300 0.788818 0.032226 0.012207
0 0.606934 0.715088 0.090820 0.051270
0 0.098632 0.652344 0.089844 0.039062
0 0.195800 0.633301 0.034180 0.036133
0 0.324708 0.617432 0.059570 0.041504
0 0.672852 0.571045 0.015624 0.010254
0 0.027344 0.577148 0.042968 0.059570
0 0.389648 0.557373 0.056640 0.032715
0 0.556152 0.483154 0.043946 0.020020
0 0.288086 0.472412 0.056640 0.039551
0 0.567382 0.433105 0.070312 0.024414
0 0.863770 0.421631 0.020508 0.007324
0 0.677734 0.414551 0.025390 0.014648
0 0.450196 0.405273 0.027344 0.020508
0 0.612304 0.377197 0.023438 0.016113
0 0.252930 0.374512 0.064454 0.040039
0 0.784668 0.356689 0.014648 0.006348
0 0.482422 0.356201 0.031250 0.022949
0 0.630860 0.349854 0.035156 0.017090
0 0.082520 0.343018 0.061524 0.040527
0 0.377930 0.320801 0.044922 0.027344
0 0.645508 0.310303 0.019532 0.009277
0 0.261718 0.302734 0.050782 0.028320
0 0.359376 0.265381 0.041016 0.024902
0 0.126954 0.268066 0.042968 0.033203
0 0.423340 0.225098 0.010742 0.004883
0 0.250000 0.244385 0.203124 0.133301
