0 0.703124 0.899658 0.035156 0.010254
0 0.611328 0.765381 0.033204 0.013184
0 0.547852 0.680176 0.048828 0.040039
0 0.058594 0.628662 0.068360 0.051270
0 0.148438 0.605713 0.042968 0.039551
0 0.266602 0.589844 0.060546 0.042969
0 1.339844 0.572021 0.023438 0.017090
0 0.613282 0.539795 0.019532 0.014160
0 0.144042 0.536133 0.040040 0.030273
0 0.328614 0.529297 0.057618 0.035156
0 0.497558 0.448730 0.034180 0.024414
0 0.213378 0.444824 0.067382 0.038086
0 0.018554 0.430664 0.013672 0.010742
0 0.754394 0.401611 0.012696 0.006348
0 0.524414 0.394775 0.056640 0.049316
0 0.853516 0.364014 0.011718 0.006348
0 0.681152 0.359619 0.012696 0.006348
0 0.405274 0.336426 0.041016 0.036133
0 0.195800 0.345703 0.059570 0.054688
0 0.258790 0.320801 0.017578 0.012695
0 0.651368 0.303955 0.019532 0.009277
0 0.575196 0.282227 0.019532 0.009766
0 0.445800 0.282715 0.034180 0.021484
0 0.320800 0.281250 0.032226 0.027344
0 0.196290 0.287842 0.046876 0.041504
0 0.108398 0.286133 0.066406 0.054688
0 0.508300 0.250488 0.016602 0.008789
0 0.283204 0.242920 0.021484 0.014160
0 0.161622 0.236328 0.036132 0.024414
0 0.435058 0.220459 0.022460 0.010254
0 0.324708 0.199951 0.051758 0.020996
0 0.292968 0.186523 0.042968 0.035156
0 0.232422 0.188232 0.107422 0.063965
0 0.833008 0.356201 0.027344 0.010254
