0 0.930176 0.967529 0.038086 0.010254
0 1.119140 0.884033 0.083984 0.014160
0 0.681640 0.814941 0.035156 0.010742
0 0.657714 0.730957 0.059570 0.039062
0 0.128418 0.694092 0.088868 0.031738
0 0.227540 0.668701 0.029296 0.027832
0 0.353028 0.649658 0.067382 0.039551
0 1.254394 0.621826 0.012696 0.006348
0 0.697266 0.594482 0.019532 0.010254
0 0.052246 0.607422 0.063476 0.055664
0 0.412598 0.588379 0.057618 0.027344
0 0.104980 0.509521 0.026368 0.016113
0 0.575196 0.509521 0.041016 0.019043
0 0.307128 0.505127 0.053710 0.035645
0 0.260254 0.493652 0.018554 0.017578
0 0.581542 0.460205 0.065430 0.020996
0 0.834472 0.437500 0.020508 0.007812
0 0.461914 0.436035 0.025390 0.017578
0 0.681152 0.430420 0.020508 0.014160
0 0.261718 0.409424 0.062500 0.038574
0 0.597656 0.393555 0.021484 0.011719
0 0.489746 0.385742 0.032226 0.024414
0 0.088378 0.380371 0.069336 0.041992
0 0.595214 0.361328 0.032226 0.016602
0 0.381348 0.351318 0.041992 0.021973
0 0.267578 0.329590 0.035156 0.029297
0 0.180664 0.330566 0.060546 0.032227
0 0.352050 0.300781 0.034180 0.022461
0 0.117676 0.302246 0.055664 0.046875
0 0.501464 0.277100 0.022460 0.010254
0 0.417968 0.253906 0.023438 0.013672
0 0.254394 0.278320 0.077148 0.063477
0 0.335938 0.247070 0.076172 0.034180
0 0.153808 0.242188 0.038086 0.030273
0 0.722168 0.356689 0.022460 0.010254
