0 0.901368 0.935303 0.025390 0.007324
0 0.958984 0.851074 0.064454 0.016602
0 0.607422 0.771484 0.033204 0.013672
0 0.591308 0.694580 0.083008 0.045410
0 0.078124 0.635986 0.095704 0.042480
0 0.169922 0.611084 0.044922 0.044434
0 1.204590 0.589844 0.014648 0.007812
0 1.371582 0.591553 0.026368 0.015137
0 0.304688 0.598877 0.072266 0.046387
0 0.013184 0.564453 0.010742 0.016602
0 0.647460 0.551758 0.019532 0.011719
0 0.186524 0.544434 0.013672 0.013672
0 0.361328 0.538818 0.056640 0.032715
0 0.536622 0.464600 0.043946 0.022949
0 0.258300 0.453125 0.059570 0.033203
0 0.539062 0.413086 0.082032 0.026367
0 0.659180 0.403076 0.027344 0.016113
0 0.424804 0.387939 0.025390 0.020020
0 0.894042 0.379395 0.016602 0.006836
0 0.874024 0.370850 0.013672 0.008301
0 0.596192 0.369873 0.028320 0.017090
0 0.642090 0.348389 0.024414 0.011230
0 0.230468 0.357422 0.058594 0.039062
0 0.759766 0.339844 0.023438 0.010742
0 0.068848 0.337402 0.032226 0.035156
0 0.461426 0.334717 0.053710 0.036621
0 0.622070 0.293701 0.025390 0.012207
0 0.361816 0.302490 0.067382 0.048340
0 0.247070 0.280029 0.068360 0.055176
0 0.335450 0.245605 0.032226 0.023438
0 0.489258 0.227295 0.011718 0.007324
0 0.405762 0.204590 0.014648 0.007812
0 0.212402 0.243896 0.166992 0.097168
0 0.696778 0.314209 0.018554 0.008301
