0 1.090820 0.977295 0.058594 0.018066
0 0.892090 0.831299 0.061524 0.020020
0 1.502930 0.822754 0.054688 0.022461
0 0.576660 0.752686 0.032226 0.014160
0 0.568848 0.674805 0.077148 0.041992
0 0.056640 0.611572 0.080078 0.054199
0 0.150878 0.594482 0.045898 0.046387
0 1.346680 0.572754 0.029296 0.014648
0 0.277832 0.580566 0.069336 0.041016
0 0.620118 0.533203 0.019532 0.013672
0 0.145020 0.523438 0.059570 0.027344
0 0.331542 0.521973 0.067382 0.033203
0 0.507324 0.448242 0.038086 0.019531
0 0.090332 0.438965 0.016602 0.018555
0 0.234864 0.434814 0.059570 0.035645
0 0.641114 0.390381 0.030274 0.018066
0 0.510742 0.395264 0.085938 0.027832
0 0.911622 0.379883 0.028320 0.008789
0 0.397460 0.364990 0.021484 0.019043
0 0.570800 0.355713 0.024414 0.016113
0 0.846680 0.351318 0.021484 0.008301
0 0.652832 0.347168 0.024414 0.012695
0 0.203614 0.337402 0.061524 0.039062
0 0.434082 0.320312 0.045898 0.029297
0 0.595704 0.273438 0.029296 0.013672
0 0.338378 0.282227 0.067382 0.046875
0 0.529786 0.242676 0.016602 0.007812
0 0.232910 0.253906 0.090820 0.058594
0 0.306640 0.228760 0.015624 0.009277
0 0.163086 0.243408 0.107422 0.080566
0 0.245118 0.191406 0.062500 0.029297
