0 0.633300 0.777100 0.034180 0.012207
0 0.558106 0.688965 0.047852 0.044922
0 0.067382 0.628418 0.082032 0.046875
0 0.168458 0.609375 0.057618 0.042969
0 1.186524 0.587402 0.021484 0.009766
0 1.363770 0.585449 0.018554 0.012695
0 0.281250 0.594727 0.062500 0.039062
0 0.635254 0.547852 0.022460 0.012695
0 0.170898 0.539062 0.017578 0.021484
0 0.346680 0.533936 0.064454 0.034668
0 0.520020 0.455566 0.040040 0.023438
0 0.242188 0.449219 0.062500 0.038086
0 0.035644 0.436035 0.012696 0.013672
0 0.816406 0.411865 0.013672 0.007324
0 0.547364 0.403320 0.041992 0.032227
0 0.881836 0.375977 0.017578 0.006836
0 0.654296 0.366943 0.015624 0.007324
0 0.747558 0.335938 0.026368 0.009766
0 0.222656 0.352051 0.058594 0.043945
0 0.429200 0.349365 0.059570 0.051270
0 0.299804 0.321289 0.039062 0.033203
0 0.606934 0.289307 0.014648 0.008301
0 0.470704 0.285156 0.029296 0.015625
0 0.230468 0.285645 0.035156 0.024414
0 0.341796 0.301270 0.058594 0.058594
0 0.543458 0.258057 0.014648 0.009277
0 0.319336 0.246582 0.027344 0.017578
0 0.477540 0.222900 0.021484 0.007324
0 0.174316 0.254150 0.112304 0.072754
0 0.362792 0.207031 0.026368 0.015625
0 0.239746 0.203613 0.061524 0.026367
0 0.329102 0.192871 0.050782 0.035156
0 0.861816 0.367432 0.022460 0.009277
