0 0.748536 0.948975 0.081054 0.017090
0 0.715332 0.823242 0.038086 0.011719
0 0.627930 0.733643 0.052734 0.048340
0 0.127442 0.686523 0.083008 0.039062
0 0.224122 0.665771 0.036132 0.034668
0 0.349610 0.644043 0.060546 0.037109
0 1.250488 0.626221 0.016602 0.009277
0 0.696290 0.593506 0.025390 0.014160
0 0.407714 0.583740 0.055664 0.026855
0 0.054688 0.600586 0.070312 0.063477
0 0.575196 0.503906 0.037110 0.021484
0 0.298828 0.500244 0.052734 0.031738
0 0.599610 0.452148 0.044922 0.024414
0 0.463868 0.431641 0.027344 0.020508
0 0.561524 0.407715 0.017578 0.008789
0 0.261230 0.399170 0.065430 0.043457
0 0.351562 0.380127 0.021484 0.016113
0 0.506348 0.371094 0.051758 0.043945
0 0.656738 0.331543 0.022460 0.012695
0 0.399902 0.341797 0.040040 0.037109
0 0.277344 0.328369 0.033204 0.024902
0 0.494628 0.321289 0.024414 0.015625
0 0.363770 0.295410 0.030274 0.018555
0 0.128906 0.295654 0.062500 0.040527
0 0.219238 0.300537 0.104492 0.076660
0 0.427246 0.254150 0.045898 0.023926
0 0.368164 0.247803 0.037110 0.020996
0 0.158692 0.251465 0.057618 0.047852
0 0.275390 0.253662 0.042968 0.020020
