0 0.642090 0.781250 0.030274 0.011719
0 0.564942 0.690430 0.053710 0.043945
0 0.057128 0.627930 0.049804 0.046875
0 0.168946 0.609863 0.046876 0.038086
0 1.194824 0.592285 0.016602 0.009766
0 0.297852 0.596191 0.070312 0.042969
0 0.012208 0.560303 0.008790 0.016113
0 0.643066 0.551025 0.020508 0.012207
0 0.178222 0.543213 0.010742 0.005371
0 0.351562 0.534668 0.064454 0.035156
0 0.528808 0.458984 0.040040 0.018555
0 0.249024 0.450928 0.056640 0.038574
0 0.043946 0.436279 0.017578 0.017090
0 0.557618 0.400635 0.048828 0.046387
0 0.893066 0.380127 0.010742 0.006348
0 0.871094 0.372070 0.023438 0.009766
0 0.643554 0.370605 0.013672 0.008789
0 0.304688 0.327393 0.029296 0.020996
0 0.444824 0.345947 0.049804 0.040527
0 0.691894 0.315674 0.022460 0.010254
0 0.229980 0.343262 0.055664 0.066406
0 0.615722 0.295654 0.012696 0.006348
0 0.478516 0.287354 0.031250 0.019043
0 0.363770 0.293213 0.045898 0.032715
0 0.242676 0.281494 0.024414 0.015137
0 0.552246 0.262451 0.022460 0.011230
0 0.328124 0.250488 0.029296 0.015625
0 0.163574 0.273926 0.081054 0.066406
0 0.457032 0.237793 0.017578 0.010742
0 0.223632 0.235596 0.031250 0.024902
0 0.376464 0.211426 0.016602 0.008789
0 0.245606 0.209473 0.061524 0.025391
0 0.404786 0.206299 0.024414 0.011230
0 0.308106 0.187500 0.063476 0.027344
