0 1.264160 0.586426 0.026368 0.013672
0 0.812500 0.390137 0.019532 0.009766
0 1.021972 0.366211 0.020508 0.006836
0 0.820312 0.364746 0.023438 0.008789
0 1.158692 0.353271 0.067382 0.021973
0 1.281738 0.318848 0.024414 0.011719
0 1.483886 0.315430 0.028320 0.014648
0 1.032714 0.298340 0.032226 0.008789
0 1.095214 0.275635 0.024414 0.007324
0 1.275878 0.252686 0.026368 0.009277
0 1.648926 0.219482 0.038086 0.020996
0 1.538574 0.142578 0.073242 0.031250
0 1.165528 0.214600 0.018554 0.007324
0 0.738770 0.381348 0.022460 0.011719
