0 0.896972 0.938965 0.010742 0.005859
0 0.977050 0.858887 0.071290 0.011719
0 0.609376 0.774414 0.027344 0.010742
0 0.591308 0.698730 0.079102 0.043945
0 0.081054 0.635742 0.089844 0.042969
0 0.172852 0.616699 0.037110 0.044922
0 1.211426 0.595703 0.018554 0.009766
0 0.302246 0.602295 0.053710 0.037598
0 0.653808 0.555664 0.020508 0.011719
0 0.015624 0.561035 0.017578 0.031250
0 0.196290 0.548828 0.011718 0.014648
0 0.372070 0.541260 0.056640 0.033691
0 0.538574 0.468506 0.032226 0.020020
0 0.270996 0.458252 0.045898 0.030762
0 0.545898 0.418213 0.089844 0.024902
0 0.666992 0.404297 0.027344 0.015625
0 0.903320 0.384277 0.013672 0.006836
0 0.432618 0.390625 0.027344 0.020508
0 0.885254 0.375977 0.020508 0.008789
0 0.605958 0.371094 0.014648 0.009766
0 0.645020 0.345947 0.018554 0.010254
0 0.765136 0.343506 0.024414 0.011230
0 0.236328 0.356934 0.070312 0.046875
0 0.078614 0.337646 0.028320 0.030762
0 0.465332 0.345459 0.075196 0.062988
0 0.629394 0.295410 0.014648 0.008789
0 0.369140 0.303711 0.052734 0.031250
0 0.254882 0.283203 0.056640 0.034180
0 0.563476 0.264893 0.025390 0.011230
0 0.342286 0.251709 0.028320 0.015137
0 0.493164 0.231445 0.021484 0.008789
0 0.209472 0.248779 0.153320 0.093262
0 0.423340 0.203613 0.014648 0.007812
0 0.302246 0.207031 0.026368 0.014648
0 0.343750 0.182617 0.015624 0.008789
