0 0.984376 0.954834 0.123046 0.016113
0 0.866700 0.933838 0.153320 0.016113
0 1.253418 0.782959 0.032226 0.012207
0 0.515136 0.767578 0.024414 0.010742
0 1.269042 0.576416 0.024414 0.012207
0 1.032226 0.358398 0.019532 0.007812
0 0.927734 0.352539 0.013672 0.005859
0 1.187012 0.353516 0.034180 0.009766
0 0.994628 0.343506 0.030274 0.013184
0 1.152344 0.341553 0.035156 0.013184
0 1.292480 0.314453 0.026368 0.010742
0 1.009766 0.311768 0.021484 0.008301
0 1.491700 0.312988 0.026368 0.015625
0 1.053710 0.290771 0.027344 0.009277
0 1.827148 0.279053 0.019532 0.012207
0 1.111816 0.268311 0.030274 0.009277
0 1.140624 0.248291 0.019532 0.007324
0 1.461914 0.070312 0.025390 0.009766
