0 0.140136 0.691406 0.030274 0.027344
0 1.341796 0.666504 0.025390 0.010742
0 1.171386 0.666748 0.030274 0.010254
0 0.270020 0.674072 0.073242 0.044434
0 0.614746 0.628418 0.022460 0.012695
0 0.334472 0.619141 0.051758 0.025391
0 0.416992 0.550537 0.025390 0.020020
0 0.499024 0.543213 0.041016 0.020996
0 0.052246 0.543945 0.040040 0.024414
0 0.229004 0.537842 0.053710 0.034668
0 0.385254 0.521973 0.022460 0.014648
0 0.523438 0.496338 0.052734 0.024902
0 0.342774 0.489990 0.025390 0.018066
0 0.390624 0.468506 0.023438 0.018066
0 0.839356 0.448486 0.016602 0.007324
0 1.271484 0.438965 0.029296 0.012695
0 1.240234 0.427490 0.029296 0.014160
0 0.541504 0.428711 0.026368 0.017578
0 0.192382 0.440918 0.060546 0.043945
0 0.720704 0.418945 0.019532 0.010742
0 0.416504 0.421143 0.036132 0.021973
0 0.541992 0.409668 0.027344 0.016602
0 1.381348 0.403076 0.022460 0.011230
0 0.465332 0.402588 0.016602 0.013184
0 1.580078 0.401611 0.017578 0.015137
0 0.028320 0.412354 0.033204 0.042480
0 1.915528 0.394287 0.018554 0.019043
0 1.140136 0.376465 0.024414 0.008789
0 0.581542 0.371826 0.016602 0.010254
0 0.314942 0.379639 0.043946 0.034668
0 0.197754 0.367920 0.041992 0.021973
0 1.203124 0.354736 0.019532 0.010254
0 0.126464 0.359619 0.043946 0.036621
0 0.512208 0.343750 0.022460 0.013672
0 0.066406 0.333252 0.033204 0.036621
0 0.306640 0.324707 0.056640 0.035156
0 0.208008 0.294678 0.042968 0.028809
0 0.277832 0.285400 0.026368 0.016113
0 0.279296 0.267090 0.017578 0.012695
0 1.754394 0.234619 0.032226 0.020020
0 1.512696 0.179932 0.058594 0.024902
0 0.184082 0.320801 0.045898 0.038086
0 0.052734 0.435791 0.035156 0.023926
