0 0.689454 0.895020 0.054688 0.015625
0 0.606446 0.762451 0.037110 0.016113
0 0.524414 0.672363 0.058594 0.045898
0 0.049804 0.619873 0.054688 0.041504
0 0.130372 0.592285 0.051758 0.039062
0 0.253418 0.581787 0.071290 0.040527
0 1.329590 0.567383 0.024414 0.015625
0 0.599610 0.531982 0.019532 0.012207
0 0.119140 0.521240 0.056640 0.027832
0 0.312500 0.519531 0.062500 0.034180
0 1.965332 0.499268 0.014648 0.015137
0 0.488282 0.441162 0.039062 0.022949
0 0.204590 0.433838 0.059570 0.044434
0 0.723632 0.395508 0.019532 0.012695
0 0.516602 0.387939 0.062500 0.047363
0 0.375000 0.370361 0.023438 0.016113
0 0.843750 0.356934 0.015624 0.006836
0 0.692872 0.357422 0.012696 0.007812
0 0.395020 0.328125 0.055664 0.042969
0 0.250000 0.308105 0.017578 0.013672
0 0.645508 0.295898 0.017578 0.006836
0 0.196290 0.328613 0.078124 0.079102
0 0.122558 0.264648 0.020508 0.016602
0 0.570800 0.272461 0.028320 0.013672
0 0.312500 0.271484 0.044922 0.030273
0 0.465332 0.274414 0.079102 0.039062
0 0.188964 0.276123 0.049804 0.044434
0 0.179200 0.224854 0.032226 0.020020
0 0.279296 0.232910 0.039062 0.023438
0 0.426758 0.208740 0.039062 0.018066
0 0.321290 0.190918 0.031250 0.016602
0 0.285644 0.177979 0.051758 0.032715
0 0.821778 0.349121 0.018554 0.007812
0 0.347656 0.190430 0.017578 0.009766
