0 0.968262 0.990234 0.061524 0.007812
0 1.207032 0.895752 0.089844 0.022949
0 0.714356 0.842041 0.041992 0.012207
0 0.670898 0.769043 0.093750 0.056641
0 0.159668 0.718018 0.047852 0.031738
0 0.250000 0.699951 0.029296 0.022949
0 0.377930 0.678711 0.068360 0.035156
0 0.072754 0.641846 0.065430 0.049316
0 0.718750 0.619873 0.019532 0.011230
0 0.432618 0.616211 0.058594 0.028320
0 0.132324 0.541992 0.051758 0.028320
0 0.592774 0.535889 0.044922 0.021973
0 0.316894 0.529053 0.069336 0.047363
0 0.607910 0.485840 0.051758 0.019531
0 0.477540 0.460449 0.025390 0.019531
0 0.798340 0.448975 0.018554 0.007324
0 0.684570 0.446533 0.023438 0.012207
0 0.129394 0.430664 0.014648 0.006836
0 0.276368 0.437012 0.064454 0.035156
0 1.202148 0.421143 0.015624 0.008301
0 0.600098 0.415039 0.020508 0.013672
0 1.350586 0.411621 0.029296 0.010742
0 0.501464 0.411865 0.032226 0.020020
0 0.801758 0.404053 0.019532 0.008301
0 1.313964 0.399902 0.020508 0.009766
0 0.097168 0.411621 0.057618 0.043945
0 0.736816 0.381104 0.018554 0.010254
0 1.179688 0.373535 0.019532 0.007812
0 1.452148 0.371582 0.019532 0.010742
0 0.394532 0.376465 0.042968 0.030273
0 0.557128 0.368896 0.032226 0.017090
0 1.654296 0.365723 0.017578 0.013672
0 0.657226 0.361084 0.021484 0.009277
0 0.193848 0.363037 0.034180 0.022949
0 1.216308 0.352783 0.024414 0.010254
0 0.283692 0.360352 0.051758 0.034180
0 0.587890 0.333252 0.017578 0.008301
0 1.274902 0.329102 0.024414 0.010742
0 0.365234 0.326172 0.029296 0.020508
0 0.136230 0.330078 0.055664 0.040039
0 0.249512 0.322754 0.038086 0.031250
0 1.454102 0.307373 0.021484 0.011230
0 0.514648 0.303955 0.017578 0.008301
0 1.343262 0.289551 0.028320 0.012695
0 0.279786 0.290283 0.045898 0.035645
0 0.165528 0.271240 0.038086 0.025879
0 0.349610 0.272705 0.072266 0.034668
0 1.347168 0.269043 0.036132 0.014648
0 0.349122 0.262207 0.020508 0.013672
