0 1.282714 0.601562 0.024414 0.012695
0 0.853028 0.376221 0.014648 0.006348
0 1.197266 0.376465 0.033204 0.010742
0 1.165528 0.365479 0.032226 0.012207
0 1.304688 0.337402 0.025390 0.011719
0 1.026368 0.334961 0.015624 0.006836
0 1.505372 0.335938 0.022460 0.014648
0 1.838868 0.322510 0.017578 0.012207
0 1.059570 0.315918 0.025390 0.008789
0 1.122070 0.292969 0.019532 0.007812
0 1.304688 0.273682 0.015624 0.006348
0 1.152832 0.270996 0.016602 0.006836
0 1.668458 0.218262 0.030274 0.016602
0 1.532226 0.148438 0.070312 0.030273
0 0.767578 0.391113 0.021484 0.010742
