0 1.101074 0.985596 0.061524 0.020020
0 0.883790 0.923828 0.013672 0.006836
0 0.916992 0.839111 0.068360 0.015137
0 1.528320 0.828369 0.025390 0.012207
0 0.584472 0.758057 0.034180 0.015137
0 0.578614 0.682129 0.075196 0.041992
0 0.065430 0.624023 0.083984 0.045898
0 0.161622 0.605225 0.090820 0.038574
0 1.355468 0.578613 0.029296 0.015625
0 0.282714 0.589844 0.077148 0.040039
0 0.629882 0.540039 0.021484 0.011719
0 0.159668 0.533936 0.034180 0.021973
0 0.340820 0.528564 0.060546 0.031738
0 0.515624 0.453857 0.035156 0.020020
0 0.111328 0.445801 0.017578 0.022461
0 0.243164 0.439209 0.054688 0.043457
0 0.646972 0.395752 0.024414 0.016113
0 0.527344 0.396973 0.064454 0.038086
0 0.854004 0.361084 0.020508 0.007324
0 0.403320 0.369385 0.023438 0.025879
0 0.581054 0.359863 0.017578 0.011719
0 0.647950 0.349121 0.024414 0.011719
0 0.218262 0.337646 0.069336 0.055176
0 0.438964 0.329102 0.055664 0.042969
0 0.599122 0.283936 0.016602 0.008301
0 0.335938 0.288818 0.052734 0.030762
0 0.530274 0.253906 0.015624 0.008789
0 0.233886 0.265625 0.065430 0.040039
0 0.460938 0.220947 0.021484 0.009277
0 0.197754 0.230469 0.161132 0.100586
