0 0.703124 0.894287 0.074218 0.017090
0 0.593262 0.762939 0.022460 0.011230
0 0.505372 0.663818 0.077148 0.062988
0 0.095704 0.592773 0.035156 0.059570
0 0.211426 0.587402 0.067382 0.068359
0 0.561524 0.530273 0.013672 0.013672
0 0.084960 0.527588 0.044922 0.018066
0 0.274902 0.526123 0.053710 0.061035
0 1.898926 0.490967 0.032226 0.033691
0 1.927246 0.433105 0.022460 0.026367
0 0.446778 0.435059 0.034180 0.030273
0 0.162598 0.438232 0.053710 0.037598
0 0.629394 0.388672 0.018554 0.013672
0 0.462402 0.388184 0.043946 0.025391
0 0.717774 0.357422 0.015624 0.008789
0 0.322754 0.354980 0.032226 0.033203
0 1.068360 0.335938 0.023438 0.009766
0 1.225098 0.334961 0.034180 0.014648
0 0.133790 0.339355 0.060546 0.045898
0 1.187988 0.321533 0.036132 0.014160
0 0.354004 0.315674 0.043946 0.038574
0 1.535156 0.303467 0.027344 0.017090
0 1.330566 0.299805 0.022460 0.010742
0 0.201172 0.291992 0.029296 0.021484
0 1.062988 0.283447 0.043946 0.019043
0 0.404296 0.276855 0.033204 0.019531
0 1.091308 0.268555 0.028320 0.009766
0 0.520020 0.265381 0.022460 0.013184
0 1.711426 0.255859 0.018554 0.011719
0 0.137208 0.264404 0.051758 0.032715
0 0.263672 0.267090 0.054688 0.041992
0 1.151856 0.249512 0.024414 0.007812
0 0.452148 0.234619 0.011718 0.006348
0 1.341796 0.234131 0.027344 0.012207
0 0.229980 0.228271 0.055664 0.032715
0 0.304200 0.181396 0.020508 0.011230
0 0.275390 0.181885 0.027344 0.017090
0 1.695312 0.166016 0.072266 0.038086
