0 0.672852 0.794189 0.029296 0.009277
0 0.589844 0.703369 0.042968 0.041504
0 0.080078 0.647217 0.058594 0.039551
0 0.186036 0.623291 0.043946 0.046387
0 1.220214 0.598633 0.020508 0.008789
0 0.311524 0.610107 0.066406 0.043457
0 0.662110 0.562988 0.019532 0.011719
0 0.021972 0.562500 0.032226 0.050781
0 0.373046 0.549316 0.058594 0.034180
0 0.546876 0.471436 0.039062 0.018066
0 0.069336 0.452637 0.033204 0.016602
0 0.266114 0.461914 0.059570 0.038086
0 0.568848 0.419189 0.041992 0.025879
0 0.438964 0.397461 0.012696 0.008789
0 0.891114 0.380615 0.020508 0.007324
0 0.625488 0.377686 0.020508 0.012207
0 0.837402 0.373047 0.012696 0.005859
0 0.776368 0.350098 0.025390 0.010742
0 0.247558 0.364258 0.051758 0.044922
0 0.471680 0.345215 0.050782 0.025391
0 0.325196 0.341309 0.027344 0.023438
0 0.714356 0.322754 0.014648 0.005859
0 0.638184 0.302002 0.026368 0.012207
0 0.489746 0.295166 0.036132 0.019043
0 0.381836 0.294922 0.046876 0.034180
0 0.250000 0.290527 0.058594 0.025391
0 0.574218 0.269531 0.011718 0.005859
0 0.175292 0.281494 0.069336 0.033691
0 0.343262 0.260498 0.036132 0.024902
0 0.128906 0.258789 0.037110 0.032227
0 0.396484 0.218994 0.029296 0.014160
0 0.344238 0.216553 0.051758 0.028809
0 0.294434 0.200684 0.127930 0.070312
