0 1.209472 0.921143 0.081054 0.024902
0 0.676758 0.849854 0.044922 0.013184
0 0.637208 0.770996 0.094726 0.058594
0 0.229492 0.686523 0.031250 0.024414
0 0.146484 0.696289 0.070312 0.044922
0 0.360352 0.666748 0.070312 0.039551
0 0.709472 0.625732 0.018554 0.010254
0 0.422852 0.605225 0.064454 0.030762
0 0.064942 0.611328 0.075196 0.050781
0 0.150390 0.559814 0.027344 0.013184
0 0.330078 0.547363 0.037110 0.012695
0 0.382324 0.538818 0.018554 0.017090
0 0.602540 0.536621 0.039062 0.015625
0 0.438476 0.513184 0.021484 0.010742
0 0.625000 0.507568 0.048828 0.019043
0 0.492676 0.479980 0.022460 0.021484
0 0.754882 0.461670 0.023438 0.009277
0 0.682618 0.458252 0.023438 0.015137
0 1.222656 0.447021 0.011718 0.006348
0 0.293458 0.461182 0.063476 0.039551
0 0.068848 0.452881 0.026368 0.022949
0 1.374024 0.440674 0.025390 0.012207
0 0.612304 0.432129 0.019532 0.010742
0 1.342286 0.429199 0.028320 0.013672
0 0.517578 0.431641 0.029296 0.018555
0 0.113282 0.429443 0.042968 0.047363
0 1.478516 0.403320 0.019532 0.012695
0 1.684082 0.404053 0.018554 0.016113
0 0.401856 0.398438 0.055664 0.026367
0 0.297364 0.385742 0.047852 0.020508
0 0.675782 0.378662 0.019532 0.009277
0 1.238770 0.377197 0.018554 0.008301
0 0.522460 0.371094 0.027344 0.013672
0 0.215332 0.379639 0.047852 0.037598
0 1.303222 0.355957 0.014648 0.006836
0 0.606446 0.350098 0.021484 0.012695
0 1.489746 0.339844 0.014648 0.007812
0 0.384766 0.346191 0.029296 0.020508
0 0.131348 0.349121 0.073242 0.031250
0 0.282226 0.325439 0.076172 0.064941
0 0.450684 0.299072 0.026368 0.015137
0 0.181152 0.288818 0.045898 0.029785
0 0.373046 0.291748 0.070312 0.038574
0 0.368652 0.279053 0.026368 0.015137
0 0.151368 0.455566 0.025390 0.007812
