0 0.641114 0.888184 0.036132 0.008789
0 0.551758 0.754395 0.029296 0.011719
0 0.478028 0.661865 0.071290 0.047363
0 0.076172 0.575684 0.037110 0.050781
0 1.277832 0.553955 0.022460 0.013184
0 0.198242 0.568604 0.054688 0.060059
0 0.546876 0.521729 0.015624 0.015137
0 0.067872 0.512695 0.045898 0.029297
0 1.890136 0.479492 0.026368 0.011719
0 0.263184 0.502930 0.055664 0.061523
0 1.913574 0.431641 0.018554 0.016602
0 0.438964 0.437256 0.032226 0.037598
0 0.156738 0.421631 0.053710 0.038574
0 0.609376 0.387939 0.023438 0.012207
0 0.461426 0.381592 0.043946 0.024902
0 0.974610 0.369141 0.013672 0.005859
0 1.056640 0.339600 0.023438 0.008301
0 1.192382 0.331055 0.056640 0.022461
0 0.955566 0.320312 0.016602 0.006836
0 1.525390 0.307617 0.019532 0.012695
0 0.137696 0.321777 0.062500 0.057617
0 0.354980 0.303955 0.040040 0.035645
0 0.214356 0.279053 0.032226 0.021973
0 1.080566 0.272705 0.036132 0.010254
0 0.412598 0.273926 0.038086 0.018555
0 1.144532 0.253174 0.031250 0.009277
0 1.703614 0.252930 0.016602 0.009766
0 0.270508 0.259277 0.044922 0.035156
0 0.145996 0.248291 0.040040 0.028809
0 1.176270 0.233398 0.010742 0.005859
0 0.236328 0.218506 0.044922 0.027832
0 1.670410 0.163330 0.067382 0.030762
0 1.044434 0.291504 0.026368 0.009766
0 0.954102 0.330566 0.013672 0.005859
