0 1.193360 0.783691 0.056640 0.015625
0 1.176270 0.736328 0.034180 0.009766
0 1.305664 0.619141 0.029296 0.015625
0 0.893066 0.433594 0.020508 0.008789
0 1.222168 0.393555 0.030274 0.010742
0 1.188964 0.382324 0.032226 0.012695
0 0.604492 0.357178 0.013672 0.006348
0 1.330566 0.355225 0.020508 0.011230
0 1.531250 0.354004 0.021484 0.013672
0 1.052734 0.351562 0.025390 0.008789
0 1.145996 0.339355 0.026368 0.008789
0 0.532226 0.336426 0.013672 0.007812
0 1.089356 0.332520 0.022460 0.007812
0 1.150878 0.309814 0.024414 0.008301
0 0.459472 0.307129 0.024414 0.011719
0 1.333496 0.291260 0.020508 0.009277
0 1.180176 0.289062 0.014648 0.006836
0 0.387208 0.277588 0.014648 0.008301
0 0.306640 0.253174 0.025390 0.015137
0 0.227540 0.241455 0.058594 0.031738
0 1.406738 0.093506 0.038086 0.012207
0 1.271484 0.227783 0.031250 0.011230
0 0.789062 0.409180 0.019532 0.009766
