0 0.969726 0.945557 0.083984 0.015137
0 0.818360 0.912598 0.080078 0.015625
0 0.692872 0.819092 0.043946 0.011230
0 0.490722 0.743408 0.018554 0.010254
0 0.493652 0.664551 0.079102 0.043945
0 1.263184 0.563965 0.022460 0.012695
0 0.188476 0.570801 0.050782 0.041992
0 0.540528 0.523682 0.018554 0.014160
0 0.049804 0.519043 0.021484 0.021484
0 0.252930 0.506836 0.060546 0.044922
0 1.889648 0.479248 0.017578 0.027832
0 0.428222 0.437988 0.034180 0.020508
0 1.903320 0.422852 0.015624 0.016602
0 0.157226 0.422119 0.056640 0.043457
0 0.585450 0.390869 0.026368 0.016113
0 0.437500 0.385986 0.076172 0.022949
0 0.949218 0.350098 0.031250 0.011719
0 0.485840 0.344971 0.016602 0.011230
0 1.046386 0.340576 0.022460 0.009277
0 1.180176 0.331055 0.065430 0.022461
0 0.124512 0.336670 0.065430 0.049316
0 1.305664 0.301025 0.013672 0.006348
0 1.508300 0.303711 0.026368 0.015625
0 0.354004 0.307373 0.041992 0.027832
0 1.028320 0.293457 0.019532 0.007812
0 1.067382 0.272705 0.035156 0.009277
0 0.252930 0.275146 0.037110 0.026855
0 1.653808 0.260010 0.030274 0.019043
0 1.128418 0.253174 0.024414 0.008301
0 1.312988 0.235596 0.022460 0.008301
0 0.148438 0.251221 0.050782 0.041504
0 1.668458 0.195557 0.036132 0.018066
0 1.364258 0.093018 0.046876 0.014160
0 1.436036 0.088867 0.038086 0.012695
0 0.310546 0.359375 0.021484 0.016602
0 0.065918 0.583496 0.030274 0.043945
