0 1.248536 0.929932 0.063476 0.027832
0 0.681152 0.867920 0.032226 0.011230
0 0.639160 0.791992 0.086914 0.056641
0 0.137208 0.727539 0.059570 0.035156
0 0.230958 0.715576 0.026368 0.021973
0 0.352540 0.692871 0.068360 0.041016
0 1.424316 0.675049 0.030274 0.015137
0 0.700196 0.644531 0.015624 0.009766
0 0.056152 0.645752 0.051758 0.051270
0 0.414550 0.631104 0.055664 0.028809
0 0.490234 0.566650 0.025390 0.020020
0 0.577148 0.556396 0.042968 0.020996
0 0.132812 0.552002 0.027344 0.024902
0 0.310546 0.544434 0.048828 0.040039
0 0.385742 0.531006 0.013672 0.018066
0 0.603516 0.505859 0.042968 0.022461
0 0.420898 0.508545 0.031250 0.029785
0 0.475098 0.477539 0.024414 0.018555
0 1.360352 0.460449 0.021484 0.012695
0 0.708496 0.456299 0.022460 0.012207
0 0.656250 0.452393 0.019532 0.014160
0 0.278808 0.448242 0.053710 0.040039
0 1.667968 0.426758 0.013672 0.009766
0 0.053710 0.436035 0.031250 0.032227
0 0.582520 0.426025 0.020508 0.015137
0 1.469238 0.424561 0.016602 0.014160
0 0.504394 0.428467 0.032226 0.021973
0 0.104980 0.417236 0.047852 0.050293
0 0.400878 0.392334 0.040040 0.022949
0 1.298828 0.374023 0.021484 0.009766
0 1.276856 0.372803 0.016602 0.009277
0 1.475586 0.356689 0.011718 0.006348
0 0.492188 0.356934 0.027344 0.017578
0 0.201172 0.364990 0.060546 0.034668
0 0.603028 0.349365 0.016602 0.008301
0 0.382324 0.337646 0.028320 0.020996
0 0.134278 0.337402 0.065430 0.041992
0 0.455078 0.295166 0.025390 0.015137
0 0.364258 0.291016 0.027344 0.017578
0 0.299316 0.302490 0.045898 0.043457
0 0.374024 0.271729 0.023438 0.014160
0 0.190918 0.271729 0.049804 0.031738
0 0.264648 0.330078 0.037110 0.037109
0 0.130372 0.441650 0.022460 0.021973
