0 0.757324 0.974121 0.083008 0.017578
0 0.740722 0.849121 0.041992 0.011719
0 0.652344 0.758545 0.058594 0.051270
0 0.158692 0.708496 0.077148 0.047852
0 0.251954 0.694824 0.033204 0.026367
0 0.377930 0.672119 0.068360 0.034668
0 0.721192 0.621582 0.026368 0.013672
0 0.072266 0.624756 0.064454 0.051270
0 0.440430 0.611816 0.060546 0.029297
0 0.601562 0.532715 0.056640 0.018555
0 1.297852 0.519531 0.019532 0.010742
0 0.327148 0.528320 0.054688 0.031250
0 0.628418 0.480957 0.049804 0.025391
0 0.490722 0.460205 0.026368 0.017090
0 0.505372 0.434326 0.014648 0.014160
0 1.217774 0.429932 0.019532 0.010254
0 1.802246 0.427734 0.028320 0.027344
0 1.844238 0.419922 0.020508 0.020508
0 1.368652 0.423828 0.026368 0.011719
0 0.294922 0.430176 0.062500 0.046875
0 1.172852 0.410645 0.021484 0.010742
0 0.819824 0.407715 0.016602 0.006836
0 0.380860 0.408203 0.023438 0.022461
0 0.521484 0.405273 0.029296 0.025391
0 0.114258 0.400391 0.052734 0.040039
0 1.472656 0.385742 0.017578 0.011719
0 0.754394 0.383057 0.016602 0.008301
0 1.198242 0.380615 0.013672 0.006348
0 1.236328 0.362305 0.023438 0.009766
0 0.679688 0.361328 0.023438 0.011719
0 0.424804 0.361816 0.042968 0.025391
0 0.224122 0.355713 0.030274 0.020020
0 0.303222 0.354004 0.051758 0.032227
0 0.503906 0.344727 0.029296 0.016602
0 1.297364 0.341064 0.026368 0.012207
0 0.611328 0.332031 0.019532 0.010742
0 1.479004 0.321777 0.014648 0.006836
0 0.391602 0.325928 0.031250 0.021973
0 0.457032 0.299072 0.023438 0.015137
0 0.460938 0.277832 0.023438 0.012695
0 0.291504 0.301270 0.075196 0.060547
0 0.395020 0.276367 0.030274 0.017578
0 0.177734 0.298340 0.099610 0.088867
0 1.338868 0.414795 0.033204 0.016113
0 0.380372 0.255371 0.024414 0.012695
