0 0.442872 0.827637 0.057618 0.046875
0 1.082032 0.744141 0.015624 0.006836
0 0.188964 0.728760 0.073242 0.046387
0 0.544434 0.693115 0.022460 0.013184
0 0.256348 0.674316 0.057618 0.038086
0 1.666504 0.599365 0.026368 0.019043
0 0.432128 0.599365 0.040040 0.028809
0 0.161132 0.587646 0.050782 0.034668
0 1.449218 0.565186 0.011718 0.006348
0 0.103028 0.560791 0.012696 0.018066
0 0.464844 0.548584 0.044922 0.029785
0 0.331542 0.522217 0.024414 0.023926
0 1.523926 0.489746 0.012696 0.012695
0 1.861328 0.489014 0.011718 0.013184
0 1.323242 0.485107 0.015624 0.010254
0 1.900878 0.492676 0.028320 0.038086
0 1.506348 0.456299 0.026368 0.021973
0 1.339356 0.421387 0.014648 0.009766
0 1.962402 0.402832 0.045898 0.040039
0 1.816894 0.331055 0.016602 0.012695
0 1.875976 0.303955 0.039062 0.033691
0 1.812012 0.245361 0.020508 0.012207
