0 0.147460 0.697266 0.029296 0.022461
0 1.336914 0.675781 0.025390 0.011719
0 1.168458 0.671631 0.016602 0.006348
0 0.276368 0.679443 0.074218 0.041504
0 0.620606 0.632568 0.024414 0.013184
0 0.334472 0.618408 0.057618 0.030762
0 0.417480 0.547852 0.024414 0.022461
0 0.502442 0.540771 0.038086 0.023926
0 0.055664 0.535156 0.037110 0.034180
0 0.232422 0.532715 0.050782 0.037109
0 0.381836 0.519775 0.023438 0.015137
0 0.352050 0.488525 0.014648 0.009277
0 0.524902 0.492432 0.043946 0.026855
0 0.398438 0.463379 0.025390 0.023438
0 1.280762 0.447266 0.024414 0.011719
0 1.250000 0.434814 0.027344 0.013184
0 1.022460 0.429688 0.013672 0.005859
0 0.551270 0.427002 0.026368 0.015137
0 0.059082 0.428711 0.030274 0.020508
0 0.729004 0.419189 0.016602 0.009277
0 0.199708 0.435791 0.061524 0.042480
0 1.591308 0.413574 0.016602 0.013672
0 0.423340 0.417725 0.038086 0.023926
0 1.390136 0.411621 0.022460 0.013672
0 0.556640 0.410400 0.027344 0.017090
0 0.474610 0.400635 0.021484 0.017090
0 1.141114 0.394531 0.018554 0.007812
0 0.033204 0.401855 0.035156 0.046875
0 1.147950 0.381836 0.014648 0.006836
0 0.592286 0.368652 0.014648 0.007812
0 0.321778 0.376465 0.043946 0.029297
0 1.214356 0.360840 0.024414 0.010742
0 0.129882 0.350586 0.066406 0.040039
0 0.075684 0.326172 0.038086 0.033203
0 0.307128 0.327881 0.034180 0.024902
0 0.292968 0.281006 0.029296 0.019043
0 0.206054 0.302490 0.076172 0.064941
0 0.117676 0.268066 0.026368 0.021484
0 0.295410 0.261230 0.024414 0.016602
0 1.772460 0.246338 0.027344 0.017090
0 1.532714 0.190186 0.051758 0.020996
0 0.341308 0.316162 0.036132 0.022949
0 0.221680 0.361572 0.013672 0.007324
