0 0.763672 0.952637 0.078124 0.017578
0 0.729980 0.827637 0.024414 0.008789
0 0.634766 0.736572 0.046876 0.046387
0 0.138184 0.694580 0.079102 0.043457
0 0.232910 0.668701 0.041992 0.036621
0 0.357422 0.648682 0.062500 0.037598
0 0.702148 0.597656 0.023438 0.012695
0 0.059082 0.605225 0.075196 0.054199
0 0.415528 0.591064 0.051758 0.029785
0 0.582520 0.507324 0.040040 0.022461
0 0.302246 0.506592 0.061524 0.032715
0 0.602540 0.456787 0.041016 0.027832
0 0.467774 0.434326 0.025390 0.022949
0 0.557128 0.410889 0.014648 0.013184
0 0.798828 0.382812 0.013672 0.006836
0 0.262696 0.402100 0.066406 0.046387
0 1.163086 0.379639 0.025390 0.010254
0 0.354492 0.383545 0.019532 0.020996
0 0.508790 0.380371 0.042968 0.041016
0 0.733398 0.358887 0.017578 0.008789
0 1.179200 0.359375 0.022460 0.010742
0 1.215332 0.340088 0.018554 0.007324
0 0.658692 0.335938 0.020508 0.010742
0 0.403320 0.343262 0.042968 0.036133
0 0.495118 0.324463 0.025390 0.014160
0 0.282226 0.332031 0.037110 0.030273
0 0.366700 0.300781 0.026368 0.016602
0 0.516602 0.277588 0.019532 0.011230
0 0.137696 0.287842 0.062500 0.059082
0 0.419434 0.264160 0.026368 0.015625
0 0.440918 0.251953 0.018554 0.008789
0 0.370118 0.251709 0.027344 0.016113
0 0.234864 0.294434 0.151368 0.101562
0 0.166016 0.244629 0.044922 0.023438
