0 1.082520 0.975586 0.075196 0.018555
0 0.874512 0.917725 0.036132 0.009277
0 0.892578 0.832275 0.046876 0.011230
0 1.500488 0.818604 0.049804 0.020020
0 0.575196 0.751465 0.025390 0.011719
0 0.565918 0.674316 0.077148 0.041016
0 0.059082 0.613770 0.079102 0.048828
0 0.141602 0.597412 0.035156 0.029785
0 1.341796 0.572754 0.025390 0.014648
0 0.268554 0.579346 0.054688 0.044434
0 0.618164 0.532959 0.021484 0.013184
0 0.143066 0.524658 0.057618 0.024902
0 0.329102 0.515381 0.062500 0.040527
0 1.966796 0.494873 0.015624 0.015137
0 0.504394 0.447266 0.034180 0.019531
0 0.083496 0.441162 0.016602 0.021973
0 0.230468 0.436279 0.060546 0.031738
0 0.507812 0.395508 0.078124 0.023438
0 0.638184 0.390625 0.024414 0.016602
0 0.910644 0.378906 0.022460 0.007812
0 0.391114 0.366211 0.018554 0.013672
0 0.568360 0.355225 0.017578 0.009277
0 0.846192 0.351074 0.024414 0.008789
0 0.653808 0.347900 0.022460 0.011230
0 0.197266 0.339111 0.070312 0.040527
0 0.429688 0.320801 0.041016 0.031250
0 0.324218 0.286621 0.046876 0.036133
0 0.215332 0.262451 0.061524 0.041504
0 0.307128 0.228271 0.010742 0.005371
0 0.169434 0.240234 0.108398 0.067383
0 0.227540 0.191650 0.039062 0.023926
0 0.298828 0.163086 0.011718 0.005859
0 0.259278 0.184814 0.038086 0.020020
