0 1.131836 0.796387 0.039062 0.017578
0 1.088378 0.742188 0.036132 0.013672
0 1.132324 0.667725 0.024414 0.008301
0 1.304688 0.665771 0.031250 0.015137
0 0.290040 0.617676 0.060546 0.035156
0 0.458496 0.537109 0.040040 0.030273
0 0.194336 0.532959 0.048828 0.048340
0 0.737792 0.510254 0.018554 0.012695
0 0.481446 0.487793 0.046876 0.028320
0 0.854492 0.467285 0.019532 0.007812
0 0.346192 0.466553 0.024414 0.016113
0 0.995118 0.452637 0.013672 0.005859
0 1.229004 0.440186 0.028320 0.009277
0 1.190918 0.427246 0.012696 0.005859
0 0.152832 0.440918 0.057618 0.049805
0 0.684570 0.418945 0.023438 0.010742
0 0.389648 0.412598 0.031250 0.025391
0 1.337402 0.403076 0.020508 0.013184
0 1.536622 0.402344 0.018554 0.014648
0 1.872070 0.393555 0.015624 0.013672
0 1.095214 0.377686 0.022460 0.009277
0 0.270996 0.376709 0.043946 0.028809
0 1.157226 0.354736 0.021484 0.009277
0 1.238282 0.348633 0.029296 0.013672
0 0.170410 0.354248 0.028320 0.023926
0 1.342774 0.336182 0.017578 0.008301
0 0.090332 0.355469 0.053710 0.047852
0 0.254394 0.325195 0.026368 0.020508
0 1.233398 0.314209 0.029296 0.012207
0 0.161132 0.304199 0.080078 0.065430
0 1.394042 0.169434 0.041992 0.014648
0 1.522460 0.122803 0.048828 0.019043
0 1.237792 0.294678 0.016602 0.007324
