0 0.736816 0.876465 0.016602 0.007812
0 0.630860 0.786133 0.054688 0.047852
0 0.140136 0.732422 0.057618 0.035156
0 0.233398 0.721680 0.033204 0.024414
0 0.358886 0.696533 0.069336 0.037598
0 1.435546 0.675049 0.031250 0.017090
0 0.703124 0.649170 0.019532 0.010254
0 0.062988 0.653564 0.047852 0.041504
0 0.417480 0.635986 0.051758 0.029785
0 0.111328 0.570801 0.044922 0.018555
0 0.584960 0.558350 0.044922 0.021973
0 0.308594 0.550049 0.050782 0.037598
0 1.366700 0.511963 0.010742 0.007324
0 0.608886 0.505371 0.045898 0.022461
0 1.830078 0.491211 0.021484 0.017578
0 0.473632 0.482178 0.023438 0.021973
0 0.413574 0.463867 0.014648 0.010742
0 1.360352 0.463379 0.027344 0.012695
0 1.333008 0.451660 0.015624 0.006836
0 1.751954 0.456055 0.019532 0.022461
0 0.278808 0.454590 0.051758 0.046875
0 0.059570 0.438232 0.017578 0.020996
0 1.470704 0.428223 0.019532 0.017578
0 0.515136 0.429688 0.036132 0.020508
0 0.374024 0.426758 0.027344 0.037109
0 0.101562 0.419434 0.054688 0.041992
0 1.294434 0.375244 0.012696 0.006348
0 0.416992 0.385010 0.044922 0.028809
0 0.292480 0.375977 0.040040 0.028320
0 0.208496 0.370605 0.041992 0.031250
0 0.482910 0.362793 0.024414 0.018555
0 0.601562 0.353516 0.019532 0.010742
0 0.382324 0.344238 0.026368 0.019531
0 0.483398 0.331055 0.025390 0.015625
0 0.160156 0.343018 0.074218 0.041504
0 0.533204 0.322510 0.015624 0.008301
0 0.267578 0.333496 0.035156 0.031250
0 0.392578 0.296387 0.025390 0.015625
0 0.185058 0.281250 0.043946 0.027344
0 1.479492 0.361816 0.013672 0.006836
0 0.298828 0.310547 0.042968 0.041016
0 0.356934 0.279541 0.024414 0.014160
