0 1.324708 0.658447 0.022460 0.009277
0 0.404786 0.537598 0.022460 0.016602
0 0.490722 0.531250 0.045898 0.023438
0 0.039062 0.531982 0.044922 0.028809
0 0.214356 0.527100 0.061524 0.039551
0 0.392090 0.511475 0.018554 0.014160
0 0.334472 0.479004 0.020508 0.012695
0 0.513672 0.485352 0.041016 0.025391
0 0.379882 0.458252 0.027344 0.020020
0 1.255372 0.425537 0.028320 0.011230
0 0.039550 0.423828 0.030274 0.021484
0 0.523926 0.417969 0.018554 0.014648
0 1.224122 0.415283 0.024414 0.011230
0 0.182618 0.431152 0.060546 0.046875
0 0.708008 0.410400 0.015624 0.009277
0 0.403808 0.411621 0.041992 0.026367
0 0.023438 0.406006 0.019532 0.031738
0 0.511230 0.393799 0.026368 0.016113
0 0.438964 0.390869 0.020508 0.014160
0 0.643554 0.386719 0.015624 0.008789
0 1.362792 0.387939 0.020508 0.013184
0 1.562012 0.383301 0.020508 0.015625
0 1.895020 0.369873 0.018554 0.015137
0 1.121582 0.365479 0.020508 0.008301
0 0.569824 0.365479 0.018554 0.010254
0 0.301758 0.370850 0.037110 0.038574
0 0.198242 0.359619 0.019532 0.017090
0 1.183106 0.342773 0.026368 0.009766
0 0.106934 0.351562 0.067382 0.033203
0 0.501954 0.335205 0.011718 0.006348
0 1.363770 0.322998 0.014648 0.007324
0 0.284668 0.316162 0.038086 0.041504
0 0.347656 0.280273 0.023438 0.013672
0 0.265136 0.279053 0.030274 0.018066
0 0.184082 0.299316 0.073242 0.067383
0 0.266114 0.259521 0.022460 0.013184
0 1.725586 0.222168 0.031250 0.018555
0 1.500976 0.170410 0.060546 0.023438
