0 0.643066 0.865723 0.034180 0.011719
0 0.611328 0.779297 0.068360 0.038086
0 0.115234 0.722900 0.052734 0.036621
0 0.202148 0.709717 0.035156 0.024902
0 1.231934 0.682129 0.016602 0.007812
0 1.397460 0.683838 0.031250 0.015137
0 0.324218 0.687256 0.066406 0.042480
0 0.672852 0.644287 0.015624 0.009277
0 0.052734 0.649170 0.025390 0.022949
0 0.389160 0.628418 0.057618 0.030273
0 0.469726 0.564209 0.027344 0.016113
0 0.556152 0.553467 0.040040 0.024902
0 0.109376 0.545166 0.019532 0.017090
0 0.379394 0.527588 0.016602 0.017090
0 0.290040 0.539307 0.048828 0.040527
0 0.402832 0.506348 0.024414 0.021484
0 0.583008 0.504395 0.044922 0.022461
0 0.455566 0.472412 0.024414 0.021973
0 0.634766 0.450684 0.021484 0.009766
0 1.303710 0.445557 0.013672 0.007324
0 0.544922 0.432129 0.015624 0.009766
0 0.262208 0.445312 0.055664 0.040039
0 0.486816 0.429932 0.034180 0.015137
0 0.037598 0.431396 0.030274 0.020020
0 1.441406 0.419189 0.019532 0.010254
0 1.639648 0.417969 0.013672 0.012695
0 1.199218 0.393799 0.019532 0.010254
0 0.368652 0.400879 0.040040 0.025391
0 0.636230 0.391113 0.016602 0.010742
0 0.085938 0.410400 0.060546 0.047363
0 1.247070 0.381836 0.013672 0.007812
0 0.180176 0.376465 0.032226 0.017578
0 1.261230 0.371094 0.016602 0.009766
0 0.569336 0.362305 0.019532 0.012695
0 0.436036 0.362793 0.026368 0.018555
0 0.348144 0.355225 0.030274 0.025879
0 0.103028 0.355225 0.063476 0.038574
0 0.498536 0.330322 0.016602 0.010254
0 0.417480 0.307861 0.016602 0.010254
0 0.259766 0.311035 0.046876 0.032227
0 0.344726 0.304932 0.062500 0.025879
0 0.148438 0.293457 0.039062 0.027344
0 1.814942 0.227051 0.026368 0.017578
0 1.534180 0.182373 0.039062 0.017090
0 0.240234 0.345459 0.064454 0.039551
0 0.116700 0.437256 0.026368 0.020996
0 1.336426 0.310547 0.020508 0.009766
0 0.334960 0.287109 0.019532 0.012695
