0 1.307618 0.644287 0.015624 0.009277
0 0.808594 0.426270 0.011718 0.005859
0 1.239746 0.417236 0.028320 0.012207
0 1.205566 0.403809 0.022460 0.009766
0 0.156738 0.409180 0.028320 0.024414
0 0.495118 0.400635 0.025390 0.017090
0 0.383300 0.398926 0.038086 0.024414
0 1.348144 0.380615 0.022460 0.010254
0 1.549316 0.379883 0.020508 0.015625
0 1.068848 0.373535 0.020508 0.007812
0 1.883790 0.372314 0.011718 0.008301
0 0.390624 0.373047 0.021484 0.018555
0 0.464356 0.366211 0.030274 0.019531
0 1.106934 0.355469 0.022460 0.011719
0 0.551270 0.351807 0.014648 0.008301
0 0.287110 0.356689 0.035156 0.033691
0 0.173340 0.343750 0.045898 0.026367
0 1.169922 0.332520 0.027344 0.010742
0 0.088378 0.333496 0.067382 0.039062
0 1.352540 0.314941 0.019532 0.010742
0 1.200684 0.311279 0.014648 0.007324
0 0.262208 0.310791 0.036132 0.024902
0 0.413086 0.287842 0.023438 0.013184
0 0.331542 0.265625 0.024414 0.014648
0 0.162598 0.286621 0.086914 0.068359
0 0.259766 0.263428 0.050782 0.048340
0 0.250976 0.244385 0.027344 0.018066
0 1.716796 0.229980 0.029296 0.018555
0 1.516602 0.169922 0.062500 0.024414
0 0.689454 0.396240 0.017578 0.010254
