0 0.640624 0.894043 0.041016 0.010742
0 0.551758 0.808838 0.056640 0.049316
0 0.163574 0.741943 0.030274 0.021973
0 1.174804 0.708496 0.015624 0.006836
0 1.355468 0.706787 0.025390 0.015137
0 0.286132 0.716797 0.070312 0.038086
0 0.347168 0.657471 0.057618 0.031738
0 0.053222 0.590332 0.067382 0.027344
0 0.517578 0.580811 0.039062 0.020020
0 0.242676 0.575684 0.049804 0.035156
0 1.409180 0.536377 0.015624 0.015137
0 1.757324 0.525635 0.016602 0.017090
0 0.541992 0.528076 0.042968 0.024902
0 0.265624 0.513428 0.013672 0.014160
0 0.405762 0.506592 0.026368 0.020996
0 1.289550 0.479980 0.024414 0.010742
0 0.310546 0.460449 0.019532 0.021484
0 0.216796 0.474365 0.044922 0.052246
0 0.441406 0.453857 0.033204 0.022949
0 1.398926 0.444580 0.018554 0.012207
0 1.599610 0.444092 0.015624 0.016113
0 1.635742 0.439453 0.033204 0.029297
0 0.036132 0.452637 0.056640 0.066406
0 1.951660 0.417236 0.030274 0.035645
0 0.347656 0.410156 0.041016 0.025391
0 1.221192 0.395752 0.016602 0.009277
0 0.226074 0.401123 0.034180 0.028809
0 0.143554 0.397461 0.041016 0.029297
0 1.410156 0.380127 0.011718 0.006348
0 0.088868 0.372314 0.029296 0.026855
0 1.876464 0.279297 0.026368 0.020508
0 1.251464 0.468018 0.014648 0.009277
