0 0.888184 0.992920 0.053710 0.010254
0 1.162110 0.911865 0.085938 0.016113
0 0.672852 0.837158 0.033204 0.013184
0 0.645020 0.755615 0.086914 0.048340
0 0.148438 0.698242 0.070312 0.041016
0 0.232910 0.683594 0.032226 0.020508
0 0.357910 0.662109 0.069336 0.044922
0 0.708496 0.616455 0.016602 0.009277
0 0.422364 0.605957 0.051758 0.026367
0 0.064942 0.617432 0.075196 0.051270
0 0.591308 0.530762 0.041992 0.020508
0 0.136718 0.525146 0.048828 0.033691
0 0.323242 0.527344 0.054688 0.066406
0 0.616210 0.481934 0.052734 0.021484
0 0.791992 0.447021 0.019532 0.007324
0 0.486328 0.452881 0.025390 0.020020
0 0.688476 0.442139 0.023438 0.013184
0 1.208984 0.428711 0.017578 0.009766
0 1.359376 0.421875 0.029296 0.012695
0 0.284180 0.426270 0.064454 0.039062
0 0.613282 0.411621 0.019532 0.012695
0 1.326660 0.410400 0.028320 0.014160
0 0.814454 0.406738 0.015624 0.006836
0 0.514648 0.406006 0.039062 0.020996
0 0.749024 0.382324 0.017578 0.007812
0 1.460450 0.382812 0.020508 0.013672
0 1.189454 0.380127 0.017578 0.008301
0 1.665040 0.379150 0.015624 0.010254
0 0.108398 0.391113 0.052734 0.043945
0 1.225586 0.361572 0.019532 0.008301
0 0.410156 0.368896 0.042968 0.030762
0 0.674316 0.359375 0.026368 0.012695
0 0.558106 0.360596 0.028320 0.016113
0 0.301758 0.349365 0.056640 0.028809
0 0.606446 0.331055 0.023438 0.010742
0 0.218750 0.338623 0.037110 0.044434
0 1.465332 0.317627 0.020508 0.011230
0 0.388672 0.319336 0.029296 0.016602
0 1.344726 0.306885 0.025390 0.011230
0 0.155762 0.314941 0.057618 0.039062
0 0.537110 0.297607 0.013672 0.006348
0 0.457032 0.275146 0.029296 0.015137
0 0.287110 0.294189 0.072266 0.061035
0 0.190430 0.259521 0.039062 0.028809
0 0.379394 0.264648 0.073242 0.033203
0 0.148926 0.415771 0.012696 0.004395
0 1.285156 0.338623 0.023438 0.010254
0 0.378418 0.250488 0.022460 0.012695
