0 1.197754 0.918945 0.057618 0.015625
0 0.676270 0.845215 0.032226 0.010742
0 0.640136 0.769775 0.090820 0.057129
0 0.151368 0.702148 0.066406 0.036133
0 0.236328 0.687012 0.033204 0.024414
0 0.365234 0.668701 0.066406 0.038574
0 0.713378 0.625000 0.014648 0.009766
0 0.067872 0.621582 0.073242 0.048828
0 0.426758 0.607666 0.062500 0.029785
0 0.598632 0.534424 0.035156 0.020020
0 0.143066 0.527100 0.043946 0.025879
0 0.327148 0.523193 0.068360 0.036621
0 0.364258 0.508057 0.021484 0.016113
0 0.621582 0.485107 0.045898 0.022949
0 0.778320 0.450195 0.015624 0.005859
0 0.495118 0.456787 0.025390 0.020996
0 1.222168 0.441650 0.014648 0.008301
0 0.689942 0.442871 0.022460 0.012695
0 1.372558 0.437500 0.032226 0.013672
0 1.340332 0.425049 0.028320 0.014160
0 0.623046 0.416504 0.011718 0.006836
0 0.298340 0.427734 0.059570 0.037109
0 0.529786 0.409912 0.036132 0.019043
0 0.077636 0.408203 0.028320 0.019531
0 1.681640 0.402100 0.015624 0.011230
0 1.478028 0.400146 0.016602 0.010254
0 1.205566 0.393066 0.016602 0.007812
0 0.763672 0.387207 0.019532 0.009766
0 1.242188 0.374512 0.019532 0.009766
0 0.119628 0.389404 0.055664 0.046387
0 0.422364 0.373047 0.036132 0.026367
0 0.687500 0.363770 0.015624 0.007812
0 1.303222 0.351562 0.020508 0.010742
0 0.555664 0.354980 0.035156 0.016602
0 0.309570 0.355225 0.042968 0.020020
0 1.486816 0.335205 0.020508 0.012207
0 0.231934 0.344971 0.045898 0.033691
0 1.353028 0.331299 0.024414 0.011230
0 0.404296 0.318848 0.033204 0.023438
0 0.169434 0.318115 0.049804 0.035645
0 0.290040 0.309570 0.042968 0.032227
0 0.475586 0.276367 0.025390 0.012695
0 0.320800 0.277832 0.045898 0.027344
0 0.380860 0.271729 0.037110 0.020996
0 0.209472 0.255859 0.049804 0.030273
0 0.164550 0.416748 0.016602 0.015137
