0 0.608398 0.904297 0.035156 0.011719
0 0.524902 0.820312 0.049804 0.045898
0 0.146484 0.757568 0.029296 0.021973
0 1.150390 0.719971 0.023438 0.008301
0 0.261230 0.732178 0.075196 0.042480
0 1.323242 0.718506 0.035156 0.015137
0 0.607422 0.683594 0.011718 0.005859
0 0.322754 0.673340 0.057618 0.031250
0 0.037110 0.605225 0.037110 0.021973
0 0.491700 0.595947 0.040040 0.021973
0 0.211914 0.586914 0.056640 0.040039
0 0.203614 0.545166 0.012696 0.010254
0 1.429200 0.544678 0.016602 0.012207
0 1.720704 0.553955 0.027344 0.033691
0 0.517578 0.542969 0.042968 0.024414
0 0.378418 0.521484 0.026368 0.022461
0 1.258790 0.496338 0.023438 0.009277
0 0.281250 0.478760 0.019532 0.018066
0 0.185058 0.488281 0.043946 0.053711
0 0.413086 0.469971 0.021484 0.021973
0 1.566894 0.459473 0.012696 0.013672
0 1.367676 0.458496 0.018554 0.013672
0 1.901368 0.450439 0.009766 0.010254
0 0.019532 0.465576 0.039062 0.050293
0 1.588378 0.443359 0.040040 0.021484
0 1.931640 0.439697 0.031250 0.037598
0 1.375000 0.392334 0.011718 0.005371
0 1.847656 0.297363 0.023438 0.019531
