0 0.931640 0.975586 0.060546 0.009766
0 1.152832 0.882568 0.075196 0.031738
0 0.690918 0.825195 0.038086 0.011719
0 0.663574 0.741455 0.071290 0.037598
0 0.125488 0.693115 0.061524 0.042480
0 0.231934 0.680664 0.034180 0.026367
0 0.359864 0.657227 0.063476 0.040039
0 1.265624 0.628418 0.013672 0.006836
0 0.704590 0.602783 0.018554 0.010254
0 0.062500 0.614990 0.072266 0.051270
0 0.420898 0.595459 0.056640 0.029785
0 0.579102 0.517822 0.042968 0.019043
0 0.116210 0.522949 0.037110 0.038086
0 0.308594 0.509033 0.058594 0.038574
0 0.597168 0.466064 0.061524 0.020996
0 0.824708 0.439941 0.022460 0.008789
0 0.470704 0.439941 0.027344 0.018555
0 0.686036 0.433838 0.022460 0.015137
0 0.269042 0.412109 0.065430 0.039062
0 0.600098 0.395996 0.020508 0.012695
0 0.798828 0.387451 0.013672 0.006348
0 0.499024 0.389404 0.039062 0.024902
0 1.181152 0.362061 0.018554 0.008301
0 0.734864 0.362793 0.020508 0.008789
0 0.589356 0.359375 0.020508 0.011719
0 0.100586 0.378906 0.058594 0.052734
0 0.390624 0.356201 0.042968 0.025879
0 1.216796 0.343018 0.025390 0.010254
0 0.657714 0.340820 0.020508 0.010742
0 0.286132 0.336914 0.041016 0.027344
0 0.196778 0.334473 0.047852 0.030273
0 0.371582 0.301270 0.040040 0.025391
0 0.132324 0.304199 0.049804 0.037109
0 0.246582 0.298584 0.038086 0.031738
0 0.518554 0.281006 0.023438 0.011230
0 0.437012 0.258789 0.024414 0.013672
0 0.283204 0.269287 0.054688 0.035645
0 0.353028 0.247070 0.069336 0.037109
0 0.171386 0.242920 0.038086 0.027832
0 1.380372 0.266602 0.030274 0.013672
0 1.278320 0.321289 0.027344 0.012695
0 1.354492 0.260498 0.015624 0.007324
