0 0.936524 0.969971 0.068360 0.008301
0 1.150390 0.882568 0.097656 0.015137
0 0.700196 0.821045 0.037110 0.013184
0 0.669922 0.737793 0.062500 0.035156
0 0.138672 0.704102 0.087890 0.030273
0 0.235352 0.679443 0.037110 0.034668
0 0.360352 0.656982 0.066406 0.037598
0 0.056152 0.622559 0.065430 0.046875
0 0.703124 0.599121 0.021484 0.010742
0 0.417480 0.596436 0.059570 0.028809
0 0.109376 0.521484 0.033204 0.023438
0 0.574708 0.515625 0.053710 0.020508
0 0.308106 0.515625 0.053710 0.032227
0 0.264160 0.503174 0.018554 0.020996
0 0.592286 0.465332 0.053710 0.021484
0 0.830566 0.439453 0.016602 0.006836
0 0.460450 0.440918 0.026368 0.018555
0 0.682128 0.434570 0.026368 0.013672
0 0.260742 0.417725 0.064454 0.039551
0 0.596680 0.397461 0.021484 0.014648
0 0.490722 0.389648 0.030274 0.022461
0 0.092286 0.386963 0.084960 0.046387
0 0.720214 0.360840 0.016602 0.007812
0 0.587402 0.363281 0.028320 0.015625
0 0.382324 0.358398 0.047852 0.026367
0 0.267090 0.336426 0.034180 0.028320
0 0.179688 0.335205 0.060546 0.032715
0 0.358398 0.300293 0.041016 0.025391
0 0.113282 0.303711 0.046876 0.037109
0 0.499512 0.281494 0.010742 0.005371
0 0.418946 0.259766 0.021484 0.011719
0 0.314942 0.260742 0.030274 0.017578
0 0.335938 0.240723 0.021484 0.011719
0 0.163574 0.239258 0.077148 0.049805
0 0.236328 0.300293 0.046876 0.032227
