0 1.275390 0.609863 0.027344 0.012695
0 0.786622 0.403564 0.014648 0.006348
0 0.694824 0.385986 0.016602 0.008301
0 1.199218 0.380859 0.033204 0.012695
0 1.168458 0.370605 0.030274 0.011719
0 1.306640 0.343018 0.023438 0.011230
0 1.506836 0.341553 0.017578 0.010254
0 1.026856 0.339355 0.024414 0.008789
0 1.840820 0.329834 0.017578 0.012207
0 0.507812 0.322998 0.019532 0.011230
0 1.064454 0.319580 0.021484 0.008301
0 1.123046 0.296875 0.021484 0.007812
0 0.436036 0.294434 0.026368 0.015625
0 1.310546 0.279785 0.019532 0.009766
0 0.279296 0.243164 0.013672 0.005859
0 1.677734 0.225342 0.025390 0.012207
0 1.528808 0.152100 0.067382 0.023926
