0 1.330566 0.655518 0.022460 0.009277
0 0.405762 0.543213 0.022460 0.016113
0 0.040040 0.540283 0.042968 0.027832
0 0.491700 0.535889 0.045898 0.022949
0 0.215332 0.534180 0.061524 0.039062
0 0.392578 0.516846 0.017578 0.014160
0 0.334472 0.485352 0.020508 0.012695
0 0.513672 0.489746 0.041016 0.025391
0 0.378906 0.463867 0.027344 0.020508
0 0.828614 0.435059 0.012696 0.005859
0 1.259278 0.429688 0.028320 0.010742
0 0.036622 0.432373 0.030274 0.021973
0 0.180176 0.438721 0.059570 0.046387
0 1.227050 0.417236 0.024414 0.010254
0 0.712890 0.404297 0.015624 0.007812
0 0.525878 0.407959 0.020508 0.016113
0 0.020996 0.415039 0.020508 0.032227
0 1.369628 0.392822 0.020508 0.013184
0 1.569336 0.393066 0.017578 0.014648
0 0.402832 0.407715 0.045898 0.044922
0 1.902344 0.385498 0.017578 0.017090
0 0.649414 0.378906 0.013672 0.007812
0 0.510254 0.383789 0.026368 0.017578
0 0.440430 0.379639 0.021484 0.015137
0 1.129394 0.366943 0.024414 0.009277
0 0.309570 0.359375 0.046876 0.029297
0 1.194824 0.344971 0.014648 0.006348
0 0.200684 0.347412 0.020508 0.014160
0 0.509766 0.325195 0.019532 0.009766
0 0.122070 0.334229 0.048828 0.036621
0 0.438476 0.293701 0.021484 0.011230
0 0.292968 0.301270 0.037110 0.039062
0 0.359864 0.270020 0.028320 0.016602
0 0.197754 0.286133 0.083008 0.070312
0 0.289550 0.258301 0.051758 0.034180
0 1.743652 0.236328 0.030274 0.017578
0 1.524902 0.177979 0.057618 0.025879
0 0.278808 0.247314 0.028320 0.017090
