0 1.228516 0.932617 0.064454 0.028320
0 0.663574 0.864014 0.032226 0.011230
0 0.625976 0.787598 0.089844 0.056641
0 0.126464 0.717773 0.059570 0.036133
0 0.221192 0.706787 0.026368 0.021973
0 1.415528 0.679932 0.030274 0.015137
0 0.344238 0.684570 0.067382 0.041992
0 0.693360 0.641113 0.015624 0.009766
0 0.408204 0.624512 0.054688 0.029297
0 0.050292 0.634766 0.049804 0.051758
0 0.486816 0.560791 0.024414 0.020020
0 0.574708 0.551025 0.041992 0.021973
0 0.129882 0.541748 0.027344 0.024902
0 0.308594 0.536377 0.048828 0.040527
0 0.384278 0.523926 0.014648 0.018555
0 0.602540 0.501221 0.041016 0.022949
0 0.420410 0.501953 0.030274 0.030273
0 0.475586 0.471191 0.023438 0.018555
0 1.353028 0.454102 0.018554 0.008789
0 0.710450 0.452881 0.020508 0.012207
0 0.658204 0.448486 0.019532 0.014160
0 0.281250 0.439941 0.052734 0.040039
0 0.585938 0.421143 0.019532 0.015137
0 0.508300 0.423096 0.032226 0.021973
0 1.459472 0.416504 0.016602 0.012695
0 0.057618 0.425781 0.033204 0.032227
0 1.658204 0.413086 0.013672 0.009766
0 0.733886 0.409912 0.012696 0.007324
0 0.655274 0.387695 0.017578 0.010742
0 0.108886 0.407959 0.047852 0.053223
0 0.406250 0.385010 0.041016 0.024902
0 0.471680 0.364014 0.029296 0.019043
0 0.587402 0.358398 0.018554 0.010742
0 1.463868 0.350342 0.013672 0.008301
0 0.207520 0.355713 0.059570 0.034668
0 0.368652 0.346680 0.030274 0.024414
0 0.257324 0.330322 0.022460 0.011230
0 0.520508 0.325439 0.009766 0.005371
0 0.141602 0.327637 0.066406 0.041016
0 0.437500 0.304688 0.021484 0.012695
0 0.283692 0.314453 0.047852 0.044922
0 0.357910 0.297852 0.051758 0.032227
0 0.353516 0.283203 0.019532 0.011719
0 0.168946 0.289307 0.044922 0.029785
0 0.133300 0.432129 0.020508 0.021484
