0 0.732910 0.937256 0.061524 0.012207
0 0.698730 0.812500 0.036132 0.012695
0 0.611816 0.724609 0.045898 0.047852
0 0.111328 0.677979 0.082032 0.036621
0 0.202636 0.653564 0.045898 0.040527
0 1.227540 0.616455 0.013672 0.006348
0 0.334960 0.633789 0.070312 0.042969
0 0.677734 0.583252 0.019532 0.012207
0 0.038086 0.598389 0.054688 0.063965
0 0.391602 0.575684 0.054688 0.025391
0 0.561036 0.495361 0.032226 0.018066
0 0.278320 0.493896 0.058594 0.028809
0 0.576660 0.442383 0.043946 0.028320
0 0.581542 0.401611 0.018554 0.011230
0 0.245606 0.396729 0.055664 0.047363
0 0.323730 0.372314 0.020508 0.015137
0 0.471192 0.374512 0.030274 0.022461
0 0.374024 0.329834 0.044922 0.027832
0 0.474122 0.318115 0.030274 0.020020
0 0.249512 0.320557 0.028320 0.025879
0 0.166992 0.320557 0.056640 0.032715
0 0.556640 0.298584 0.015624 0.007324
0 0.113770 0.294678 0.034180 0.030762
0 0.224610 0.284668 0.031250 0.014648
0 0.339356 0.288330 0.043946 0.030762
0 0.486328 0.267090 0.021484 0.010742
0 0.389160 0.249756 0.051758 0.022949
0 0.244628 0.249268 0.083008 0.031738
0 0.347168 0.233398 0.059570 0.043945
