0 1.200684 0.780518 0.057618 0.016113
0 1.182128 0.734863 0.038086 0.009766
0 1.304688 0.615234 0.029296 0.015625
0 0.879394 0.431152 0.024414 0.007812
0 1.066406 0.397217 0.011718 0.005371
0 0.713868 0.393311 0.013672 0.008301
0 1.215820 0.389160 0.031250 0.012695
0 1.183106 0.378418 0.036132 0.012695
0 0.666504 0.375000 0.020508 0.009766
0 0.602050 0.351562 0.014648 0.009766
0 1.322754 0.351074 0.024414 0.011719
0 1.043458 0.349121 0.018554 0.008789
0 1.523438 0.347900 0.021484 0.013184
0 1.129394 0.337891 0.028320 0.012695
0 1.854980 0.332031 0.016602 0.009766
0 0.524902 0.332031 0.022460 0.010742
0 1.081054 0.328125 0.029296 0.009766
0 1.140624 0.304932 0.023438 0.008301
0 0.457032 0.301025 0.025390 0.013184
0 1.325196 0.286377 0.021484 0.008301
0 0.383300 0.270996 0.020508 0.009766
0 0.303222 0.247559 0.032226 0.019531
0 0.224610 0.226807 0.025390 0.013184
0 1.262696 0.219971 0.029296 0.011230
0 1.392090 0.085205 0.038086 0.012207
