0 0.939454 0.946533 0.111328 0.016113
0 0.817872 0.915039 0.083008 0.014648
0 0.667968 0.818359 0.074218 0.017578
0 0.474610 0.741455 0.021484 0.012207
0 0.476074 0.669922 0.075196 0.048828
0 0.191406 0.596680 0.041016 0.019531
0 1.265136 0.561768 0.020508 0.012207
0 0.054688 0.562256 0.021484 0.017090
0 0.543458 0.546631 0.018554 0.014160
0 0.254394 0.544678 0.063476 0.034668
0 1.884278 0.471436 0.016602 0.024902
0 0.414550 0.463623 0.041992 0.023926
0 0.143554 0.458984 0.058594 0.041016
0 0.408204 0.411865 0.089844 0.025879
0 1.894042 0.407715 0.014648 0.020508
0 0.098144 0.368164 0.063476 0.036133
0 0.931640 0.350586 0.029296 0.011719
0 1.022950 0.341553 0.024414 0.007324
0 0.828614 0.336426 0.014648 0.006836
0 1.159668 0.328369 0.073242 0.023926
0 1.282226 0.294922 0.027344 0.011719
0 1.000000 0.292969 0.021484 0.007812
0 1.034180 0.274414 0.029296 0.009766
0 1.097168 0.251953 0.014648 0.005859
0 1.635742 0.253906 0.027344 0.015625
0 1.279786 0.229736 0.028320 0.009277
0 1.650390 0.189941 0.048828 0.024414
0 1.310058 0.086914 0.022460 0.007812
0 1.394042 0.077881 0.041992 0.013184
0 0.288086 0.389160 0.019532 0.015625
0 0.072754 0.613525 0.020508 0.014160
