0 0.930176 0.972900 0.043946 0.008301
0 1.149902 0.884033 0.077148 0.019043
0 0.681640 0.820312 0.029296 0.010742
0 0.656250 0.734863 0.070312 0.036133
0 0.124024 0.689209 0.068360 0.038574
0 0.227540 0.670166 0.033204 0.031738
0 0.355468 0.652100 0.060546 0.035645
0 1.266114 0.621582 0.012696 0.005859
0 0.702148 0.598877 0.023438 0.012207
0 0.058594 0.608643 0.074218 0.052246
0 0.413086 0.592285 0.066406 0.028320
0 0.578124 0.513184 0.042968 0.019531
0 0.117188 0.520264 0.035156 0.039551
0 0.311524 0.508057 0.048828 0.033691
0 0.276856 0.493652 0.014648 0.013672
0 0.595704 0.463623 0.048828 0.023926
0 0.828614 0.439209 0.020508 0.007324
0 0.468750 0.436768 0.025390 0.019043
0 0.685546 0.433105 0.023438 0.012695
0 0.267090 0.411133 0.059570 0.037109
0 0.599610 0.394775 0.025390 0.015137
0 0.795898 0.385498 0.013672 0.007324
0 0.498536 0.388184 0.032226 0.023438
0 0.729004 0.361328 0.016602 0.008789
0 0.095704 0.379883 0.064454 0.048828
0 1.171876 0.356445 0.015624 0.007812
0 0.588378 0.360352 0.026368 0.015625
0 0.389648 0.353760 0.046876 0.027832
0 0.651368 0.339355 0.021484 0.011719
0 0.188964 0.333008 0.057618 0.027344
0 0.277832 0.331299 0.036132 0.029785
0 0.364258 0.303711 0.029296 0.019531
0 0.129394 0.298340 0.049804 0.040039
0 0.511230 0.280273 0.022460 0.011719
0 0.429688 0.258057 0.013672 0.006348
0 0.266114 0.280762 0.088868 0.064453
0 0.329590 0.254883 0.030274 0.014648
0 0.164062 0.244629 0.044922 0.026367
0 0.348632 0.237061 0.019532 0.012207
