0 0.359864 0.862061 0.073242 0.051270
0 1.183594 0.792480 0.035156 0.009766
0 1.003418 0.787354 0.036132 0.008301
0 0.468262 0.731934 0.028320 0.014648
0 0.198730 0.714844 0.012696 0.009766
0 1.580078 0.689209 0.029296 0.018066
0 0.769532 0.611816 0.021484 0.010742
0 0.930664 0.598877 0.017578 0.006348
0 1.511230 0.575684 0.018554 0.012695
0 1.851074 0.580078 0.032226 0.031250
0 1.796876 0.544434 0.013672 0.011719
0 1.462890 0.540527 0.013672 0.008789
0 1.258790 0.533936 0.013672 0.008301
0 1.900878 0.489990 0.016602 0.022949
0 1.371094 0.475098 0.027344 0.017578
0 1.910156 0.456299 0.060546 0.032715
0 1.956054 0.417236 0.044922 0.044434
0 1.759766 0.383301 0.021484 0.018555
0 1.819336 0.353760 0.031250 0.028809
0 1.772950 0.299316 0.026368 0.019531
