0 0.331542 0.854980 0.075196 0.053711
0 1.161132 0.802979 0.023438 0.007324
0 0.985352 0.794678 0.025390 0.008301
0 0.447266 0.726074 0.027344 0.016602
0 1.577636 0.704590 0.020508 0.011719
0 0.761230 0.614502 0.018554 0.009277
0 0.920898 0.608154 0.017578 0.006348
0 1.842774 0.615234 0.033204 0.039062
0 1.530274 0.586426 0.013672 0.009766
0 1.789550 0.571533 0.012696 0.013184
0 1.456542 0.561279 0.014648 0.013184
0 1.254882 0.548340 0.015624 0.008789
0 1.878906 0.510498 0.017578 0.019043
0 1.351074 0.487061 0.036132 0.015137
0 1.910156 0.482666 0.052734 0.029785
0 1.957520 0.445068 0.036132 0.036621
0 1.770020 0.408936 0.022460 0.021973
0 1.833008 0.379639 0.031250 0.026855
0 1.791016 0.322998 0.019532 0.014160
