0 0.676758 0.925049 0.029296 0.009277
0 1.268554 0.586670 0.023438 0.013184
0 0.766114 0.388672 0.014648 0.007812
0 0.827148 0.388916 0.019532 0.009277
0 0.744628 0.381104 0.016602 0.007324
0 1.025390 0.368652 0.019532 0.007812
0 0.828124 0.364990 0.023438 0.008301
0 1.177246 0.360596 0.032226 0.010254
0 1.144042 0.349121 0.032226 0.011719
0 1.003906 0.320557 0.027344 0.008301
0 1.285156 0.321533 0.023438 0.012207
0 1.485352 0.317627 0.021484 0.013184
0 1.038574 0.301025 0.024414 0.008301
0 1.100098 0.277344 0.026368 0.008789
0 1.282226 0.257080 0.023438 0.008301
0 1.650878 0.218750 0.030274 0.015625
0 1.534668 0.143555 0.067382 0.026367
