0 1.153808 0.794189 0.053710 0.016113
0 1.115722 0.740723 0.032226 0.009766
0 1.147950 0.657227 0.020508 0.009766
0 1.317872 0.655518 0.028320 0.014160
0 0.293458 0.616699 0.012696 0.009766
0 0.469238 0.536865 0.036132 0.024902
0 0.738770 0.504395 0.018554 0.011719
0 0.202636 0.520996 0.053710 0.063477
0 0.491210 0.492188 0.039062 0.031250
0 0.839356 0.464111 0.016602 0.007324
0 0.355958 0.465332 0.024414 0.018555
0 0.986816 0.449707 0.012696 0.005859
0 0.806640 0.442383 0.011718 0.005859
0 1.239258 0.433350 0.019532 0.007324
0 0.733398 0.431396 0.013672 0.007324
0 1.203614 0.421387 0.030274 0.012695
0 0.159180 0.434814 0.062500 0.042480
0 0.687012 0.412842 0.016602 0.010254
0 0.395508 0.405762 0.031250 0.031250
0 1.544922 0.394531 0.017578 0.011719
0 1.343262 0.394531 0.018554 0.011719
0 0.623046 0.388672 0.021484 0.013672
0 1.878418 0.383057 0.018554 0.016113
0 1.100586 0.370361 0.023438 0.009277
0 0.281738 0.376465 0.040040 0.028320
0 0.549804 0.366699 0.017578 0.010742
0 0.178222 0.360596 0.028320 0.030762
0 1.165040 0.347900 0.023438 0.009277
0 1.231934 0.346924 0.024414 0.013184
0 0.095214 0.355713 0.053710 0.040527
0 1.350586 0.330078 0.017578 0.008789
0 0.261230 0.323486 0.032226 0.026855
0 1.245606 0.300537 0.026368 0.012207
0 0.245118 0.279785 0.033204 0.020508
0 0.176758 0.291504 0.056640 0.048828
0 1.399902 0.156494 0.036132 0.013184
0 1.527832 0.109863 0.045898 0.017578
0 0.144532 0.320068 0.046876 0.035645
0 1.243652 0.287354 0.024414 0.010254
