0 1.199708 0.782471 0.055664 0.015137
0 1.181152 0.735107 0.032226 0.009277
0 1.309570 0.617676 0.027344 0.015625
0 0.892090 0.431641 0.020508 0.008789
0 1.220214 0.392334 0.032226 0.011230
0 1.186524 0.381592 0.033204 0.013184
0 0.671876 0.377197 0.015624 0.008301
0 0.606934 0.353516 0.020508 0.010742
0 1.327148 0.353516 0.021484 0.011719
0 1.049316 0.351562 0.024414 0.008789
0 1.527832 0.351318 0.020508 0.013184
0 1.142090 0.338623 0.026368 0.009277
0 1.085450 0.332031 0.022460 0.007812
0 1.146972 0.308838 0.024414 0.008301
0 0.460938 0.303467 0.029296 0.016113
0 1.329102 0.289551 0.019532 0.008789
0 1.175292 0.288086 0.014648 0.006836
0 0.392578 0.270264 0.013672 0.006348
0 0.307128 0.250488 0.022460 0.014648
0 0.221680 0.238037 0.044922 0.031738
0 1.397950 0.091309 0.038086 0.012695
0 1.265136 0.226074 0.030274 0.010742
0 0.789550 0.406738 0.024414 0.010742
