0 1.064454 0.969238 0.070312 0.018555
0 0.847656 0.912109 0.062500 0.012695
0 0.876954 0.827881 0.033204 0.010254
0 1.469726 0.817871 0.056640 0.023438
0 0.562988 0.745361 0.026368 0.012207
0 0.558594 0.668701 0.078124 0.041504
0 0.054688 0.612793 0.072266 0.042969
0 0.138184 0.589844 0.034180 0.036133
0 1.336914 0.570068 0.023438 0.015137
0 0.267090 0.578125 0.077148 0.041016
0 0.613282 0.529297 0.021484 0.011719
0 0.138672 0.520020 0.058594 0.028320
0 0.328124 0.514404 0.058594 0.031738
0 1.979492 0.507324 0.029296 0.018555
0 0.500976 0.441650 0.037110 0.026855
0 0.072266 0.436523 0.015624 0.017578
0 0.221680 0.431396 0.068360 0.037598
0 0.634278 0.389648 0.028320 0.015625
0 0.502442 0.391113 0.090820 0.025391
0 0.387696 0.361328 0.013672 0.008789
0 0.861816 0.356689 0.022460 0.008301
0 0.567382 0.351807 0.015624 0.009277
0 0.842286 0.347656 0.024414 0.009766
0 0.656738 0.347656 0.026368 0.012695
0 0.195312 0.334473 0.066406 0.039062
0 0.423828 0.315674 0.046876 0.031738
0 0.586914 0.270508 0.021484 0.010742
0 0.324708 0.282959 0.053710 0.037598
0 0.218750 0.254639 0.056640 0.040527
0 0.524414 0.237793 0.025390 0.012695
0 0.300782 0.225342 0.031250 0.018066
0 0.155762 0.238281 0.086914 0.070312
0 0.452636 0.206055 0.024414 0.012695
0 0.241210 0.184082 0.064454 0.025391
