0 1.106934 0.991699 0.075196 0.012695
0 0.891602 0.929688 0.023438 0.006836
0 0.931640 0.847900 0.072266 0.022949
0 0.593750 0.763428 0.029296 0.011230
0 0.582520 0.687256 0.083008 0.042480
0 0.069336 0.625244 0.091796 0.049316
0 0.165528 0.606689 0.055664 0.046387
0 1.362304 0.586426 0.021484 0.015625
0 0.285644 0.593018 0.057618 0.042480
0 0.638672 0.544434 0.021484 0.011719
0 0.170898 0.539795 0.031250 0.021973
0 0.354492 0.532471 0.052734 0.033691
0 0.132812 0.453125 0.009766 0.004883
0 0.530762 0.459229 0.036132 0.020020
0 0.254394 0.448975 0.055664 0.034668
0 0.654296 0.400635 0.023438 0.012207
0 0.525878 0.404785 0.106446 0.034180
0 0.417480 0.378418 0.028320 0.024414
0 0.865722 0.365234 0.012696 0.005859
0 0.590820 0.363525 0.027344 0.017090
0 0.643066 0.349365 0.022460 0.011230
0 0.223144 0.351807 0.059570 0.037598
0 0.450684 0.331787 0.036132 0.023926
0 0.066894 0.328613 0.032226 0.034180
0 0.612792 0.287354 0.020508 0.010254
0 0.345704 0.295654 0.046876 0.029785
0 0.237304 0.270508 0.054688 0.036133
0 0.325196 0.241699 0.037110 0.022461
0 0.476074 0.222900 0.020508 0.009277
0 0.228516 0.223389 0.126954 0.062988
0 0.159668 0.271484 0.077148 0.034180
0 0.750976 0.334229 0.029296 0.011230
