0 0.597656 0.857910 0.033204 0.011719
0 0.563476 0.778809 0.080078 0.052734
0 0.093262 0.707764 0.012696 0.009277
0 1.198730 0.687988 0.016602 0.008789
0 1.370606 0.688721 0.032226 0.015137
0 0.166504 0.690430 0.030274 0.022461
0 0.292968 0.671387 0.066406 0.043945
0 0.642090 0.635010 0.020508 0.012207
0 0.362792 0.610596 0.063476 0.034668
0 0.099610 0.573242 0.029296 0.025391
0 0.276856 0.562256 0.055664 0.037598
0 0.380372 0.545654 0.014648 0.017090
0 0.384766 0.524414 0.027344 0.023438
0 0.563476 0.516357 0.046876 0.023926
0 0.436036 0.489990 0.024414 0.020020
0 1.318360 0.461426 0.023438 0.010742
0 0.094238 0.466064 0.026368 0.021973
0 0.603028 0.456055 0.024414 0.016602
0 1.287110 0.448486 0.023438 0.011230
0 0.238770 0.463867 0.057618 0.041016
0 0.633300 0.448730 0.024414 0.017578
0 0.460938 0.441650 0.031250 0.020020
0 0.762696 0.436035 0.015624 0.009766
0 0.525390 0.430420 0.021484 0.017090
0 1.629394 0.427246 0.014648 0.012695
0 1.429688 0.425537 0.019532 0.015137
0 0.044922 0.441650 0.083984 0.062988
0 1.188476 0.394775 0.019532 0.010254
0 0.351562 0.402344 0.041016 0.029297
0 1.220704 0.388672 0.021484 0.011719
0 0.161132 0.382324 0.033204 0.036133
0 0.556152 0.360352 0.010742 0.005859
0 1.435546 0.357910 0.019532 0.012695
0 0.411622 0.354004 0.034180 0.026367
0 0.332032 0.350342 0.039062 0.026855
0 0.097168 0.352783 0.047852 0.051270
0 0.216796 0.342529 0.042968 0.041504
0 0.250000 0.309326 0.048828 0.034668
0 0.351074 0.300537 0.026368 0.019043
0 0.318360 0.287109 0.009766 0.005859
0 0.135254 0.287598 0.051758 0.038086
0 1.814942 0.242920 0.026368 0.019043
0 1.533204 0.188721 0.058594 0.025879
