0 0.684082 0.882080 0.034180 0.010254
0 0.589844 0.798584 0.050782 0.050293
0 0.201660 0.728760 0.036132 0.022949
0 1.224122 0.692871 0.018554 0.008789
0 0.327148 0.704102 0.076172 0.041992
0 1.399414 0.689453 0.031250 0.017578
0 0.059082 0.665039 0.012696 0.013672
0 0.668946 0.658203 0.019532 0.010742
0 0.386718 0.645508 0.056640 0.029297
0 0.089844 0.580078 0.066406 0.022461
0 0.555176 0.567871 0.041992 0.022461
0 0.271972 0.557861 0.063476 0.039551
0 1.384766 0.525391 0.015624 0.009766
0 0.579102 0.514648 0.042968 0.026367
0 1.796876 0.496338 0.015624 0.013184
0 0.444336 0.493164 0.025390 0.020508
0 0.347168 0.485352 0.014648 0.011719
0 1.326172 0.466797 0.025390 0.014648
0 1.299316 0.456055 0.010742 0.005859
0 0.250488 0.463867 0.053710 0.046875
0 0.344726 0.446777 0.021484 0.019531
0 0.479980 0.440918 0.051758 0.025391
0 1.698242 0.438721 0.025390 0.023926
0 1.437012 0.430176 0.012696 0.008789
0 1.635742 0.429199 0.017578 0.016602
0 0.712890 0.419922 0.013672 0.006836
0 0.058594 0.440186 0.076172 0.065918
0 1.194336 0.404785 0.011718 0.007812
0 0.385742 0.394775 0.041016 0.029785
0 1.969726 0.390137 0.025390 0.040039
0 0.261230 0.385498 0.038086 0.031738
0 0.444824 0.374268 0.020508 0.015137
0 0.178222 0.381104 0.049804 0.037598
0 0.351562 0.356445 0.023438 0.017578
0 0.465332 0.350830 0.024414 0.017090
0 0.115234 0.353516 0.050782 0.041016
0 0.252930 0.332520 0.070312 0.065430
0 0.150390 0.296631 0.042968 0.028809
