0 0.613282 0.902100 0.037110 0.012207
0 0.524902 0.816895 0.057618 0.043945
0 0.147460 0.758301 0.027344 0.019531
0 1.153808 0.718750 0.026368 0.008789
0 0.269532 0.730225 0.082032 0.037598
0 1.328614 0.716309 0.032226 0.012695
0 0.611816 0.682129 0.014648 0.008789
0 0.324708 0.669922 0.059570 0.034180
0 0.040040 0.603027 0.044922 0.027344
0 0.493164 0.593750 0.042968 0.025391
0 0.217774 0.588379 0.052734 0.035156
0 1.425782 0.544434 0.013672 0.010742
0 1.722656 0.552002 0.019532 0.028809
0 0.211426 0.539551 0.012696 0.011719
0 0.520996 0.540283 0.043946 0.022949
0 0.381836 0.519775 0.025390 0.020996
0 0.284180 0.476074 0.019532 0.018555
0 0.185058 0.489502 0.051758 0.046387
0 0.416504 0.468262 0.030274 0.022461
0 1.570800 0.458984 0.012696 0.010742
0 1.371094 0.458252 0.015624 0.011230
0 1.903808 0.448730 0.010742 0.005859
0 0.017578 0.458496 0.035156 0.052734
0 1.589844 0.444336 0.027344 0.025391
0 1.935546 0.437744 0.037110 0.035645
0 1.852540 0.296875 0.023438 0.018555
