0 1.283692 0.602295 0.024414 0.014160
0 0.898438 0.392090 0.013672 0.005859
0 0.691406 0.385742 0.019532 0.009766
0 1.194336 0.376221 0.027344 0.009277
0 1.160644 0.365967 0.030274 0.011230
0 1.018554 0.336426 0.021484 0.007812
0 1.299804 0.336670 0.023438 0.011230
0 1.500000 0.332764 0.019532 0.011230
0 1.054688 0.316650 0.031250 0.010254
0 1.829102 0.312988 0.015624 0.007812
0 1.114746 0.292480 0.026368 0.008789
0 1.296876 0.271973 0.023438 0.007812
0 1.666016 0.216797 0.041016 0.023438
0 1.515624 0.143799 0.064454 0.024902
0 0.762696 0.395752 0.025390 0.012207
