0 0.970214 0.948730 0.094726 0.013672
0 0.836426 0.922607 0.088868 0.016113
0 0.691406 0.829346 0.121094 0.028809
0 0.495118 0.758057 0.039062 0.017090
0 0.488282 0.677734 0.082032 0.041992
0 1.264160 0.561279 0.022460 0.013184
0 0.185058 0.585938 0.061524 0.075195
0 0.530762 0.534424 0.020508 0.014160
0 0.039550 0.537354 0.018554 0.020020
0 0.246094 0.523193 0.054688 0.037598
0 1.037110 0.348145 0.023438 0.007812
0 0.956054 0.349121 0.039062 0.020508
0 0.843262 0.336670 0.018554 0.007324
0 1.176758 0.338623 0.072266 0.025879
0 0.931152 0.328369 0.016602 0.005371
0 1.504882 0.314209 0.027344 0.015137
0 1.304200 0.309814 0.026368 0.010254
0 1.693360 0.303955 0.015624 0.008301
0 1.022460 0.299072 0.027344 0.008301
0 1.060546 0.280762 0.031250 0.009766
0 1.126954 0.259766 0.017578 0.005859
0 1.733398 0.238281 0.029296 0.015625
0 1.352540 0.110840 0.041016 0.012695
0 1.458984 0.090820 0.027344 0.010742
0 0.931640 0.339600 0.013672 0.006348
0 0.062012 0.601807 0.041992 0.070801
