0 1.125976 0.796387 0.041016 0.013672
0 1.089356 0.742676 0.036132 0.011719
0 1.128906 0.665039 0.025390 0.008789
0 1.301270 0.665771 0.028320 0.013184
0 0.277832 0.604492 0.028320 0.019531
0 0.461426 0.531006 0.040040 0.026855
0 0.737792 0.505371 0.018554 0.011719
0 0.198242 0.516846 0.048828 0.051270
0 0.487304 0.483887 0.041016 0.018555
0 0.848632 0.464844 0.015624 0.006836
0 0.352540 0.458496 0.025390 0.018555
0 1.235352 0.439209 0.025390 0.010254
0 1.201172 0.427002 0.017578 0.006348
0 0.160156 0.427734 0.058594 0.040039
0 1.546386 0.406494 0.016602 0.010254
0 1.346680 0.403320 0.021484 0.012695
0 1.880372 0.399902 0.014648 0.011719
0 0.390136 0.406006 0.036132 0.028809
0 1.104492 0.375732 0.021484 0.008301
0 0.552734 0.365234 0.015624 0.007812
0 0.283204 0.367676 0.046876 0.031250
0 1.168946 0.353516 0.023438 0.009766
0 1.241700 0.352051 0.026368 0.009766
0 1.356446 0.337891 0.013672 0.005859
0 0.176758 0.351318 0.027344 0.031738
0 0.087402 0.342041 0.065430 0.048340
0 1.248046 0.310547 0.031250 0.012695
0 0.266114 0.316650 0.032226 0.028809
0 0.258300 0.277100 0.024414 0.017090
0 0.172852 0.294189 0.083984 0.069824
0 1.825684 0.240479 0.022460 0.014160
0 1.415528 0.168945 0.036132 0.012695
0 1.543458 0.123535 0.041992 0.016602
0 1.250976 0.293457 0.021484 0.007812
