0 0.595214 0.872314 0.059570 0.016113
0 0.521972 0.734619 0.024414 0.014160
0 0.515624 0.667480 0.015624 0.006836
0 0.099610 0.615723 0.037110 0.040039
0 0.229980 0.612305 0.065430 0.065430
0 1.278808 0.561035 0.018554 0.013672
0 0.084472 0.553467 0.053710 0.025879
0 0.559570 0.538574 0.015624 0.015625
0 0.273438 0.539062 0.058594 0.081055
0 1.902832 0.474609 0.022460 0.018555
0 0.154296 0.458008 0.060546 0.035156
0 0.437988 0.449219 0.032226 0.024414
0 1.919434 0.412354 0.022460 0.022949
0 0.614258 0.397949 0.021484 0.013672
0 0.452636 0.398438 0.043946 0.028320
0 0.311036 0.380859 0.014648 0.009766
0 0.118164 0.357178 0.066406 0.050293
0 1.051270 0.335205 0.022460 0.009277
0 1.190918 0.323730 0.061524 0.023438
0 0.341796 0.325439 0.048828 0.039551
0 0.184082 0.306885 0.030274 0.022949
0 1.518066 0.294922 0.022460 0.012695
0 1.309570 0.293945 0.025390 0.012695
0 0.381348 0.292236 0.028320 0.018066
0 0.500976 0.274902 0.017578 0.009766
0 1.067872 0.268311 0.032226 0.009277
0 0.117188 0.278809 0.054688 0.033203
0 0.244628 0.278320 0.059570 0.041992
0 1.130860 0.247803 0.019532 0.007324
0 0.429200 0.247070 0.016602 0.008789
0 0.203614 0.246338 0.038086 0.020020
0 1.686036 0.239746 0.016602 0.008789
0 1.316406 0.228027 0.025390 0.009766
0 0.274902 0.196289 0.018554 0.010742
0 0.241700 0.198486 0.028320 0.017090
0 1.664062 0.150391 0.052734 0.024414
0 1.031250 0.287354 0.029296 0.009277
