0 1.057618 0.964844 0.066406 0.017578
0 0.846192 0.910156 0.069336 0.011719
0 0.858886 0.825439 0.040040 0.009277
0 1.457032 0.813721 0.044922 0.018066
0 0.555664 0.742432 0.025390 0.011230
0 0.553222 0.665283 0.079102 0.041504
0 0.052246 0.605469 0.061524 0.044922
0 0.131348 0.585205 0.049804 0.041504
0 1.332032 0.567139 0.025390 0.014160
0 0.259766 0.570557 0.072266 0.047363
0 0.604980 0.524414 0.018554 0.012695
0 0.128906 0.512451 0.048828 0.029785
0 0.322754 0.511963 0.053710 0.030762
0 1.962890 0.489990 0.029296 0.017090
0 0.497558 0.434082 0.040040 0.032227
0 0.058106 0.431396 0.018554 0.026855
0 0.224610 0.424805 0.056640 0.036133
0 0.629394 0.386230 0.020508 0.012695
0 0.505860 0.385986 0.074218 0.027832
0 0.854004 0.352783 0.010742 0.006348
0 0.660156 0.347168 0.025390 0.012695
0 0.836914 0.343750 0.023438 0.008789
0 0.763672 0.334473 0.009766 0.005859
0 0.190918 0.328857 0.067382 0.044434
0 0.420898 0.310303 0.042968 0.034668
0 0.315430 0.275146 0.041016 0.020996
0 0.580566 0.266357 0.018554 0.008301
0 0.206542 0.253418 0.038086 0.030273
0 0.515624 0.233154 0.027344 0.012207
0 0.302734 0.222656 0.021484 0.013672
0 0.157714 0.236816 0.081054 0.059570
0 0.443360 0.202637 0.041016 0.019531
0 0.375000 0.176270 0.021484 0.011719
0 0.254882 0.173340 0.041016 0.021484
0 0.283204 0.156494 0.009766 0.005371
