0 1.081054 0.944580 0.058594 0.017090
0 0.884278 0.904785 0.073242 0.012695
0 1.429688 0.782715 0.052734 0.019531
0 0.546876 0.741455 0.033204 0.016113
0 0.538574 0.664307 0.071290 0.041504
0 0.037110 0.604736 0.046876 0.060059
0 0.103516 0.576660 0.035156 0.066406
0 1.311524 0.541016 0.021484 0.014648
0 0.227050 0.573242 0.053710 0.098633
0 0.293946 0.520020 0.052734 0.045898
0 0.458008 0.435547 0.037110 0.026367
0 0.187012 0.425537 0.059570 0.039551
0 1.890136 0.407959 0.020508 0.015137
0 0.604980 0.380859 0.028320 0.016602
0 0.467774 0.378906 0.070312 0.027344
0 1.915528 0.358154 0.012696 0.009277
0 0.654296 0.353760 0.033204 0.014160
0 0.769532 0.345703 0.013672 0.007812
0 0.520020 0.339355 0.024414 0.014648
0 0.155274 0.328857 0.060546 0.035645
0 1.185546 0.312744 0.056640 0.019043
0 0.388672 0.298828 0.056640 0.036133
0 0.621094 0.281006 0.015624 0.008301
0 1.293458 0.274902 0.010742 0.005859
0 1.500976 0.267090 0.023438 0.012695
0 0.273438 0.269531 0.046876 0.026367
0 0.542968 0.258057 0.017578 0.009277
0 0.477540 0.227295 0.017578 0.010254
0 0.162598 0.253418 0.083008 0.070312
0 1.292968 0.209473 0.015624 0.007812
0 0.255860 0.217041 0.037110 0.023926
0 0.403808 0.195801 0.024414 0.013672
0 0.326172 0.173584 0.023438 0.013184
0 1.552246 0.170166 0.041992 0.020020
0 1.477540 0.095703 0.039062 0.012695
0 0.087402 0.519775 0.018554 0.020020
