0 0.795410 0.949707 0.088868 0.017578
0 0.740234 0.824707 0.031250 0.010742
0 0.642090 0.736572 0.043946 0.043457
0 0.131836 0.707031 0.060546 0.038086
0 0.230958 0.680664 0.040040 0.035156
0 0.353516 0.657715 0.062500 0.035156
0 1.250488 0.612793 0.018554 0.010742
0 0.052734 0.623779 0.062500 0.063965
0 0.695800 0.596191 0.020508 0.012695
0 0.410156 0.596924 0.060546 0.027832
0 0.566406 0.510742 0.041016 0.018555
0 0.284668 0.513916 0.063476 0.034668
0 0.583008 0.457764 0.044922 0.022949
0 0.442382 0.440186 0.017578 0.010254
0 0.564454 0.415771 0.015624 0.012207
0 0.246582 0.414551 0.061524 0.044922
0 0.322266 0.392822 0.019532 0.020020
0 0.472656 0.391357 0.031250 0.021973
0 0.770996 0.379150 0.012696 0.006348
0 0.704102 0.356689 0.013672 0.007324
0 0.371094 0.348145 0.041016 0.026367
0 0.246582 0.341553 0.030274 0.022949
0 0.462402 0.335938 0.028320 0.017578
0 0.163086 0.338623 0.050782 0.039551
0 0.093750 0.311523 0.052734 0.040039
0 0.331542 0.307129 0.040040 0.028320
0 0.212402 0.302979 0.030274 0.026855
0 0.479004 0.280762 0.020508 0.009766
0 0.370606 0.271240 0.018554 0.011230
0 0.318360 0.268555 0.037110 0.024414
0 0.234864 0.270020 0.057618 0.029297
0 0.135742 0.252930 0.037110 0.031250
