0 1.115722 0.990967 0.061524 0.014160
0 0.890136 0.929199 0.034180 0.008789
0 0.931640 0.844482 0.070312 0.016113
0 0.595704 0.764404 0.033204 0.013184
0 0.581542 0.687012 0.077148 0.041016
0 0.069336 0.625244 0.091796 0.048340
0 0.162110 0.609375 0.058594 0.041016
0 1.193848 0.582764 0.016602 0.009277
0 1.361816 0.583008 0.022460 0.015625
0 0.282714 0.593018 0.065430 0.036621
0 0.635742 0.544434 0.023438 0.011719
0 0.166016 0.538086 0.035156 0.022461
0 0.348632 0.532959 0.058594 0.029785
0 0.527344 0.458252 0.035156 0.021973
0 0.124512 0.450195 0.010742 0.013672
0 0.246094 0.447021 0.062500 0.037598
0 0.648926 0.399658 0.022460 0.013184
0 0.529786 0.403564 0.079102 0.031738
0 0.412110 0.376221 0.031250 0.030762
0 0.859376 0.362793 0.023438 0.008789
0 0.584472 0.364502 0.022460 0.015137
0 0.645508 0.349854 0.023438 0.012207
0 0.219726 0.350342 0.060546 0.042480
0 0.066406 0.327148 0.025390 0.027344
0 0.443360 0.334961 0.060546 0.043945
0 0.604492 0.286377 0.017578 0.008301
0 0.345214 0.292725 0.063476 0.036621
0 0.230958 0.270752 0.053710 0.038574
0 0.539062 0.254395 0.023438 0.009766
0 0.317872 0.241699 0.030274 0.019531
0 0.469238 0.221924 0.018554 0.008301
0 0.198242 0.239258 0.171876 0.095703
