0 0.751464 0.951660 0.081054 0.016602
0 0.716308 0.825684 0.036132 0.011719
0 0.629882 0.733643 0.048828 0.046387
0 0.121582 0.684814 0.063476 0.041504
0 0.229492 0.665771 0.035156 0.038574
0 1.255860 0.631104 0.013672 0.007324
0 0.354980 0.645508 0.065430 0.039062
0 0.700684 0.597168 0.020508 0.010742
0 0.414062 0.585938 0.054688 0.027344
0 0.057618 0.598633 0.076172 0.056641
0 0.585450 0.505127 0.043946 0.022949
0 0.307128 0.500000 0.053710 0.036133
0 0.611328 0.452148 0.044922 0.026367
0 0.471192 0.434326 0.030274 0.019043
0 0.927246 0.414062 0.014648 0.006836
0 0.560546 0.408936 0.015624 0.012207
0 0.271484 0.403564 0.068360 0.042480
0 0.805664 0.383545 0.015624 0.007324
0 1.169434 0.383789 0.022460 0.009766
0 0.361328 0.380859 0.023438 0.016602
0 0.741210 0.357666 0.017578 0.009277
0 0.517578 0.374023 0.052734 0.042969
0 1.223632 0.343994 0.023438 0.009277
0 0.666504 0.334961 0.024414 0.013672
0 0.502930 0.323730 0.021484 0.013672
0 1.289062 0.322266 0.027344 0.011719
0 0.290528 0.325928 0.045898 0.034668
0 0.425292 0.331299 0.069336 0.049316
0 0.597656 0.306396 0.021484 0.010254
0 0.373536 0.297852 0.024414 0.014648
0 0.440918 0.255615 0.043946 0.025879
0 0.379394 0.249756 0.030274 0.017090
0 0.246094 0.289062 0.148438 0.101562
0 0.154296 0.270020 0.083984 0.083984
