0 1.144042 0.645508 0.014648 0.006836
0 1.315918 0.645752 0.016602 0.008301
0 1.243652 0.418457 0.030274 0.015625
0 1.212402 0.408936 0.032226 0.014160
0 0.503418 0.395996 0.024414 0.015625
0 0.030762 0.395996 0.024414 0.020508
0 0.168458 0.403564 0.053710 0.039551
0 0.390136 0.393555 0.040040 0.021484
0 1.353028 0.383301 0.018554 0.010742
0 1.554688 0.384277 0.021484 0.015625
0 1.076660 0.374756 0.022460 0.008301
0 0.635742 0.368652 0.019532 0.009766
0 0.402344 0.366699 0.025390 0.015625
0 0.477540 0.363770 0.031250 0.020508
0 1.114746 0.357178 0.026368 0.010254
0 0.558594 0.346924 0.021484 0.011230
0 0.294922 0.349365 0.037110 0.032715
0 1.176758 0.334717 0.025390 0.010254
0 0.183106 0.334717 0.043946 0.025879
0 1.360840 0.318604 0.024414 0.011230
0 0.494628 0.315186 0.024414 0.012207
0 0.105958 0.325195 0.061524 0.038086
0 0.274902 0.303223 0.034180 0.024414
0 0.423828 0.283447 0.023438 0.013184
0 0.345704 0.259277 0.025390 0.016602
0 0.276368 0.263672 0.062500 0.038086
0 0.178222 0.278320 0.084960 0.068359
0 0.267578 0.237549 0.017578 0.012207
0 1.726562 0.234863 0.031250 0.019531
0 1.523438 0.172607 0.050782 0.020996
