0 1.112304 0.623291 0.023438 0.009277
0 1.280762 0.623291 0.024414 0.012207
0 0.706054 0.396240 0.017578 0.008301
0 0.961914 0.394043 0.011718 0.005859
0 1.205566 0.395996 0.030274 0.010742
0 1.175292 0.385986 0.032226 0.012207
0 1.316406 0.359131 0.021484 0.012207
0 1.516114 0.358154 0.022460 0.015137
0 1.035156 0.353271 0.021484 0.008301
0 1.072754 0.334473 0.026368 0.008789
0 0.391114 0.321777 0.036132 0.023438
0 1.134278 0.311279 0.024414 0.008301
0 0.454102 0.302002 0.021484 0.012207
0 1.318848 0.293457 0.014648 0.005859
0 0.232910 0.287842 0.040040 0.026855
0 0.381836 0.270264 0.023438 0.012207
0 0.303710 0.245117 0.025390 0.013672
0 0.227050 0.245605 0.030274 0.019531
0 0.221192 0.226562 0.024414 0.012695
0 1.683594 0.227051 0.029296 0.015625
0 0.178222 0.232910 0.094726 0.060547
0 1.516114 0.159424 0.059570 0.022949
0 0.777344 0.407715 0.025390 0.012695
