0 0.609864 0.863037 0.034180 0.012207
0 0.573730 0.782471 0.073242 0.051270
0 0.161622 0.701416 0.034180 0.031738
0 1.197266 0.679932 0.019532 0.007324
0 1.363770 0.679443 0.026368 0.013184
0 0.287598 0.678711 0.075196 0.048828
0 0.636718 0.639160 0.021484 0.012695
0 0.351074 0.619141 0.059570 0.035156
0 0.437012 0.554688 0.026368 0.023438
0 0.522950 0.546631 0.041992 0.025879
0 0.075196 0.537109 0.031250 0.024414
0 0.257324 0.537354 0.049804 0.033691
0 0.545898 0.508301 0.041016 0.017578
0 0.416504 0.488281 0.026368 0.022461
0 1.294922 0.450684 0.023438 0.009766
0 0.220214 0.462891 0.055664 0.042969
0 1.265624 0.440430 0.029296 0.014648
0 0.580078 0.452393 0.029296 0.015137
0 0.440918 0.438232 0.038086 0.024902
0 0.500000 0.427246 0.015624 0.013672
0 1.605958 0.412354 0.012696 0.007324
0 1.404786 0.413574 0.016602 0.011719
0 0.047852 0.433838 0.064454 0.055176
0 0.678710 0.409912 0.013672 0.008301
0 0.332520 0.402588 0.038086 0.029785
0 1.164550 0.388428 0.014648 0.006348
0 0.601562 0.388672 0.015624 0.010742
0 0.134766 0.384277 0.056640 0.030273
0 1.225586 0.366699 0.021484 0.009766
0 1.407226 0.347168 0.015624 0.009766
0 0.314942 0.352539 0.030274 0.023438
0 0.373046 0.347656 0.029296 0.019531
0 0.075196 0.353271 0.046876 0.043457
0 0.194336 0.346680 0.033204 0.032227
0 0.296386 0.304443 0.020508 0.016113
0 0.224122 0.312012 0.041992 0.030273
0 0.111328 0.292725 0.041016 0.026855
0 1.775390 0.231689 0.033204 0.021973
0 1.508790 0.180664 0.054688 0.023438
0 1.181152 0.388916 0.016602 0.010254
0 0.369140 0.522705 0.029296 0.018066
0 0.230468 0.385986 0.013672 0.012207
0 0.076172 0.463135 0.035156 0.028809
0 0.593750 0.439453 0.037110 0.021484
0 1.303222 0.304443 0.024414 0.011230
