0 0.709960 0.899170 0.058594 0.012207
0 0.597656 0.767822 0.027344 0.013184
0 0.516602 0.675049 0.060546 0.053223
0 0.094238 0.613281 0.036132 0.046875
0 0.216308 0.595703 0.059570 0.049805
0 1.276856 0.560791 0.018554 0.012207
0 0.080566 0.539795 0.051758 0.027832
0 0.557128 0.533447 0.016602 0.018066
0 0.269042 0.522949 0.055664 0.048828
0 1.897950 0.479980 0.028320 0.031250
0 0.436524 0.443115 0.033204 0.025879
0 0.151368 0.448242 0.062500 0.041016
0 1.916504 0.414307 0.020508 0.025879
0 0.611328 0.396240 0.019532 0.012207
0 0.452636 0.396240 0.043946 0.026855
0 1.051270 0.335938 0.024414 0.009766
0 1.204590 0.331299 0.026368 0.010254
0 0.122558 0.345703 0.063476 0.055664
0 0.336914 0.328613 0.033204 0.022461
0 1.170898 0.320068 0.037110 0.011230
0 0.187988 0.303467 0.024414 0.018066
0 1.516602 0.296143 0.019532 0.011230
0 1.308106 0.295166 0.026368 0.011230
0 1.029786 0.288330 0.022460 0.007324
0 0.387208 0.288330 0.032226 0.020020
0 1.068848 0.268311 0.034180 0.010254
0 0.236816 0.288818 0.057618 0.052246
0 0.124024 0.274170 0.041016 0.029785
0 1.130860 0.247559 0.023438 0.007812
0 1.689942 0.242432 0.020508 0.013184
0 0.207032 0.242432 0.042968 0.029785
0 1.312988 0.228027 0.012696 0.006836
0 0.278320 0.192871 0.029296 0.016602
0 0.250000 0.193359 0.037110 0.022461
0 1.659180 0.151123 0.056640 0.024902
0 0.714356 0.362305 0.016602 0.009766
