0 0.773438 0.948730 0.085938 0.016602
0 0.731934 0.823486 0.024414 0.008301
0 0.636718 0.735840 0.044922 0.048828
0 0.125976 0.705078 0.064454 0.033203
0 0.230958 0.677979 0.045898 0.039551
0 0.351074 0.654053 0.061524 0.040527
0 1.245606 0.618896 0.012696 0.006348
0 0.058106 0.625732 0.073242 0.057129
0 0.695312 0.595703 0.021484 0.011719
0 0.409668 0.593506 0.057618 0.029785
0 0.568848 0.509277 0.038086 0.022461
0 0.283692 0.510498 0.041992 0.029785
0 0.586914 0.456787 0.046876 0.024902
0 0.447754 0.440674 0.022460 0.016113
0 0.561524 0.415771 0.019532 0.010254
0 0.244628 0.414062 0.071290 0.050781
0 0.329590 0.390869 0.018554 0.020996
0 0.474122 0.391846 0.028320 0.023926
0 0.706054 0.357910 0.015624 0.007812
0 0.624024 0.338379 0.017578 0.006836
0 0.161132 0.343506 0.058594 0.025879
0 0.250488 0.342041 0.032226 0.025879
0 0.379882 0.344238 0.054688 0.032227
0 0.467286 0.334961 0.030274 0.017578
0 0.333984 0.308594 0.031250 0.026367
0 0.213378 0.302002 0.024414 0.017090
0 0.097656 0.312988 0.052734 0.047852
0 0.231446 0.275391 0.060546 0.030273
0 0.377930 0.272461 0.044922 0.025391
0 0.328124 0.262695 0.027344 0.016602
0 0.137208 0.253662 0.045898 0.032715
