0 1.000488 0.864990 0.079102 0.016113
0 0.620118 0.780273 0.031250 0.012695
0 0.598144 0.706055 0.088868 0.052734
0 0.074218 0.640381 0.064454 0.036621
0 0.183106 0.618652 0.036132 0.030273
0 1.220214 0.600830 0.014648 0.008301
0 0.313964 0.604492 0.059570 0.043945
0 0.662110 0.561768 0.015624 0.011230
0 0.020508 0.567627 0.027344 0.055176
0 0.379394 0.546143 0.053710 0.033691
0 0.546386 0.473389 0.034180 0.020996
0 0.280762 0.462402 0.053710 0.037109
0 0.565918 0.422852 0.075196 0.026367
0 0.671876 0.407471 0.025390 0.014160
0 0.442382 0.392090 0.027344 0.025391
0 0.892578 0.380127 0.015624 0.007324
0 0.609864 0.372559 0.018554 0.010742
0 0.639648 0.348145 0.015624 0.007812
0 0.479004 0.342285 0.043946 0.032227
0 0.248536 0.352295 0.073242 0.055176
0 0.081542 0.338867 0.055664 0.033203
0 0.636230 0.302490 0.012696 0.006348
0 0.376464 0.310303 0.053710 0.037598
0 0.259766 0.287354 0.052734 0.027832
0 0.352050 0.258301 0.028320 0.016602
0 0.129394 0.259033 0.032226 0.027832
0 0.217774 0.254639 0.146484 0.092285
0 0.309570 0.214600 0.031250 0.016113
0 0.344238 0.192383 0.010742 0.004883
