0 1.265136 0.592773 0.026368 0.012695
0 0.774414 0.387207 0.015624 0.007812
0 0.845704 0.385742 0.021484 0.007812
0 1.036622 0.371338 0.018554 0.006348
0 0.929200 0.364746 0.012696 0.005859
0 0.841796 0.363525 0.013672 0.006348
0 1.190430 0.365479 0.035156 0.012207
0 1.155274 0.354248 0.029296 0.012207
0 1.297364 0.327148 0.014648 0.005859
0 1.499024 0.327637 0.023438 0.013672
0 1.017578 0.323242 0.027344 0.009766
0 1.056152 0.304199 0.030274 0.008789
0 1.119140 0.281494 0.025390 0.009277
0 1.302246 0.263672 0.022460 0.008789
0 1.672364 0.230225 0.026368 0.014160
0 1.552734 0.150635 0.064454 0.026855
0 0.755860 0.379395 0.021484 0.010742
