0 0.645996 0.785400 0.028320 0.012207
0 0.568360 0.694092 0.046876 0.045410
0 0.065430 0.627686 0.054688 0.047363
0 1.205566 0.602051 0.018554 0.010742
0 0.177246 0.609619 0.040040 0.041504
0 0.304688 0.595703 0.072266 0.041016
0 0.653808 0.555176 0.020508 0.010742
0 0.016602 0.545898 0.027344 0.042969
0 0.371094 0.537598 0.054688 0.031250
0 0.544922 0.462402 0.041016 0.020508
0 0.263672 0.450439 0.056640 0.038574
0 0.068848 0.436279 0.026368 0.022949
0 0.575684 0.412598 0.045898 0.026367
0 0.889160 0.379150 0.022460 0.009277
0 0.632812 0.372803 0.019532 0.011230
0 0.251954 0.354736 0.056640 0.043457
0 0.331054 0.326172 0.027344 0.020508
0 0.486328 0.327881 0.068360 0.046387
0 0.641602 0.295654 0.027344 0.011230
0 0.388672 0.291260 0.039062 0.023926
0 0.498536 0.285400 0.030274 0.017090
0 0.264160 0.282715 0.047852 0.024414
0 0.574708 0.264648 0.016602 0.008789
0 0.348144 0.253418 0.041992 0.023438
0 0.510742 0.228760 0.013672 0.006348
0 0.403320 0.210449 0.031250 0.014648
0 0.223632 0.244385 0.156250 0.094238
0 0.359864 0.201904 0.040040 0.020020
0 0.774414 0.348633 0.019532 0.007812
