0 0.642578 0.906494 0.023438 0.008301
0 0.539550 0.773193 0.028320 0.012207
0 0.477050 0.688477 0.059570 0.042969
0 1.267090 0.573486 0.024414 0.015137
0 1.027832 0.356689 0.020508 0.007324
0 0.835450 0.349121 0.018554 0.007812
0 1.180176 0.349365 0.034180 0.010254
0 1.142090 0.337891 0.032226 0.010742
0 1.283692 0.310303 0.026368 0.011230
0 1.004394 0.309570 0.024414 0.009766
0 1.482422 0.306885 0.017578 0.010254
0 1.102540 0.265869 0.027344 0.009277
0 1.284668 0.245850 0.022460 0.008301
0 1.651856 0.222900 0.028320 0.017090
0 1.573242 0.144775 0.054688 0.025879
0 1.171876 0.207275 0.017578 0.006348
