0 1.111328 0.944580 0.068360 0.015137
0 0.919922 0.906982 0.066406 0.011230
0 1.396972 0.794189 0.053710 0.019043
0 0.570800 0.750488 0.036132 0.017578
0 0.556640 0.676514 0.072266 0.040527
0 0.054688 0.640381 0.050782 0.049316
0 0.117676 0.604004 0.036132 0.057617
0 0.241210 0.588379 0.060546 0.063477
0 1.306152 0.549561 0.022460 0.014160
0 0.097168 0.541016 0.024414 0.030273
0 0.582520 0.532715 0.014648 0.014648
0 0.296386 0.533203 0.059570 0.064453
0 0.452636 0.447021 0.041992 0.027832
0 0.182618 0.448730 0.060546 0.034180
0 1.899414 0.433350 0.019532 0.015137
0 0.595214 0.391113 0.024414 0.017578
0 0.461426 0.399170 0.063476 0.036621
0 1.930664 0.384033 0.011718 0.009277
0 0.634278 0.362793 0.026368 0.013672
0 0.509278 0.350342 0.024414 0.018066
0 0.787110 0.339600 0.015624 0.008301
0 0.139160 0.347168 0.067382 0.052734
0 1.206542 0.318115 0.055664 0.020020
0 0.364746 0.319336 0.038086 0.027344
0 1.318360 0.283447 0.011718 0.006348
0 1.526368 0.281494 0.023438 0.013184
0 0.258300 0.288330 0.053710 0.032715
0 0.149902 0.264648 0.063476 0.048828
0 0.449218 0.242920 0.017578 0.010254
0 0.231934 0.239258 0.040040 0.026367
0 1.324708 0.218262 0.014648 0.007812
0 0.373046 0.214844 0.023438 0.013672
0 0.288086 0.196533 0.011718 0.006348
0 1.588378 0.186279 0.041992 0.020996
0 1.522460 0.108887 0.037110 0.014648
0 0.598144 0.293457 0.024414 0.011719
