0 1.023438 0.948242 0.095704 0.013672
0 0.825684 0.917480 0.118164 0.016602
0 0.708984 0.829590 0.091796 0.021484
0 0.498046 0.756836 0.029296 0.013672
0 0.496094 0.678711 0.080078 0.044922
0 0.187012 0.595703 0.057618 0.056641
0 1.257324 0.568359 0.024414 0.012695
0 0.041504 0.541992 0.016602 0.023438
0 0.533204 0.536133 0.021484 0.012695
0 0.248536 0.531494 0.057618 0.040527
0 1.883790 0.489258 0.013672 0.014648
0 0.416016 0.447998 0.035156 0.029785
0 1.895996 0.431885 0.016602 0.012207
0 0.146484 0.442139 0.052734 0.042480
0 1.031250 0.345703 0.021484 0.007812
0 1.187012 0.341553 0.036132 0.012207
0 0.836914 0.335693 0.013672 0.006348
0 1.151368 0.329102 0.039062 0.012695
0 1.292968 0.302979 0.027344 0.011230
0 1.495606 0.303955 0.024414 0.014160
0 1.011230 0.297119 0.028320 0.009277
0 1.049316 0.278076 0.032226 0.009277
0 1.110840 0.255615 0.012696 0.006348
0 1.141602 0.236328 0.017578 0.006836
0 1.698730 0.219727 0.051758 0.023438
0 1.336914 0.101807 0.046876 0.014160
0 1.431152 0.086182 0.038086 0.013184
0 0.949218 0.349365 0.033204 0.012207
0 0.069824 0.614746 0.045898 0.070312
