0 0.372070 0.844482 0.056640 0.047363
0 1.184570 0.774658 0.029296 0.010254
0 1.012696 0.768311 0.029296 0.007324
0 0.477050 0.714844 0.018554 0.010742
0 0.193848 0.693359 0.061524 0.037109
0 1.590332 0.663086 0.028320 0.020508
0 0.278320 0.641113 0.033204 0.022461
0 0.370606 0.622070 0.043946 0.026367
0 0.781738 0.594238 0.018554 0.010742
0 1.477540 0.580078 0.017578 0.011719
0 0.938476 0.573242 0.009766 0.004883
0 1.852540 0.563477 0.027344 0.036133
0 1.800782 0.541260 0.009766 0.004395
0 1.264648 0.520264 0.013672 0.010254
0 1.945312 0.499756 0.013672 0.017090
0 1.402344 0.472656 0.027344 0.015625
0 1.288086 0.457031 0.013672 0.006836
0 1.916504 0.455322 0.047852 0.036621
0 1.967286 0.416748 0.040040 0.058105
0 1.774414 0.377197 0.023438 0.023926
0 1.835938 0.350830 0.027344 0.020996
0 1.791504 0.298340 0.022460 0.015625
