0 1.152344 0.643066 0.011718 0.005859
0 1.325196 0.640625 0.017578 0.007812
0 0.362792 0.455811 0.028320 0.025879
0 0.022950 0.423340 0.024414 0.014648
0 0.161622 0.427002 0.059570 0.046387
0 0.499024 0.409424 0.025390 0.017090
0 1.210938 0.408203 0.033204 0.014648
0 0.381836 0.408203 0.039062 0.022461
0 1.551758 0.380859 0.015624 0.009766
0 1.350586 0.381348 0.019532 0.012695
0 1.069336 0.375732 0.019532 0.009277
0 0.399414 0.380371 0.025390 0.019531
0 0.469238 0.376953 0.028320 0.019531
0 1.885254 0.369141 0.018554 0.016602
0 1.106446 0.356934 0.021484 0.007812
0 0.278808 0.368164 0.043946 0.031250
0 0.548828 0.358643 0.021484 0.012207
0 0.172852 0.354004 0.050782 0.032227
0 1.169434 0.333496 0.022460 0.008789
0 0.094726 0.347656 0.093750 0.041016
0 0.479004 0.329346 0.020508 0.013184
0 1.353516 0.316162 0.021484 0.010254
0 1.200196 0.313232 0.019532 0.008301
0 0.260254 0.321045 0.032226 0.025879
0 0.407714 0.299072 0.018554 0.010254
0 0.325196 0.275391 0.023438 0.013672
0 0.176270 0.281250 0.051758 0.039062
0 0.258790 0.282227 0.060546 0.041992
0 0.244140 0.256348 0.013672 0.008789
0 1.718750 0.229004 0.035156 0.021484
0 1.505860 0.167725 0.060546 0.023926
0 1.241210 0.418457 0.029296 0.011719
0 0.248536 0.270264 0.040040 0.030762
0 0.145020 0.315674 0.043946 0.029785
