0 0.371582 0.859619 0.077148 0.051270
0 1.188964 0.786133 0.022460 0.007812
0 1.014160 0.781006 0.026368 0.008301
0 0.474122 0.729248 0.022460 0.010254
0 0.190918 0.708252 0.065430 0.038574
0 1.587402 0.676758 0.022460 0.016602
0 0.774902 0.607422 0.022460 0.009766
0 0.935546 0.591309 0.011718 0.004883
0 1.500976 0.577148 0.017578 0.012695
0 1.850586 0.577637 0.027344 0.028320
0 1.797364 0.541504 0.014648 0.011719
0 1.460938 0.538330 0.015624 0.011230
0 1.258790 0.531006 0.013672 0.006348
0 1.910644 0.494629 0.018554 0.024414
0 1.374024 0.475098 0.029296 0.018555
0 1.907714 0.455811 0.051758 0.036621
0 1.956542 0.417236 0.043946 0.049316
0 1.764160 0.383301 0.022460 0.019531
0 1.823730 0.354980 0.028320 0.024414
0 1.775878 0.297363 0.022460 0.015625
