0 0.646972 0.886230 0.040040 0.012695
0 0.545898 0.748047 0.027344 0.014648
0 0.483398 0.657959 0.052734 0.042480
0 1.282226 0.553467 0.017578 0.012207
0 0.071778 0.557373 0.036132 0.071777
0 0.550292 0.516113 0.016602 0.013672
0 0.073730 0.500977 0.045898 0.022461
0 0.260742 0.500488 0.064454 0.029297
0 0.194336 0.531738 0.066406 0.105469
0 1.895020 0.456543 0.030274 0.031250
0 0.447266 0.425293 0.035156 0.042969
0 0.163086 0.412354 0.058594 0.043457
0 1.906250 0.390381 0.021484 0.025879
0 0.625488 0.380127 0.024414 0.014160
0 0.471192 0.373047 0.043946 0.026367
0 1.034180 0.334961 0.023438 0.009766
0 1.186524 0.326416 0.025390 0.010254
0 1.152344 0.315674 0.039062 0.012207
0 0.147460 0.313477 0.056640 0.041992
0 1.007324 0.287842 0.022460 0.007324
0 1.287110 0.287109 0.029296 0.011719
0 0.368164 0.296387 0.037110 0.034180
0 1.494628 0.282959 0.018554 0.011230
0 1.044434 0.267090 0.034180 0.009766
0 0.228028 0.267090 0.030274 0.021484
0 0.424804 0.264160 0.033204 0.018555
0 1.104492 0.244873 0.023438 0.007324
0 0.284668 0.250977 0.045898 0.033203
0 0.165528 0.238770 0.036132 0.029297
0 1.661622 0.224854 0.022460 0.014160
0 1.284180 0.220215 0.011718 0.006836
0 0.254394 0.209229 0.043946 0.025879
0 0.301270 0.163330 0.036132 0.018066
0 1.622070 0.134277 0.058594 0.024414
0 0.740234 0.352539 0.023438 0.011719
