0 1.069824 0.971191 0.061524 0.018555
0 0.864746 0.914551 0.049804 0.011719
0 0.886230 0.830322 0.040040 0.011230
0 1.479492 0.819336 0.056640 0.023438
0 0.565430 0.746582 0.025390 0.011719
0 0.557128 0.670654 0.077148 0.043457
0 0.054688 0.611572 0.072266 0.043457
0 0.137208 0.588135 0.034180 0.036621
0 1.338868 0.570068 0.023438 0.013184
0 0.267090 0.576904 0.079102 0.041504
0 0.613282 0.529053 0.021484 0.012207
0 0.138672 0.521240 0.058594 0.021973
0 0.327636 0.517090 0.059570 0.024414
0 1.964356 0.488525 0.016602 0.018066
0 0.507324 0.448975 0.045898 0.020020
0 0.077636 0.441895 0.016602 0.017578
0 0.230958 0.435059 0.059570 0.033203
0 0.633790 0.392090 0.023438 0.017578
0 0.502930 0.395264 0.085938 0.024902
0 0.906738 0.377441 0.016602 0.007812
0 0.392578 0.363037 0.011718 0.009277
0 0.861328 0.359131 0.015624 0.007324
0 0.565430 0.354736 0.017578 0.009277
0 0.841308 0.350098 0.024414 0.009766
0 0.652344 0.349609 0.025390 0.011719
0 0.196290 0.339111 0.068360 0.037598
0 0.421876 0.317627 0.041016 0.026855
0 0.586914 0.272217 0.027344 0.012207
0 0.320800 0.289795 0.063476 0.049316
0 0.212890 0.259766 0.054688 0.034180
0 0.519042 0.242676 0.020508 0.011719
0 0.301758 0.228027 0.027344 0.018555
0 0.443360 0.214355 0.033204 0.014648
0 0.157714 0.241699 0.098632 0.070312
0 0.237792 0.188232 0.065430 0.026855
