0 0.983398 0.944336 0.013672 0.008789
0 0.906250 0.906982 0.070312 0.015137
0 1.343262 0.800293 0.047852 0.017578
0 0.553710 0.748291 0.033204 0.015137
0 0.535156 0.665771 0.097656 0.053223
0 0.045410 0.634521 0.022460 0.023926
0 0.224610 0.580811 0.056640 0.060059
0 1.289550 0.556396 0.018554 0.013184
0 0.078124 0.535645 0.011718 0.014648
0 0.283692 0.517578 0.053710 0.044922
0 1.891602 0.451416 0.025390 0.020996
0 0.443360 0.448486 0.041016 0.034668
0 0.173340 0.440186 0.057618 0.034668
0 1.936524 0.396973 0.009766 0.004883
0 0.443848 0.391113 0.086914 0.024414
0 0.592774 0.386230 0.023438 0.015625
0 0.643554 0.359619 0.033204 0.019043
0 0.501464 0.346436 0.024414 0.017090
0 0.131836 0.342285 0.068360 0.041016
0 1.221192 0.325684 0.034180 0.011719
0 1.185546 0.313965 0.039062 0.013672
0 0.360840 0.314209 0.041992 0.033691
0 1.323730 0.290039 0.026368 0.012695
0 1.528808 0.290283 0.026368 0.017090
0 0.597168 0.287109 0.018554 0.010742
0 0.249024 0.278809 0.044922 0.030273
0 0.518066 0.264893 0.026368 0.014160
0 0.141114 0.260010 0.055664 0.039551
0 0.441894 0.239258 0.012696 0.006836
0 1.333008 0.223877 0.019532 0.009277
0 0.233398 0.228760 0.035156 0.023926
0 1.173340 0.220215 0.028320 0.009766
0 1.614746 0.207520 0.030274 0.016602
0 0.375488 0.204834 0.022460 0.013184
0 1.225586 0.181396 0.013672 0.007324
0 0.295898 0.183350 0.027344 0.015137
0 1.576660 0.133301 0.045898 0.020508
0 1.392090 0.062988 0.038086 0.013672
0 0.665040 0.309326 0.029296 0.012207
0 0.100586 0.605469 0.037110 0.032227
