0 0.424316 0.842041 0.051758 0.045410
0 1.055664 0.754395 0.023438 0.007812
0 0.159668 0.747803 0.067382 0.048340
0 0.514160 0.708984 0.024414 0.013672
0 0.227050 0.690430 0.063476 0.041016
0 0.309570 0.639404 0.027344 0.022949
0 1.630372 0.623291 0.022460 0.018066
0 0.403808 0.616699 0.041992 0.027344
0 0.131348 0.601318 0.049804 0.044434
0 1.468750 0.567139 0.013672 0.008301
0 0.432618 0.563477 0.046876 0.032227
0 1.873536 0.516357 0.026368 0.035645
0 1.493164 0.504883 0.015624 0.015625
0 1.289062 0.499268 0.015624 0.011230
0 1.826660 0.500977 0.012696 0.022461
0 1.449218 0.457031 0.023438 0.017578
0 1.936036 0.413330 0.045898 0.026855
0 1.958008 0.363525 0.009766 0.006348
0 1.784668 0.344971 0.024414 0.021973
0 1.837402 0.311768 0.034180 0.028809
0 1.782226 0.258545 0.017578 0.012207
