0 1.187500 0.785400 0.076172 0.018066
0 1.159180 0.737549 0.041016 0.010254
0 1.307128 0.627441 0.020508 0.011719
0 0.909180 0.434082 0.021484 0.007812
0 0.797852 0.409424 0.021484 0.010254
0 1.230958 0.400146 0.030274 0.011230
0 0.727540 0.398438 0.017578 0.008789
0 1.199218 0.389648 0.031250 0.012695
0 1.339844 0.363281 0.021484 0.011719
0 1.539550 0.364014 0.022460 0.016113
0 1.060058 0.357178 0.020508 0.008301
0 0.614258 0.356689 0.019532 0.009277
0 1.875488 0.356445 0.018554 0.013672
0 1.166504 0.340820 0.026368 0.010742
0 1.098632 0.336914 0.013672 0.005859
0 0.541504 0.334229 0.020508 0.009277
0 1.160644 0.315186 0.020508 0.008301
0 0.472656 0.303955 0.025390 0.013184
0 1.342774 0.298340 0.013672 0.005859
0 0.400878 0.273193 0.016602 0.009277
0 0.319824 0.248779 0.028320 0.017090
0 0.172364 0.251465 0.053710 0.028320
0 0.247558 0.235596 0.077148 0.034668
0 1.417480 0.105225 0.028320 0.009277
