0 1.194824 0.927246 0.084960 0.013672
0 0.763184 0.871582 0.051758 0.012695
0 0.707032 0.798584 0.087890 0.061035
0 0.198242 0.752686 0.068360 0.036621
0 0.282714 0.737061 0.045898 0.026855
0 0.402832 0.708496 0.079102 0.041992
0 0.092774 0.670898 0.093750 0.051758
0 0.743652 0.648682 0.018554 0.008301
0 0.458496 0.647461 0.065430 0.028320
0 0.159180 0.574463 0.041016 0.030762
0 0.611816 0.563232 0.041992 0.020996
0 0.334960 0.562256 0.062500 0.035645
0 0.387696 0.544922 0.017578 0.014648
0 0.623536 0.512207 0.047852 0.019531
0 1.255860 0.501953 0.013672 0.008789
0 0.492676 0.486572 0.022460 0.018066
0 0.745606 0.465332 0.022460 0.010742
0 0.679200 0.461182 0.022460 0.013184
0 0.292968 0.466064 0.062500 0.039551
0 0.064454 0.457520 0.025390 0.028320
0 1.374024 0.447021 0.023438 0.013184
0 1.341308 0.433838 0.018554 0.008301
0 0.605958 0.436768 0.020508 0.014160
0 0.518066 0.436035 0.034180 0.018555
0 0.108886 0.438965 0.047852 0.041016
0 1.479492 0.409668 0.019532 0.013672
0 1.684082 0.410400 0.018554 0.018066
0 0.752442 0.404541 0.016602 0.007324
0 1.204590 0.400146 0.014648 0.007324
0 0.406738 0.404053 0.041992 0.023926
0 0.673340 0.383545 0.014648 0.007324
0 0.293458 0.389893 0.041992 0.022949
0 1.239746 0.382568 0.024414 0.010254
0 0.211426 0.383545 0.051758 0.033691
0 0.516114 0.374023 0.030274 0.016602
0 1.302734 0.357910 0.015624 0.007812
0 0.601074 0.354736 0.020508 0.011230
0 1.332520 0.349365 0.032226 0.016113
0 0.383790 0.351074 0.035156 0.024414
0 1.485840 0.341309 0.012696 0.005859
0 0.119628 0.354980 0.090820 0.040039
0 0.262208 0.347168 0.040040 0.033203
0 0.448242 0.304199 0.025390 0.013672
0 0.355468 0.305420 0.029296 0.018066
0 0.293458 0.312744 0.045898 0.034668
0 0.178710 0.293457 0.058594 0.033203
0 0.365234 0.283936 0.025390 0.016113
