0 0.670898 0.919189 0.035156 0.010254
0 1.264648 0.580322 0.023438 0.013184
0 0.811524 0.383057 0.023438 0.008301
0 0.771484 0.377930 0.017578 0.007812
0 1.022950 0.363037 0.022460 0.008301
0 0.916504 0.357910 0.020508 0.007812
0 0.827636 0.357422 0.020508 0.007812
0 1.158204 0.349365 0.058594 0.020020
0 1.279786 0.314697 0.024414 0.010254
0 1.001464 0.314697 0.030274 0.011230
0 1.480958 0.312988 0.026368 0.014648
0 1.037598 0.294678 0.020508 0.008301
0 1.099122 0.271973 0.014648 0.006836
0 1.126954 0.251465 0.013672 0.005859
0 1.647460 0.220459 0.035156 0.020020
0 1.547852 0.141846 0.060546 0.023926
0 0.750976 0.370850 0.021484 0.009277
