0 1.276856 0.596680 0.020508 0.012695
0 0.888672 0.384521 0.019532 0.007324
0 1.207520 0.374756 0.032226 0.011230
0 1.173340 0.361816 0.026368 0.009766
0 1.515136 0.338623 0.022460 0.013184
0 1.315918 0.337646 0.026368 0.012207
0 1.041016 0.329834 0.017578 0.007324
0 1.848144 0.329102 0.018554 0.012695
0 1.076660 0.311523 0.022460 0.007812
0 1.141602 0.289307 0.023438 0.007324
0 1.322754 0.273438 0.026368 0.010742
0 1.219726 0.231201 0.013672 0.006348
0 1.690918 0.234131 0.030274 0.018066
0 1.563476 0.156738 0.046876 0.022461
0 0.779296 0.377930 0.023438 0.010742
