0 0.691406 0.881592 0.031250 0.010254
0 0.596192 0.794434 0.055664 0.044922
0 0.132324 0.745117 0.016602 0.011719
0 0.209472 0.728027 0.036132 0.026367
0 0.328614 0.706299 0.065430 0.033691
0 1.224122 0.691895 0.018554 0.008789
0 1.399414 0.689453 0.031250 0.017578
0 0.061036 0.664795 0.020508 0.019043
0 0.674316 0.656982 0.016602 0.011230
0 0.391114 0.644531 0.057618 0.029297
0 0.095704 0.579590 0.056640 0.023438
0 0.557618 0.567383 0.044922 0.022461
0 0.281250 0.557373 0.050782 0.039551
0 1.384766 0.525391 0.015624 0.009766
0 0.582032 0.513428 0.041016 0.024902
0 1.796876 0.496338 0.015624 0.013184
0 0.448242 0.493164 0.025390 0.020508
0 0.354492 0.482666 0.015624 0.013184
0 1.326172 0.466797 0.025390 0.014648
0 1.299316 0.455811 0.010742 0.006348
0 0.251954 0.461182 0.056640 0.048340
0 0.036622 0.450439 0.026368 0.029785
0 0.347656 0.443848 0.019532 0.020508
0 0.484376 0.439209 0.029296 0.024902
0 1.698242 0.438721 0.025390 0.024902
0 1.436036 0.429932 0.012696 0.008301
0 1.635742 0.429199 0.017578 0.016602
0 0.718262 0.416748 0.012696 0.006348
0 0.079102 0.438232 0.048828 0.063965
0 1.194824 0.404541 0.014648 0.008301
0 0.389160 0.394531 0.041992 0.025391
0 1.969726 0.389648 0.025390 0.040039
0 0.268554 0.383789 0.033204 0.029297
0 0.180664 0.379639 0.046876 0.033691
0 0.450684 0.369873 0.024414 0.017090
0 0.355958 0.354248 0.024414 0.017090
0 0.467286 0.348145 0.024414 0.014648
0 0.118164 0.347656 0.050782 0.048828
0 0.248046 0.340332 0.054688 0.037109
0 0.268066 0.313477 0.038086 0.027344
0 0.364258 0.305176 0.021484 0.014648
0 0.156250 0.292236 0.044922 0.028809
