0 0.944824 0.947754 0.081054 0.016602
0 0.784180 0.916260 0.091796 0.018066
0 0.645996 0.822266 0.065430 0.016602
0 0.468262 0.745361 0.028320 0.014160
0 0.473632 0.656250 0.082032 0.062500
0 0.193848 0.603516 0.067382 0.074219
0 1.256348 0.569824 0.024414 0.011719
0 0.043946 0.557861 0.019532 0.020020
0 0.534668 0.544434 0.020508 0.013672
0 0.248536 0.539795 0.055664 0.036621
0 1.889160 0.492188 0.028320 0.027344
0 1.023926 0.347656 0.024414 0.007812
0 0.942382 0.350098 0.039062 0.020508
0 0.829102 0.339355 0.017578 0.005859
0 0.916016 0.329834 0.017578 0.006348
0 1.162110 0.334961 0.074218 0.024414
0 1.287598 0.303467 0.026368 0.010254
0 1.487792 0.303711 0.028320 0.014648
0 1.004882 0.298584 0.027344 0.007324
0 1.675292 0.289307 0.016602 0.008301
0 1.041992 0.279541 0.031250 0.010254
0 1.105468 0.257324 0.017578 0.005859
0 1.709960 0.222900 0.029296 0.015137
0 1.318848 0.103760 0.041992 0.012207
0 1.422364 0.080811 0.028320 0.011230
0 0.917968 0.341309 0.011718 0.005859
0 0.071290 0.622070 0.046876 0.070312
