0 0.753906 0.932861 0.046876 0.010254
0 0.699218 0.806641 0.037110 0.011719
0 0.610840 0.719238 0.043946 0.045898
0 0.110352 0.677490 0.085938 0.038574
0 0.201172 0.651367 0.048828 0.041016
0 0.327636 0.633301 0.061524 0.041016
0 1.222168 0.604248 0.020508 0.009277
0 0.672364 0.578125 0.018554 0.011719
0 0.034668 0.598389 0.047852 0.065918
0 0.387696 0.571289 0.058594 0.027344
0 0.554200 0.488770 0.040040 0.018555
0 0.271972 0.491943 0.059570 0.026855
0 0.569824 0.435059 0.045898 0.028320
0 0.434082 0.418945 0.010742 0.008789
0 0.598144 0.393555 0.022460 0.014648
0 0.243652 0.392090 0.053710 0.039062
0 0.314942 0.364502 0.022460 0.016113
0 0.465332 0.366943 0.036132 0.023926
0 0.623046 0.319092 0.015624 0.007324
0 0.241700 0.321289 0.045898 0.028320
0 0.371094 0.319092 0.046876 0.031738
0 0.475098 0.311035 0.032226 0.021484
0 0.156738 0.313721 0.061524 0.031738
0 0.546386 0.292725 0.010742 0.005371
0 0.103028 0.290527 0.036132 0.034180
0 0.333008 0.281250 0.041016 0.027344
0 0.481446 0.257568 0.019532 0.008301
0 0.381836 0.242188 0.052734 0.022461
0 0.331542 0.234131 0.041992 0.023926
0 0.766602 0.362793 0.017578 0.007812
