0 1.218750 0.931641 0.074218 0.027344
0 0.664062 0.861816 0.031250 0.011719
0 0.627930 0.782715 0.083984 0.049805
0 0.221680 0.702148 0.029296 0.021484
0 0.125000 0.709961 0.060546 0.041016
0 1.419434 0.681152 0.032226 0.016602
0 0.346680 0.681885 0.068360 0.041504
0 0.693848 0.640137 0.018554 0.009766
0 0.050292 0.630859 0.051758 0.046875
0 0.409668 0.620361 0.057618 0.029785
0 0.489258 0.560791 0.021484 0.014160
0 0.135254 0.562744 0.028320 0.024902
0 0.581054 0.551025 0.029296 0.015137
0 0.312988 0.553223 0.049804 0.040039
0 0.387208 0.538574 0.014648 0.018555
0 0.420898 0.515625 0.031250 0.029297
0 0.602540 0.510254 0.041016 0.022461
0 0.474122 0.483887 0.024414 0.018555
0 0.706542 0.459717 0.020508 0.012207
0 1.357910 0.456055 0.022460 0.012695
0 0.654786 0.456787 0.020508 0.014160
0 0.276856 0.457275 0.053710 0.039551
0 0.050782 0.448486 0.031250 0.032715
0 0.579102 0.430664 0.019532 0.014648
0 0.500976 0.434814 0.031250 0.021973
0 1.664550 0.418457 0.014648 0.009766
0 1.464844 0.418701 0.017578 0.014160
0 0.100586 0.429688 0.048828 0.052734
0 0.395508 0.398926 0.041016 0.024414
0 1.291992 0.370605 0.021484 0.008789
0 1.270020 0.369385 0.016602 0.008301
0 0.193848 0.374756 0.059570 0.034668
0 0.484864 0.362793 0.026368 0.017578
0 0.595214 0.354248 0.014648 0.008301
0 1.467774 0.350830 0.011718 0.006348
0 0.374512 0.345459 0.028320 0.020996
0 0.126954 0.348389 0.066406 0.041504
0 0.444824 0.302002 0.024414 0.015137
0 0.354004 0.298828 0.026368 0.017578
0 0.256348 0.338867 0.038086 0.034180
0 0.362792 0.279785 0.022460 0.014648
0 0.180176 0.281982 0.047852 0.032715
0 0.289550 0.311279 0.045898 0.046387
0 0.126954 0.453369 0.021484 0.020996
