0 0.416992 0.837402 0.062500 0.047852
0 1.055176 0.752930 0.028320 0.007812
0 0.158692 0.744141 0.063476 0.045898
0 0.515624 0.704834 0.021484 0.012207
0 0.226562 0.684814 0.058594 0.039551
0 0.308594 0.635254 0.025390 0.020508
0 1.640624 0.615479 0.021484 0.019043
0 0.404296 0.613037 0.042968 0.024902
0 0.133300 0.604004 0.045898 0.033203
0 0.044434 0.593018 0.014648 0.011230
0 1.465820 0.563721 0.015624 0.013184
0 0.435546 0.562500 0.041016 0.026367
0 1.499024 0.498291 0.013672 0.013184
0 1.878906 0.506592 0.019532 0.034668
0 1.295898 0.494873 0.015624 0.011230
0 1.834472 0.495117 0.012696 0.021484
0 1.459472 0.454346 0.024414 0.018066
0 1.935546 0.403809 0.041016 0.027344
0 1.787598 0.335938 0.022460 0.020508
0 1.846192 0.311768 0.036132 0.031738
0 1.787598 0.255127 0.024414 0.016113
