0 0.657714 0.909668 0.024414 0.007812
0 0.549316 0.777588 0.028320 0.012207
0 0.484376 0.693359 0.058594 0.042969
0 1.261718 0.578125 0.023438 0.015625
0 1.021972 0.356689 0.016602 0.007324
0 0.830566 0.350830 0.018554 0.007324
0 1.182128 0.348389 0.063476 0.024902
0 1.504394 0.320557 0.012696 0.005371
0 1.306152 0.318604 0.024414 0.011230
0 0.997558 0.309570 0.024414 0.009766
0 1.134766 0.269287 0.021484 0.008301
0 1.315430 0.253418 0.013672 0.005859
0 1.166504 0.250488 0.014648 0.006836
0 1.682128 0.242188 0.028320 0.015625
0 1.610352 0.160645 0.062500 0.028320
