0 0.453614 0.833496 0.053710 0.042969
0 1.091308 0.743652 0.026368 0.008789
0 0.194824 0.739258 0.071290 0.042969
0 0.548828 0.699707 0.021484 0.011719
0 0.260254 0.683594 0.059570 0.036133
0 0.435058 0.606934 0.036132 0.027344
0 1.666992 0.593018 0.029296 0.020996
0 0.159668 0.598145 0.049804 0.036133
0 0.099610 0.573975 0.013672 0.017090
0 1.455078 0.560059 0.011718 0.006836
0 0.464356 0.552979 0.041992 0.030762
0 0.329102 0.530029 0.021484 0.016113
0 1.861328 0.491455 0.011718 0.013184
0 1.523926 0.491211 0.012696 0.012695
0 1.323242 0.485840 0.015624 0.009766
0 1.900878 0.494873 0.028320 0.038574
0 1.506836 0.457275 0.027344 0.021973
0 1.340820 0.422363 0.013672 0.009766
0 1.963378 0.404785 0.045898 0.040039
0 1.818360 0.332764 0.015624 0.012207
0 1.877930 0.305908 0.039062 0.033691
0 1.814454 0.247314 0.021484 0.012207
