0 0.740722 0.969238 0.077148 0.017578
0 0.728028 0.843018 0.040040 0.012207
0 0.639160 0.750244 0.055664 0.049316
0 0.173340 0.726807 0.086914 0.050293
0 0.266602 0.705811 0.033204 0.023926
0 0.390136 0.682617 0.069336 0.036133
0 0.730958 0.625000 0.024414 0.011719
0 0.087890 0.639404 0.080078 0.053223
0 0.442382 0.620361 0.068360 0.026855
0 0.603028 0.537842 0.045898 0.018066
0 0.328614 0.536133 0.053710 0.033203
0 0.624024 0.484619 0.046876 0.022949
0 0.486816 0.465088 0.026368 0.020020
0 0.508300 0.440186 0.012696 0.006348
0 1.218262 0.427979 0.016602 0.009277
0 0.292968 0.442139 0.058594 0.042480
0 0.125000 0.425781 0.017578 0.016602
0 1.370606 0.422607 0.030274 0.013184
0 1.805176 0.427002 0.032226 0.025879
0 1.844238 0.417725 0.018554 0.014160
0 0.375000 0.417236 0.023438 0.014160
0 0.814942 0.407715 0.018554 0.008789
0 1.336426 0.410400 0.030274 0.015137
0 1.171876 0.407227 0.021484 0.009766
0 0.517090 0.411865 0.030274 0.022949
0 0.104004 0.405762 0.040040 0.041992
0 0.745606 0.385254 0.014648 0.005859
0 1.472168 0.383789 0.020508 0.012695
0 0.671386 0.363281 0.024414 0.011719
0 0.418458 0.368652 0.045898 0.026367
0 1.234864 0.359863 0.022460 0.009766
0 0.209472 0.365479 0.041992 0.026855
0 0.292968 0.364014 0.044922 0.030762
0 0.499512 0.348877 0.034180 0.020996
0 1.292480 0.336426 0.028320 0.010742
0 0.383790 0.332031 0.033204 0.021484
0 1.477050 0.319092 0.016602 0.008301
0 0.445800 0.303223 0.026368 0.015625
0 0.456054 0.278320 0.013672 0.005859
0 0.284668 0.305908 0.081054 0.063965
0 0.382812 0.282959 0.031250 0.019043
0 0.160156 0.305908 0.121094 0.095215
0 0.367676 0.261475 0.032226 0.018066
