0 1.191894 0.783447 0.047852 0.016113
0 1.173828 0.736572 0.033204 0.007324
0 1.301758 0.617676 0.025390 0.013672
0 0.890624 0.432129 0.021484 0.008789
0 1.072266 0.398926 0.013672 0.005859
0 1.223144 0.393799 0.028320 0.011230
0 1.190430 0.382568 0.031250 0.013184
0 0.670898 0.378174 0.015624 0.007324
0 1.332520 0.355713 0.022460 0.011230
0 0.605468 0.354492 0.021484 0.010742
0 1.531738 0.355469 0.020508 0.013672
0 1.047364 0.351562 0.022460 0.008789
0 1.145996 0.338379 0.026368 0.011719
0 1.092286 0.331055 0.028320 0.009766
0 1.153808 0.308594 0.022460 0.008789
0 0.459472 0.305176 0.030274 0.016602
0 1.334960 0.291016 0.025390 0.011719
0 0.389648 0.271973 0.011718 0.004883
0 0.305176 0.252686 0.024414 0.014160
0 0.218750 0.239746 0.046876 0.032227
0 1.415528 0.093506 0.043946 0.014160
0 0.788574 0.407227 0.024414 0.010742
