0 0.917968 0.951416 0.095704 0.017090
0 0.815918 0.927002 0.069336 0.015137
0 0.641114 0.829102 0.051758 0.016602
0 0.497558 0.761230 0.036132 0.016602
0 0.485840 0.681641 0.081054 0.042969
0 1.264648 0.575684 0.025390 0.011719
0 1.901856 0.505615 0.014648 0.012207
0 1.036622 0.356445 0.020508 0.007812
0 1.187988 0.351562 0.028320 0.010742
0 0.842774 0.346436 0.023438 0.009277
0 0.991700 0.345703 0.028320 0.011719
0 1.156250 0.339844 0.035156 0.012695
0 1.736328 0.328369 0.015624 0.009277
0 1.497558 0.314209 0.020508 0.011230
0 1.295410 0.313965 0.028320 0.011719
0 1.020996 0.307861 0.030274 0.012207
0 1.056152 0.289062 0.036132 0.009766
0 1.805664 0.271973 0.025390 0.014648
0 1.120606 0.267334 0.012696 0.006348
0 1.302246 0.249268 0.016602 0.007324
0 1.149414 0.247314 0.017578 0.007324
0 1.468750 0.078125 0.027344 0.009766
