0 0.463378 0.830322 0.057618 0.045410
0 1.090820 0.740234 0.027344 0.007812
0 0.203124 0.737061 0.068360 0.044434
0 0.556152 0.696045 0.014648 0.010254
0 0.268554 0.680176 0.058594 0.034180
0 0.442872 0.605225 0.038086 0.026855
0 1.673828 0.594238 0.023438 0.022461
0 0.168946 0.596191 0.050782 0.037109
0 1.447266 0.564209 0.015624 0.012207
0 0.471680 0.551758 0.044922 0.028320
0 0.336914 0.527344 0.025390 0.028320
0 1.530762 0.486084 0.014648 0.016113
0 1.332032 0.482422 0.013672 0.013672
0 1.906738 0.486816 0.030274 0.041016
0 1.518066 0.453125 0.026368 0.024414
0 1.346192 0.417236 0.012696 0.009277
0 1.967286 0.398438 0.036132 0.040039
0 1.821290 0.327148 0.023438 0.020508
0 1.881348 0.300293 0.047852 0.045898
0 1.819824 0.243652 0.022460 0.013672
