0 1.084960 0.798828 0.048828 0.015625
0 1.027832 0.742920 0.071290 0.013184
0 1.117676 0.681396 0.020508 0.008301
0 1.286132 0.681152 0.033204 0.014648
0 0.213868 0.686523 0.074218 0.044922
0 0.275878 0.628906 0.061524 0.048828
0 0.446290 0.555664 0.039062 0.025391
0 0.738770 0.522705 0.020508 0.010254
0 0.185058 0.545166 0.063476 0.060059
0 0.471680 0.499023 0.042968 0.030273
0 0.884766 0.473145 0.013672 0.006836
0 0.334472 0.475098 0.028320 0.024414
0 0.786132 0.461426 0.013672 0.005859
0 1.016602 0.457275 0.013672 0.006348
0 1.213378 0.454590 0.020508 0.007812
0 0.716308 0.447266 0.014648 0.008789
0 0.144532 0.438965 0.052734 0.050781
0 1.325684 0.417969 0.018554 0.009766
0 1.525390 0.416748 0.017578 0.012207
0 0.375000 0.421143 0.037110 0.028809
0 1.091308 0.395508 0.016602 0.007812
0 0.265136 0.385986 0.036132 0.029785
0 1.144042 0.368652 0.016602 0.007812
0 0.158692 0.365479 0.030274 0.025879
0 1.253418 0.353027 0.028320 0.013672
0 1.332520 0.350830 0.022460 0.012207
0 0.081054 0.362061 0.048828 0.035645
0 1.203124 0.342041 0.027344 0.011230
0 0.137696 0.323486 0.041016 0.038574
0 1.797852 0.249756 0.025390 0.016113
0 1.371094 0.192139 0.041016 0.014160
0 1.493164 0.140625 0.044922 0.017578
