0 1.210938 0.780029 0.033204 0.012207
0 1.196290 0.734619 0.029296 0.010254
0 1.291992 0.602539 0.021484 0.014648
0 0.833496 0.431152 0.022460 0.008789
0 0.690430 0.391602 0.019532 0.010742
0 1.041016 0.386230 0.011718 0.005859
0 1.195800 0.376953 0.028320 0.009766
0 1.159668 0.366455 0.032226 0.011230
0 1.081542 0.337402 0.032226 0.011719
0 1.298340 0.336426 0.024414 0.011719
0 1.499024 0.331543 0.021484 0.012695
0 1.052246 0.317871 0.028320 0.008789
0 1.141114 0.271484 0.026368 0.007812
0 1.296876 0.271729 0.025390 0.010254
0 1.357910 0.061768 0.045898 0.013184
0 0.640624 0.374756 0.023438 0.012207
