0 1.112792 0.993652 0.061524 0.008789
0 0.901856 0.934326 0.024414 0.007324
0 0.945312 0.849609 0.070312 0.015625
0 0.600586 0.767334 0.031250 0.013184
0 0.588378 0.690918 0.077148 0.043945
0 0.072266 0.628174 0.099610 0.050293
0 0.165040 0.611328 0.054688 0.042969
0 1.200684 0.586914 0.014648 0.008789
0 1.366210 0.588623 0.023438 0.014160
0 0.287598 0.597412 0.065430 0.043457
0 0.641602 0.549072 0.021484 0.011230
0 0.179200 0.542969 0.024414 0.022461
0 0.354492 0.536865 0.062500 0.030762
0 0.530762 0.462646 0.038086 0.018066
0 0.137696 0.454102 0.013672 0.020508
0 0.253906 0.449951 0.054688 0.036621
0 0.653320 0.401611 0.019532 0.012207
0 0.534180 0.407227 0.083984 0.035156
0 0.417968 0.383789 0.027344 0.020508
0 0.870118 0.367676 0.019532 0.007812
0 0.591308 0.368164 0.016602 0.012695
0 0.642578 0.349854 0.027344 0.012207
0 0.230468 0.353027 0.054688 0.041016
0 0.452148 0.334961 0.042968 0.023438
0 0.065918 0.326416 0.032226 0.042480
0 0.352540 0.296875 0.060546 0.033203
0 0.235840 0.277588 0.053710 0.031738
0 0.325684 0.245117 0.036132 0.022461
0 0.473144 0.227051 0.014648 0.007812
0 0.400390 0.199707 0.011718 0.005859
0 0.212890 0.243164 0.160156 0.096680
