0 0.379882 0.863281 0.076172 0.050781
0 1.195800 0.784668 0.022460 0.007812
0 1.020996 0.781006 0.026368 0.008301
0 0.469238 0.726807 0.043946 0.020996
0 0.179200 0.696777 0.063476 0.039062
0 1.590332 0.673340 0.024414 0.016602
0 0.777832 0.608887 0.022460 0.009766
0 0.937988 0.591309 0.010742 0.004883
0 1.502930 0.574219 0.017578 0.012695
0 1.852540 0.572754 0.027344 0.028320
0 1.797852 0.536865 0.013672 0.011230
0 1.462402 0.535400 0.016602 0.011230
0 1.258790 0.529541 0.013672 0.006348
0 1.909668 0.489014 0.018554 0.023926
0 1.373536 0.473145 0.028320 0.018555
0 1.906738 0.450439 0.051758 0.036621
0 1.954102 0.411377 0.044922 0.049316
0 1.760742 0.378418 0.023438 0.019531
0 1.820312 0.350098 0.029296 0.024414
0 1.770996 0.292480 0.022460 0.015625
