0 0.630372 0.775146 0.028320 0.012207
0 0.552734 0.685791 0.048828 0.042480
0 0.046876 0.621338 0.048828 0.036621
0 0.165040 0.607422 0.054688 0.041016
0 1.183594 0.585693 0.019532 0.009277
0 1.358398 0.586426 0.023438 0.014648
0 0.281250 0.592285 0.058594 0.041992
0 0.630860 0.546143 0.021484 0.012207
0 0.164062 0.536621 0.023438 0.021484
0 0.345214 0.533691 0.053710 0.031250
0 0.518066 0.454102 0.036132 0.022461
0 0.238282 0.450684 0.056640 0.034180
0 0.030274 0.430176 0.015624 0.020508
0 0.545410 0.405029 0.047852 0.026855
0 0.861816 0.365967 0.024414 0.009277
0 0.744628 0.332764 0.016602 0.006348
0 0.218750 0.348145 0.052734 0.046875
0 0.288086 0.324219 0.027344 0.022461
0 0.444336 0.333496 0.066406 0.051758
0 0.606934 0.285645 0.018554 0.009766
0 0.469238 0.284180 0.028320 0.017578
0 0.340332 0.293701 0.051758 0.044434
0 0.225586 0.284180 0.037110 0.028320
0 0.536622 0.255615 0.016602 0.008301
0 0.314454 0.245117 0.025390 0.016602
0 0.473144 0.220947 0.020508 0.011230
0 0.189942 0.243652 0.153320 0.109375
0 0.330566 0.187256 0.059570 0.039551
