0 0.966796 0.857178 0.074218 0.016113
0 0.608886 0.773193 0.028320 0.012207
0 0.589356 0.697266 0.084960 0.045898
0 0.079102 0.637939 0.091796 0.036621
0 0.172852 0.613770 0.041016 0.044922
0 1.208008 0.593750 0.013672 0.007812
0 0.306152 0.601318 0.075196 0.041504
0 0.653808 0.554199 0.020508 0.010742
0 0.015624 0.565918 0.017578 0.034180
0 0.365722 0.540283 0.063476 0.033691
0 0.538574 0.467285 0.041992 0.021484
0 0.270508 0.455811 0.048828 0.034668
0 0.885254 0.408936 0.012696 0.006348
0 0.541504 0.417236 0.088868 0.023926
0 0.665040 0.404785 0.033204 0.019531
0 0.904296 0.382568 0.017578 0.007324
0 0.429688 0.388184 0.027344 0.021484
0 0.883790 0.374268 0.019532 0.008301
0 0.606934 0.369873 0.016602 0.010254
0 0.647460 0.344727 0.019532 0.009766
0 0.767578 0.342529 0.023438 0.010254
0 0.232422 0.358154 0.070312 0.047363
0 0.077636 0.340332 0.036132 0.031250
0 0.466796 0.342285 0.078124 0.060547
0 0.633300 0.294189 0.018554 0.009277
0 0.371582 0.301758 0.053710 0.031250
0 0.253418 0.284912 0.065430 0.042480
0 0.566894 0.263428 0.026368 0.011230
0 0.345704 0.249512 0.031250 0.015625
0 0.497070 0.229980 0.017578 0.009766
0 0.210938 0.250244 0.158204 0.102051
0 0.428222 0.201416 0.010742 0.007324
0 0.307128 0.205078 0.028320 0.014648
0 0.347168 0.180420 0.018554 0.009277
