0 1.116700 0.614746 0.014648 0.006836
0 1.286622 0.609619 0.026368 0.014160
0 0.790528 0.409424 0.016602 0.008301
0 1.039550 0.394287 0.014648 0.006348
0 1.191406 0.383789 0.023438 0.008789
0 1.157714 0.373535 0.026368 0.011719
0 1.009278 0.344971 0.022460 0.007324
0 1.293458 0.342773 0.024414 0.011719
0 1.492676 0.336914 0.012696 0.005859
0 1.045898 0.325439 0.027344 0.009277
0 0.514648 0.326416 0.023438 0.013184
0 1.824218 0.315186 0.021484 0.015137
0 1.105958 0.301025 0.022460 0.007324
0 0.447266 0.295166 0.017578 0.008301
0 1.133790 0.278564 0.013672 0.006348
0 1.288574 0.277588 0.020508 0.007324
0 0.290528 0.243408 0.034180 0.019043
0 0.149902 0.244629 0.043946 0.038086
0 0.213868 0.221680 0.021484 0.010742
0 0.227540 0.232666 0.046876 0.032715
0 1.647460 0.206543 0.031250 0.015625
0 1.483398 0.142334 0.066406 0.024902
0 0.771484 0.400879 0.023438 0.011719
