0 0.768554 0.974854 0.083984 0.020996
0 0.747558 0.848877 0.043946 0.013184
0 0.655274 0.757324 0.060546 0.048828
0 0.159668 0.712402 0.084960 0.048828
0 0.254394 0.693848 0.032226 0.024414
0 0.378906 0.672607 0.068360 0.036621
0 0.723144 0.621338 0.024414 0.011230
0 0.072754 0.625244 0.065430 0.051270
0 0.438476 0.611816 0.056640 0.027344
0 0.602050 0.533203 0.055664 0.018555
0 0.327148 0.528809 0.054688 0.031250
0 0.628418 0.481445 0.049804 0.025391
0 0.490234 0.460693 0.025390 0.017090
0 0.506348 0.434570 0.018554 0.014648
0 1.218750 0.429688 0.021484 0.010742
0 1.801758 0.427246 0.029296 0.026367
0 1.844238 0.418945 0.020508 0.020508
0 0.294922 0.430664 0.062500 0.046875
0 1.367676 0.423096 0.026368 0.013184
0 1.172852 0.410645 0.021484 0.010742
0 0.819824 0.407715 0.016602 0.007812
0 0.380372 0.408936 0.024414 0.021973
0 0.521972 0.405762 0.030274 0.025391
0 0.114746 0.401367 0.053710 0.040039
0 1.471680 0.385254 0.017578 0.011719
0 0.754394 0.383057 0.016602 0.008301
0 1.198242 0.380127 0.013672 0.006348
0 1.235352 0.362549 0.023438 0.010254
0 0.679200 0.361328 0.024414 0.011719
0 0.424804 0.362549 0.042968 0.024902
0 0.223144 0.356445 0.030274 0.020508
0 0.302734 0.354492 0.050782 0.032227
0 0.503906 0.345215 0.029296 0.016602
0 1.296876 0.340332 0.025390 0.012695
0 0.611816 0.332275 0.022460 0.011230
0 1.478028 0.321533 0.014648 0.007324
0 0.391114 0.326416 0.030274 0.021973
0 0.456054 0.299561 0.023438 0.015137
0 0.459960 0.278564 0.025390 0.013184
0 0.290040 0.301514 0.076172 0.060059
0 0.394042 0.276855 0.030274 0.017578
0 0.176758 0.299072 0.099610 0.088379
0 1.338868 0.414795 0.033204 0.017090
0 0.379882 0.255127 0.023438 0.014160
