0 0.443360 0.834717 0.054688 0.043457
0 1.075684 0.746826 0.020508 0.008301
0 0.189454 0.739746 0.074218 0.049805
0 0.538086 0.700439 0.025390 0.014160
0 0.248536 0.681152 0.061524 0.037109
0 0.427246 0.607910 0.038086 0.028320
0 1.661622 0.599854 0.024414 0.018066
0 0.154296 0.598389 0.050782 0.035645
0 0.083008 0.578369 0.017578 0.023926
0 1.457032 0.561768 0.013672 0.011230
0 0.457520 0.556641 0.041992 0.029297
0 1.515624 0.489258 0.013672 0.014648
0 1.315430 0.486816 0.017578 0.009766
0 1.898438 0.492676 0.029296 0.037109
0 1.491210 0.450684 0.021484 0.014648
0 1.327636 0.420410 0.012696 0.007812
0 1.957032 0.395264 0.046876 0.029785
0 1.806152 0.328125 0.024414 0.020508
0 1.855468 0.292725 0.029296 0.020996
0 1.799804 0.245117 0.025390 0.018555
