0 0.962402 0.989258 0.059570 0.008789
0 1.202148 0.895996 0.089844 0.023438
0 0.711426 0.840332 0.041992 0.013672
0 0.666016 0.765869 0.089844 0.058105
0 0.164062 0.712158 0.068360 0.033691
0 0.252442 0.698486 0.032226 0.023926
0 0.377442 0.676514 0.067382 0.033691
0 0.074708 0.638672 0.073242 0.043945
0 0.717774 0.617920 0.021484 0.011230
0 0.430664 0.612061 0.058594 0.028809
0 0.127442 0.537842 0.061524 0.024902
0 0.588378 0.534668 0.045898 0.019531
0 0.314454 0.527832 0.066406 0.040039
0 0.607910 0.484131 0.043946 0.020996
0 0.477050 0.458740 0.026368 0.019043
0 0.803710 0.447998 0.011718 0.006348
0 0.682128 0.445557 0.024414 0.013184
0 1.203614 0.421875 0.016602 0.007812
0 0.272460 0.433838 0.066406 0.037598
0 1.352050 0.412842 0.028320 0.011230
0 0.600098 0.413330 0.022460 0.015137
0 0.502442 0.410156 0.030274 0.022461
0 0.801758 0.402344 0.017578 0.009766
0 1.315430 0.401123 0.021484 0.010254
0 0.097168 0.412109 0.061524 0.046875
0 0.735352 0.379883 0.023438 0.010742
0 1.181152 0.374023 0.018554 0.007812
0 1.454102 0.373047 0.019532 0.010742
0 0.393554 0.376465 0.042968 0.028320
0 0.558106 0.369629 0.030274 0.014648
0 1.656250 0.368164 0.019532 0.013672
0 0.658204 0.357910 0.023438 0.010742
0 0.202148 0.361084 0.029296 0.020996
0 1.218750 0.353760 0.023438 0.009277
0 0.281738 0.355713 0.049804 0.032715
0 0.586914 0.331299 0.019532 0.010254
0 1.276856 0.330566 0.024414 0.010742
0 0.365234 0.323486 0.031250 0.019043
0 0.137208 0.330566 0.049804 0.037109
0 0.249512 0.320312 0.041992 0.031250
0 1.456542 0.309082 0.022460 0.010742
0 1.345704 0.290771 0.027344 0.013184
0 0.279296 0.289062 0.048828 0.026367
0 0.332520 0.277588 0.026368 0.017090
0 0.166016 0.268066 0.041016 0.025391
0 0.348144 0.260010 0.020508 0.009277
0 1.350098 0.270020 0.034180 0.014648
