0 0.139160 0.687988 0.028320 0.022461
0 1.341308 0.670654 0.018554 0.007324
0 1.171386 0.669189 0.024414 0.008301
0 0.269042 0.671143 0.073242 0.041504
0 0.614258 0.627930 0.023438 0.012695
0 0.329590 0.611328 0.055664 0.031250
0 0.415528 0.541992 0.024414 0.023438
0 0.500488 0.535400 0.038086 0.023926
0 0.055176 0.524658 0.036132 0.033691
0 0.380860 0.512939 0.023438 0.015137
0 0.230958 0.523682 0.049804 0.036621
0 0.352540 0.481201 0.013672 0.009277
0 0.525390 0.487305 0.042968 0.027344
0 0.399902 0.456787 0.024414 0.022949
0 1.273438 0.441650 0.027344 0.011230
0 1.025878 0.429932 0.012696 0.006348
0 1.244628 0.430420 0.024414 0.012207
0 0.554688 0.422363 0.025390 0.014648
0 0.732910 0.416016 0.014648 0.008789
0 0.062500 0.418457 0.029296 0.020508
0 0.203124 0.426758 0.060546 0.042969
0 0.427246 0.411621 0.038086 0.023438
0 1.583984 0.406494 0.017578 0.015137
0 1.384278 0.405518 0.022460 0.013184
0 0.561036 0.406006 0.026368 0.017090
0 1.917968 0.398438 0.015624 0.014648
0 1.131348 0.393311 0.016602 0.007324
0 0.480468 0.394775 0.019532 0.017090
0 0.037598 0.391602 0.036132 0.046875
0 0.597656 0.364014 0.015624 0.008301
0 0.327636 0.368896 0.043946 0.029785
0 1.206054 0.357178 0.025390 0.010254
0 0.136718 0.341309 0.066406 0.040039
0 0.083496 0.316162 0.040040 0.032715
0 0.315430 0.319092 0.035156 0.026855
0 1.286132 0.296875 0.017578 0.006836
0 0.303222 0.273193 0.030274 0.018066
0 0.215332 0.293701 0.077148 0.063965
0 0.126954 0.258545 0.025390 0.020996
0 0.307128 0.253418 0.026368 0.014648
0 1.761230 0.237549 0.034180 0.022949
0 1.516114 0.182373 0.059570 0.025879
0 0.348144 0.309082 0.038086 0.021484
0 0.227050 0.353271 0.012696 0.007324
0 1.141602 0.379150 0.021484 0.009277
