0 0.872558 0.992920 0.059570 0.009277
0 1.154786 0.916260 0.077148 0.018066
0 0.651856 0.833984 0.041992 0.014648
0 0.629882 0.753906 0.091796 0.052734
0 0.126954 0.683594 0.046876 0.035156
0 0.223632 0.674316 0.035156 0.025391
0 0.353028 0.653809 0.063476 0.040039
0 0.701172 0.613770 0.017578 0.009766
0 0.421386 0.597412 0.069336 0.027832
0 0.058106 0.601807 0.073242 0.054199
0 0.588868 0.525146 0.039062 0.020996
0 0.134766 0.511719 0.050782 0.029297
0 0.320312 0.519775 0.060546 0.058105
0 0.343262 0.491211 0.016602 0.019531
0 0.621582 0.476318 0.049804 0.020996
0 0.791992 0.443359 0.017578 0.006836
0 0.490722 0.443848 0.026368 0.020508
0 1.217774 0.436523 0.017578 0.009766
0 0.693360 0.436523 0.023438 0.012695
0 1.369628 0.432129 0.024414 0.010742
0 1.335450 0.420166 0.026368 0.012207
0 0.822754 0.403076 0.016602 0.008301
0 0.623536 0.403809 0.016602 0.010742
0 0.295410 0.412109 0.061524 0.041016
0 1.474122 0.396973 0.020508 0.012695
0 1.676758 0.398193 0.019532 0.017090
0 1.200684 0.389893 0.014648 0.007324
0 0.526368 0.395508 0.035156 0.023438
0 0.762208 0.377441 0.018554 0.009766
0 1.239746 0.369385 0.026368 0.010254
0 0.120118 0.378418 0.048828 0.036133
0 0.568360 0.350098 0.033204 0.014648
0 1.485840 0.332031 0.022460 0.011719
0 0.319336 0.337158 0.050782 0.026855
0 0.232910 0.330566 0.036132 0.031250
0 1.363282 0.318848 0.025390 0.012695
0 0.407226 0.308350 0.029296 0.019043
0 0.169434 0.296143 0.051758 0.044434
0 0.476562 0.264893 0.031250 0.015137
0 0.402344 0.250488 0.074218 0.036133
0 0.212890 0.242432 0.042968 0.027832
0 0.334472 0.263916 0.131836 0.096191
0 0.078124 0.392334 0.019532 0.014160
0 0.159668 0.402588 0.012696 0.011230
0 0.423340 0.358154 0.047852 0.032715
