0 0.431640 0.838379 0.056640 0.044922
0 1.070312 0.750000 0.013672 0.006836
0 0.170410 0.742676 0.067382 0.049805
0 0.522460 0.702637 0.015624 0.008789
0 0.239258 0.686523 0.060546 0.037109
0 0.316894 0.634521 0.024414 0.016113
0 1.645020 0.611328 0.020508 0.015625
0 0.412598 0.612549 0.038086 0.022949
0 0.061036 0.587646 0.012696 0.013184
0 0.142090 0.600342 0.049804 0.037598
0 1.463868 0.563232 0.015624 0.012207
0 0.445312 0.562012 0.042968 0.026367
0 1.883300 0.501953 0.018554 0.028320
0 1.300782 0.492920 0.017578 0.012207
0 1.838378 0.492432 0.012696 0.019043
0 1.467286 0.453125 0.028320 0.022461
0 1.937988 0.399658 0.040040 0.027832
0 1.788086 0.330078 0.027344 0.024414
0 1.844726 0.303223 0.029296 0.024414
0 1.788086 0.251709 0.025390 0.016113
