0 1.105958 0.621826 0.020508 0.008301
0 1.278808 0.620605 0.024414 0.010742
0 0.943848 0.394287 0.016602 0.007324
0 1.204590 0.393066 0.026368 0.009766
0 1.168458 0.381104 0.030274 0.011230
0 1.508300 0.351318 0.012696 0.006348
0 1.309082 0.354492 0.024414 0.012695
0 1.026368 0.350586 0.025390 0.008789
0 1.063476 0.330811 0.025390 0.008301
0 0.361816 0.330322 0.032226 0.024902
0 1.309570 0.288574 0.015624 0.006836
0 1.154786 0.285645 0.014648 0.006836
0 0.360352 0.277588 0.015624 0.009277
0 0.280762 0.254639 0.016602 0.009277
0 0.139160 0.255615 0.053710 0.041504
0 0.212890 0.247070 0.041016 0.034180
0 1.681152 0.225098 0.028320 0.016602
0 1.511230 0.156494 0.067382 0.025879
0 0.767090 0.408447 0.024414 0.011230
