0 0.750488 0.942383 0.081054 0.018555
0 0.707520 0.816406 0.040040 0.011719
0 0.621094 0.729492 0.048828 0.044922
0 0.111816 0.687500 0.067382 0.038086
0 0.216308 0.666504 0.043946 0.042969
0 0.342286 0.641846 0.061524 0.037598
0 1.235352 0.615723 0.015624 0.008789
0 0.684570 0.589355 0.017578 0.009766
0 0.042968 0.608154 0.056640 0.063965
0 0.398926 0.583008 0.055664 0.029297
0 0.562988 0.501953 0.036132 0.018555
0 0.283692 0.501465 0.053710 0.030273
0 0.578614 0.450195 0.041992 0.026367
0 0.572754 0.406982 0.012696 0.006348
0 0.249024 0.404785 0.050782 0.051758
0 0.323242 0.381348 0.017578 0.015625
0 0.769532 0.375244 0.015624 0.006348
0 0.472168 0.381104 0.047852 0.025879
0 0.248536 0.333008 0.028320 0.015625
0 0.374512 0.337158 0.043946 0.031738
0 0.164062 0.329590 0.052734 0.029297
0 0.471192 0.325195 0.034180 0.021484
0 0.098632 0.299316 0.046876 0.048828
0 0.225098 0.295654 0.024414 0.017090
0 0.333496 0.298828 0.036132 0.027344
0 0.373046 0.262451 0.033204 0.019043
0 0.328124 0.254150 0.035156 0.018066
0 0.138672 0.248779 0.019532 0.017090
0 0.267090 0.243652 0.106446 0.068359
0 0.399902 0.252197 0.014648 0.007324
