0 1.201660 0.780762 0.041992 0.011719
0 1.191894 0.735352 0.024414 0.008789
0 1.294922 0.605225 0.023438 0.013184
0 0.839356 0.429932 0.020508 0.008301
0 0.764648 0.400146 0.011718 0.006348
0 0.849122 0.383301 0.016602 0.006836
0 1.200196 0.379395 0.033204 0.010742
0 1.166992 0.368164 0.031250 0.010742
0 0.580566 0.353271 0.018554 0.011230
0 1.023438 0.340332 0.015624 0.006836
0 1.306152 0.340576 0.026368 0.013184
0 1.093262 0.337158 0.028320 0.010254
0 1.506836 0.336914 0.021484 0.013672
0 1.061036 0.319824 0.024414 0.007812
0 1.120118 0.296387 0.025390 0.007812
0 1.303222 0.275146 0.020508 0.009277
0 1.148926 0.274170 0.024414 0.008301
0 1.372558 0.066895 0.038086 0.012695
