0 1.128906 0.794434 0.035156 0.009766
0 1.108398 0.744629 0.031250 0.009766
0 1.156738 0.642822 0.022460 0.008301
0 1.325684 0.641113 0.028320 0.015625
0 0.967286 0.441406 0.020508 0.008789
0 0.819336 0.422607 0.013672 0.006348
0 1.250000 0.418457 0.033204 0.013672
0 1.215332 0.406250 0.032226 0.012695
0 0.170410 0.387207 0.016602 0.010742
0 1.355468 0.380615 0.021484 0.011230
0 1.555176 0.379883 0.020508 0.014648
0 1.081054 0.373535 0.021484 0.008789
0 0.413574 0.377441 0.036132 0.029297
0 0.644532 0.362793 0.023438 0.011719
0 1.115722 0.355713 0.022460 0.008301
0 1.216796 0.345703 0.031250 0.013672
0 0.570800 0.341309 0.016602 0.007812
0 1.180664 0.333496 0.021484 0.009766
0 0.303222 0.340088 0.047852 0.030762
0 0.200684 0.325928 0.032226 0.021973
0 1.363770 0.317139 0.020508 0.010254
0 0.118652 0.314697 0.030274 0.019043
0 0.289550 0.292725 0.038086 0.021973
0 0.440430 0.274902 0.019532 0.008789
0 1.277832 0.274414 0.028320 0.010742
0 0.361328 0.250000 0.029296 0.015625
0 0.192872 0.268799 0.079102 0.059082
0 0.269532 0.243896 0.029296 0.017090
0 0.284180 0.228271 0.025390 0.016113
0 1.434570 0.133301 0.031250 0.011719
0 1.569824 0.091309 0.051758 0.017578
