0 0.633790 0.867676 0.033204 0.011719
0 0.592286 0.789551 0.077148 0.053711
0 0.114746 0.729736 0.012696 0.008301
0 0.186036 0.710693 0.030274 0.022949
0 1.217286 0.683105 0.016602 0.008789
0 1.389160 0.679443 0.032226 0.015137
0 0.310546 0.688477 0.068360 0.042969
0 0.655762 0.643555 0.020508 0.011719
0 0.375000 0.625977 0.062500 0.033203
0 0.032714 0.618408 0.018554 0.024902
0 0.455566 0.563232 0.026368 0.022949
0 0.540040 0.552734 0.041016 0.025391
0 0.096680 0.543457 0.017578 0.022461
0 0.273438 0.542480 0.050782 0.039062
0 0.377442 0.528809 0.016602 0.017578
0 0.387696 0.504150 0.027344 0.020996
0 0.566406 0.505371 0.042968 0.024414
0 0.440430 0.473633 0.023438 0.020508
0 1.314454 0.453613 0.023438 0.010742
0 0.612304 0.445312 0.021484 0.015625
0 1.281738 0.441650 0.024414 0.011230
0 0.646972 0.441406 0.020508 0.014648
0 0.103028 0.436523 0.020508 0.019531
0 0.248046 0.442627 0.052734 0.041504
0 0.024414 0.430908 0.029296 0.024902
0 0.471192 0.425293 0.030274 0.022461
0 0.539062 0.417480 0.017578 0.015625
0 1.422364 0.415039 0.020508 0.014648
0 1.621094 0.412109 0.015624 0.012695
0 1.199708 0.398926 0.018554 0.008789
0 1.238282 0.392090 0.021484 0.011719
0 0.070800 0.408447 0.053710 0.048340
0 0.638184 0.380371 0.012696 0.007812
0 1.266114 0.379395 0.016602 0.009766
0 0.370606 0.385742 0.041992 0.029297
0 0.180176 0.360840 0.038086 0.027344
0 0.574708 0.348877 0.018554 0.011230
0 0.432618 0.339600 0.027344 0.018066
0 0.355958 0.333496 0.028320 0.022461
0 0.238282 0.324219 0.041016 0.032227
0 0.116700 0.327393 0.047852 0.041504
0 0.427734 0.292236 0.013672 0.007324
0 0.347168 0.283203 0.026368 0.018555
0 0.273438 0.288818 0.048828 0.032715
0 0.164550 0.267090 0.051758 0.035156
0 1.834472 0.256592 0.032226 0.023926
0 1.561036 0.199463 0.057618 0.026855
0 1.354980 0.324219 0.020508 0.010742
