0 0.548340 0.898926 0.030274 0.010742
0 0.477050 0.813477 0.057618 0.043945
0 1.288086 0.732422 0.033204 0.013672
0 0.219726 0.713379 0.070312 0.046875
0 0.572754 0.676758 0.016602 0.008789
0 0.289550 0.661621 0.053710 0.032227
0 0.465820 0.587402 0.041016 0.021484
0 1.706542 0.569824 0.022460 0.019531
0 0.195312 0.575195 0.052734 0.039062
0 1.431640 0.554443 0.013672 0.009277
0 0.169922 0.530029 0.011718 0.009277
0 0.498046 0.535400 0.042968 0.025879
0 0.361816 0.507324 0.022460 0.023438
0 1.557618 0.472900 0.013672 0.011230
0 0.010254 0.476318 0.020508 0.021973
0 1.358398 0.469238 0.017578 0.012695
0 0.176758 0.475830 0.039062 0.045410
0 1.927246 0.465820 0.032226 0.038086
0 1.568848 0.449219 0.024414 0.021484
0 1.374024 0.405029 0.011718 0.006348
0 1.847656 0.312744 0.023438 0.019043
