0 0.650390 0.785889 0.035156 0.013184
0 0.572754 0.695312 0.040040 0.042969
0 0.081054 0.633789 0.083984 0.045898
0 0.174804 0.616699 0.054688 0.043945
0 1.203614 0.596680 0.012696 0.006836
0 0.304688 0.599609 0.068360 0.042969
0 0.652344 0.556152 0.017578 0.012695
0 0.016602 0.562256 0.019532 0.029785
0 0.367188 0.545166 0.052734 0.021973
0 0.537598 0.468750 0.038086 0.023438
0 0.256836 0.463135 0.060546 0.033691
0 0.058106 0.451416 0.024414 0.020020
0 0.563476 0.418945 0.044922 0.027344
0 0.430664 0.398193 0.015624 0.011230
0 0.881348 0.377930 0.018554 0.007812
0 0.240234 0.367432 0.056640 0.043457
0 0.313476 0.339600 0.023438 0.018066
0 0.472168 0.338867 0.065430 0.045898
0 0.479004 0.295410 0.022460 0.013672
0 0.243164 0.292480 0.046876 0.028320
0 0.388184 0.294189 0.081054 0.058105
0 0.558106 0.270508 0.024414 0.013672
0 0.329590 0.261719 0.024414 0.016602
0 0.466796 0.242188 0.019532 0.009766
0 0.182618 0.270996 0.123046 0.077148
0 0.381348 0.220215 0.032226 0.016602
0 0.252930 0.220215 0.048828 0.022461
0 0.312988 0.197266 0.012696 0.007812
0 0.332520 0.210938 0.053710 0.037109
0 0.764160 0.347900 0.016602 0.006348
