0 0.721680 0.923340 0.027344 0.007812
0 0.678222 0.797852 0.030274 0.009766
0 0.593750 0.706299 0.044922 0.042480
0 0.080566 0.653076 0.057618 0.038574
0 0.188476 0.629639 0.037110 0.044434
0 0.317382 0.614746 0.072266 0.038086
0 1.222168 0.600098 0.020508 0.010742
0 0.662110 0.566650 0.021484 0.012207
0 0.021972 0.570557 0.036132 0.066895
0 0.378906 0.552490 0.054688 0.034668
0 0.548340 0.474609 0.034180 0.016602
0 0.062012 0.457520 0.010742 0.004883
0 0.264160 0.469727 0.061524 0.034180
0 0.573242 0.424316 0.044922 0.027344
0 0.440430 0.400391 0.021484 0.016602
0 0.890136 0.382568 0.024414 0.008301
0 0.622070 0.380127 0.025390 0.015137
0 0.836914 0.375000 0.011718 0.005859
0 0.248046 0.373291 0.048828 0.041504
0 0.774902 0.351807 0.020508 0.009277
0 0.324708 0.342773 0.024414 0.018555
0 0.471680 0.346924 0.046876 0.031738
0 0.636230 0.304443 0.018554 0.009277
0 0.381836 0.300537 0.042968 0.032715
0 0.255860 0.294434 0.052734 0.028320
0 0.499024 0.290283 0.052734 0.028809
0 0.570800 0.273682 0.018554 0.009277
0 0.180176 0.283447 0.073242 0.048340
0 0.350098 0.261963 0.040040 0.027832
0 0.129882 0.259277 0.044922 0.037109
0 0.395020 0.223633 0.030274 0.015625
0 0.422852 0.215332 0.011718 0.005859
0 0.353516 0.209961 0.058594 0.040039
0 0.235840 0.254395 0.020508 0.011719
0 0.269532 0.218994 0.074218 0.030762
