0 0.565430 0.895264 0.033204 0.011230
0 0.494628 0.811035 0.049804 0.042969
0 1.300292 0.727295 0.028320 0.011230
0 1.124024 0.725098 0.021484 0.007812
0 0.241700 0.718018 0.067382 0.041504
0 0.295410 0.654053 0.069336 0.043457
0 0.466796 0.577148 0.039062 0.023438
0 1.710450 0.570557 0.024414 0.022949
0 0.195800 0.561523 0.047852 0.039062
0 0.504394 0.527344 0.041992 0.027344
0 0.183594 0.514160 0.013672 0.021484
0 1.252930 0.504150 0.025390 0.007324
0 0.369140 0.497314 0.027344 0.020996
0 1.901856 0.478516 0.014648 0.013672
0 1.566406 0.476562 0.013672 0.016602
0 1.367188 0.469238 0.015624 0.011719
0 1.932618 0.469727 0.033204 0.042969
0 1.584472 0.456299 0.049804 0.022949
0 0.281250 0.450684 0.013672 0.015625
0 0.180176 0.459229 0.049804 0.052246
0 0.020020 0.442871 0.030274 0.058594
0 1.195800 0.416260 0.012696 0.006348
0 1.384766 0.405273 0.017578 0.012695
0 1.864258 0.319824 0.019532 0.014648
0 0.160156 0.750488 0.019532 0.009766
