0 0.156250 0.704346 0.033204 0.024902
0 0.283692 0.683594 0.073242 0.041016
0 1.355468 0.667969 0.031250 0.014648
0 0.625488 0.636719 0.020508 0.011719
0 0.339356 0.622803 0.057618 0.032715
0 0.420898 0.554199 0.025390 0.023438
0 0.509278 0.546631 0.040040 0.023926
0 0.059570 0.538574 0.039062 0.029297
0 0.380372 0.522949 0.020508 0.016602
0 0.238282 0.534912 0.052734 0.044434
0 0.354980 0.494385 0.020508 0.018066
0 0.532226 0.497070 0.046876 0.026367
0 0.400390 0.468262 0.025390 0.026367
0 1.284180 0.450195 0.029296 0.012695
0 1.251954 0.437988 0.025390 0.009766
0 0.060058 0.435547 0.038086 0.025391
0 0.203614 0.441650 0.057618 0.040527
0 0.555664 0.435059 0.023438 0.017578
0 1.594238 0.417725 0.016602 0.013184
0 0.431640 0.421143 0.033204 0.025879
0 1.393554 0.414307 0.021484 0.013184
0 0.480958 0.405273 0.014648 0.018555
0 1.152344 0.395020 0.019532 0.007812
0 0.035156 0.406006 0.042968 0.050293
0 0.322754 0.379883 0.041992 0.033203
0 1.218750 0.362793 0.015624 0.007812
0 0.527344 0.345459 0.011718 0.005371
0 0.139160 0.358887 0.049804 0.038086
0 0.307618 0.332764 0.029296 0.025879
0 0.075684 0.331787 0.041992 0.040527
0 0.352540 0.320312 0.035156 0.025391
0 0.294922 0.285645 0.025390 0.017578
0 0.297364 0.267090 0.018554 0.009766
0 0.118652 0.270508 0.036132 0.030273
0 0.213868 0.306396 0.082032 0.070801
0 1.533692 0.190674 0.051758 0.023926
0 0.563964 0.419189 0.026368 0.015137
0 1.303222 0.303955 0.024414 0.012207
