0 0.966796 0.970703 0.089844 0.016602
0 1.219238 0.778320 0.083008 0.019531
0 1.200684 0.734375 0.036132 0.010742
0 1.282226 0.595947 0.023438 0.009277
0 0.938476 0.371826 0.013672 0.006348
0 1.193848 0.372559 0.028320 0.009766
0 0.937012 0.362305 0.014648 0.005859
0 1.160156 0.360352 0.025390 0.009766
0 1.070800 0.340576 0.028320 0.011230
0 1.502930 0.332764 0.017578 0.009277
0 1.303222 0.334717 0.028320 0.013184
0 1.024414 0.331543 0.011718 0.005859
0 1.836426 0.320557 0.016602 0.010254
0 1.063476 0.311035 0.025390 0.008789
0 1.306152 0.270020 0.020508 0.007812
0 1.396972 0.055664 0.047852 0.013672
0 0.766602 0.384766 0.019532 0.009766
