0 1.309082 0.634766 0.014648 0.007812
0 0.800782 0.424316 0.017578 0.008789
0 1.233886 0.412842 0.030274 0.012207
0 1.201660 0.401367 0.028320 0.011719
0 0.489258 0.397217 0.025390 0.016113
0 0.377930 0.397705 0.042968 0.027832
0 1.342774 0.375977 0.019532 0.010742
0 1.543458 0.375488 0.020508 0.013672
0 0.619140 0.370361 0.023438 0.012207
0 0.378418 0.370361 0.024414 0.020020
0 0.450684 0.363281 0.028320 0.015625
0 1.102050 0.351318 0.028320 0.010254
0 0.544922 0.349609 0.021484 0.011719
0 0.278808 0.357910 0.043946 0.036133
0 0.170410 0.341797 0.047852 0.031250
0 1.164062 0.329102 0.025390 0.009766
0 0.089844 0.336670 0.050782 0.034668
0 0.475586 0.320557 0.019532 0.010254
0 1.346192 0.311035 0.020508 0.009766
0 1.194824 0.307861 0.014648 0.006348
0 0.256348 0.310059 0.032226 0.023438
0 0.402344 0.289551 0.013672 0.007812
0 0.322754 0.265381 0.024414 0.012207
0 0.243652 0.245850 0.014648 0.008301
0 0.248536 0.264404 0.061524 0.047363
0 1.712890 0.229492 0.035156 0.020508
0 0.180664 0.269043 0.123046 0.101562
0 1.510254 0.165283 0.059570 0.024902
