0 1.204590 0.780273 0.041992 0.011719
0 1.194336 0.735107 0.023438 0.008301
0 1.294434 0.604248 0.020508 0.013184
0 0.849610 0.428711 0.019532 0.008789
0 0.703614 0.387695 0.018554 0.009766
0 1.202148 0.379883 0.027344 0.009766
0 1.174316 0.372070 0.028320 0.012695
0 1.032714 0.342285 0.012696 0.005859
0 1.304688 0.339600 0.025390 0.012207
0 1.105958 0.338135 0.024414 0.012207
0 1.504394 0.335449 0.022460 0.013672
0 1.069824 0.322021 0.028320 0.009277
0 0.443360 0.297363 0.015624 0.009766
0 0.371582 0.265625 0.022460 0.010742
0 1.392578 0.073730 0.037110 0.011719
0 1.157226 0.276855 0.021484 0.008789
0 0.774414 0.398682 0.023438 0.011230
0 0.655274 0.369873 0.021484 0.011230
