0 0.989258 0.860840 0.076172 0.014648
0 0.618164 0.778809 0.035156 0.014648
0 0.599610 0.701660 0.089844 0.050781
0 0.070312 0.639893 0.060546 0.047363
0 0.177734 0.619629 0.037110 0.042969
0 1.215332 0.596191 0.020508 0.009766
0 0.314454 0.605957 0.074218 0.045898
0 0.656250 0.559326 0.015624 0.010254
0 0.018066 0.568115 0.022460 0.047363
0 0.373536 0.546143 0.057618 0.027832
0 0.542968 0.472656 0.039062 0.018555
0 0.273438 0.462402 0.046876 0.034180
0 0.878418 0.411621 0.014648 0.006836
0 0.544922 0.420654 0.091796 0.026855
0 0.665040 0.406494 0.023438 0.016113
0 0.433594 0.394287 0.025390 0.020996
0 0.901856 0.384766 0.014648 0.006836
0 0.883300 0.376465 0.018554 0.008789
0 0.602540 0.373535 0.015624 0.010742
0 0.237792 0.360596 0.067382 0.049316
0 0.079102 0.343750 0.025390 0.030273
0 0.469726 0.340820 0.058594 0.045898
0 0.374024 0.305908 0.068360 0.050293
0 0.250976 0.287842 0.056640 0.032715
0 0.339844 0.254883 0.025390 0.012695
0 0.491210 0.235840 0.023438 0.010742
0 0.416016 0.209473 0.013672 0.007812
0 0.219238 0.251221 0.149414 0.098145
0 0.325684 0.195557 0.016602 0.008301
0 0.299316 0.210693 0.030274 0.017090
