0 1.206054 0.780273 0.052734 0.015625
0 1.195800 0.735352 0.032226 0.010742
0 1.287598 0.599609 0.024414 0.014648
0 0.821778 0.425781 0.018554 0.009766
0 0.783204 0.400635 0.019532 0.009277
0 0.937988 0.376465 0.020508 0.007812
0 1.195800 0.374756 0.032226 0.011230
0 1.160644 0.363525 0.032226 0.011230
0 1.077636 0.338135 0.028320 0.009277
0 1.020996 0.334473 0.020508 0.008789
0 1.300292 0.334229 0.024414 0.011230
0 1.501464 0.331787 0.018554 0.011230
0 1.055664 0.314453 0.027344 0.009766
0 1.117188 0.291016 0.029296 0.009766
0 1.145996 0.269043 0.022460 0.006836
0 1.377930 0.058350 0.046876 0.013184
0 0.764160 0.391846 0.022460 0.010254
