0 0.396484 0.837891 0.058594 0.047852
0 1.215332 0.762207 0.024414 0.008789
0 0.139160 0.739990 0.067382 0.054199
0 0.501464 0.708496 0.020508 0.011719
0 0.212402 0.685791 0.063476 0.039551
0 1.615722 0.637939 0.024414 0.019043
0 0.296876 0.634521 0.029296 0.020996
0 0.391114 0.613037 0.041992 0.029785
0 0.121094 0.603271 0.048828 0.033691
0 0.797364 0.584473 0.014648 0.008789
0 1.467774 0.572998 0.015624 0.010254
0 0.423828 0.562500 0.044922 0.023438
0 1.868164 0.539062 0.027344 0.040039
0 1.819824 0.517822 0.012696 0.012207
0 1.485352 0.515381 0.013672 0.011230
0 1.282226 0.505615 0.015624 0.010254
0 1.433106 0.463135 0.034180 0.019043
0 1.301758 0.440674 0.015624 0.009277
0 1.931152 0.430420 0.045898 0.035645
0 1.969238 0.391113 0.028320 0.043945
0 1.784668 0.357178 0.018554 0.017090
0 1.843750 0.330566 0.031250 0.030273
0 1.778320 0.260010 0.025390 0.018066
