0 0.685546 0.864990 0.041016 0.014160
0 0.601562 0.772217 0.054688 0.046387
0 0.214356 0.697754 0.030274 0.022461
0 0.116700 0.701904 0.057618 0.035645
0 1.415528 0.687744 0.036132 0.018066
0 0.339844 0.676270 0.066406 0.037109
0 0.688964 0.638428 0.016602 0.008301
0 0.405762 0.616943 0.051758 0.025879
0 0.047364 0.620117 0.045898 0.043945
0 0.582520 0.542236 0.041992 0.022949
0 0.110352 0.538818 0.037110 0.019043
0 1.362792 0.522217 0.014648 0.011230
0 0.304688 0.524170 0.052734 0.038574
0 0.615722 0.489502 0.045898 0.023926
0 1.829102 0.483643 0.021484 0.017090
0 0.481446 0.462891 0.025390 0.016602
0 1.358398 0.460205 0.027344 0.012207
0 1.331054 0.448730 0.013672 0.005859
0 1.750000 0.448975 0.019532 0.021973
0 0.428222 0.442139 0.016602 0.013184
0 1.467774 0.424072 0.019532 0.017090
0 0.292968 0.427002 0.052734 0.045410
0 0.385742 0.411377 0.019532 0.016113
0 1.250000 0.405762 0.017578 0.008789
0 0.528808 0.410645 0.038086 0.020508
0 0.074218 0.406738 0.023438 0.027344
0 1.318848 0.386475 0.012696 0.006348
0 0.691406 0.371094 0.015624 0.008789
0 0.117188 0.385498 0.052734 0.040527
0 0.437988 0.362549 0.041992 0.027832
0 0.507324 0.344238 0.028320 0.018555
0 0.312988 0.349121 0.043946 0.028320
0 0.234376 0.341797 0.044922 0.030273
0 0.412110 0.321045 0.027344 0.021973
0 0.509278 0.310303 0.028320 0.015137
0 0.563964 0.305420 0.014648 0.006348
0 0.190430 0.309326 0.078124 0.045410
0 0.426270 0.273682 0.028320 0.017090
0 0.223632 0.254639 0.037110 0.024902
0 0.316406 0.292969 0.080078 0.059570
0 0.393066 0.256348 0.030274 0.014648
