0 0.591309 0.787842 0.028320 0.016113
0 0.576172 0.738770 0.018555 0.010742
0 0.568848 0.634033 0.006836 0.005371
0 0.654297 0.635254 0.014648 0.015625
0 0.384033 0.442383 0.013184 0.010742
0 0.469238 0.437012 0.009766 0.008789
0 0.618652 0.407227 0.013672 0.009766
0 0.602539 0.395996 0.014648 0.012695
0 0.673096 0.370605 0.011230 0.012695
0 0.773438 0.369629 0.011719 0.016602
0 0.534180 0.364258 0.012695 0.010742
0 0.312988 0.362061 0.012695 0.013184
0 0.939697 0.357910 0.007324 0.008789
0 0.552734 0.345703 0.013672 0.009766
0 0.593994 0.342529 0.015137 0.011230
0 0.277588 0.339600 0.009277 0.009277
0 0.584229 0.322754 0.011230 0.008789
0 0.241699 0.311279 0.012695 0.013184
0 0.674805 0.304932 0.010742 0.011230
0 0.132812 0.296631 0.015625 0.020996
0 0.206055 0.280273 0.007812 0.006836
0 0.623047 0.264160 0.010742 0.008789
0 0.636963 0.255859 0.013184 0.009766
0 0.166748 0.254883 0.017090 0.019531
0 0.085693 0.275391 0.041504 0.064453
0 0.121094 0.244629 0.019531 0.026367
0 0.709961 0.115967 0.016602 0.012207
0 0.403320 0.416992 0.009766 0.009766