0 0.375732 0.951660 0.040527 0.016602
0 0.358154 0.825684 0.018066 0.011719
0 0.314941 0.733643 0.024414 0.046387
0 0.060791 0.684814 0.031738 0.041504
0 0.114746 0.665771 0.017578 0.038574
0 0.627930 0.631104 0.006836 0.007324
0 0.177490 0.645508 0.032715 0.039062
0 0.350342 0.597168 0.010254 0.010742
0 0.207031 0.585938 0.027344 0.027344
0 0.028809 0.598633 0.038086 0.056641
0 0.292725 0.505127 0.021973 0.022949
0 0.153564 0.500000 0.026855 0.036133
0 0.305664 0.452148 0.022461 0.026367
0 0.235596 0.434326 0.015137 0.019043
0 0.463623 0.414062 0.007324 0.006836
0 0.280273 0.408936 0.007812 0.012207
0 0.135742 0.403564 0.034180 0.042480
0 0.402832 0.383545 0.007812 0.007324
0 0.584717 0.383789 0.011230 0.009766
0 0.180664 0.380859 0.011719 0.016602
0 0.370605 0.357666 0.008789 0.009277
0 0.258789 0.374023 0.026367 0.042969
0 0.611816 0.343994 0.011719 0.009277
0 0.333252 0.334961 0.012207 0.013672
0 0.251465 0.323730 0.010742 0.013672
0 0.644531 0.322266 0.013672 0.011719
0 0.145264 0.325928 0.022949 0.034668
0 0.212646 0.331299 0.034668 0.049316
0 0.298828 0.306396 0.010742 0.010254
0 0.186768 0.297852 0.012207 0.014648
0 0.220459 0.255615 0.021973 0.025879
0 0.189697 0.249756 0.015137 0.017090
0 0.123047 0.289062 0.074219 0.101562
0 0.077148 0.270020 0.041992 0.083984