0 0.303223 0.859863 0.015625 0.011719
0 0.286377 0.779297 0.044434 0.056641
0 0.063721 0.741699 0.006348 0.007812
0 0.098633 0.721436 0.015625 0.022949
0 0.685791 0.690430 0.018066 0.015625
0 0.602539 0.687500 0.010742 0.009766
0 0.160156 0.697998 0.035156 0.042480
0 0.332275 0.647949 0.010254 0.011719
0 0.019775 0.631836 0.008301 0.023438
0 0.190918 0.634521 0.031250 0.032715
0 0.229736 0.570557 0.013184 0.022949
0 0.271484 0.559082 0.021484 0.025391
0 0.049561 0.555664 0.009277 0.022461
0 0.138428 0.552246 0.025879 0.038086
0 0.189697 0.537109 0.008301 0.017578
0 0.194336 0.512451 0.013672 0.020996
0 0.283447 0.510986 0.021973 0.023926
0 0.219238 0.481445 0.011719 0.020508
0 0.659180 0.460938 0.007812 0.007812
0 0.643799 0.448242 0.007324 0.006836
0 0.304932 0.450684 0.010254 0.015625
0 0.322021 0.446289 0.010254 0.014648
0 0.049561 0.448730 0.010254 0.019531
0 0.122559 0.453125 0.027344 0.041016
0 0.010254 0.444092 0.014648 0.024902
0 0.817139 0.428955 0.006348 0.010254
0 0.717041 0.427002 0.007324 0.011230
0 0.233887 0.432617 0.015625 0.022461
0 0.267578 0.423828 0.008789 0.015625
0 0.033447 0.421143 0.026855 0.048340
0 0.596924 0.395996 0.009277 0.008789
0 0.616211 0.388916 0.010742 0.012207
0 0.315674 0.385254 0.006348 0.007812
0 0.182373 0.394287 0.020996 0.029785
0 0.629639 0.375977 0.008301 0.009766
0 0.086426 0.372070 0.018555 0.027344
0 0.283203 0.354736 0.008789 0.011230
0 0.211914 0.347412 0.013672 0.018066
0 0.173584 0.342529 0.014160 0.022949
0 0.114258 0.334717 0.020508 0.032715
0 0.053711 0.339355 0.024414 0.041992
0 0.208008 0.300049 0.006836 0.008301
0 0.167725 0.291992 0.013184 0.018555
0 0.131348 0.298828 0.024414 0.033203
0 0.076172 0.278809 0.025391 0.035156
0 0.910400 0.245117 0.016113 0.023438
0 0.772217 0.191650 0.028809 0.025879
0 0.672119 0.318848 0.011230 0.009766