0 0.465820 0.966309 0.023438 0.008789
0 0.557617 0.882812 0.044922 0.016602
0 0.343018 0.815674 0.017090 0.011230
0 0.331055 0.733154 0.031250 0.040527
0 0.060547 0.684570 0.043945 0.031250
0 0.110352 0.660156 0.014648 0.028320
0 0.173340 0.642090 0.033203 0.040039
0 0.627930 0.617432 0.008789 0.009277
0 0.346680 0.591309 0.009766 0.010742
0 0.023682 0.596924 0.031738 0.056152
0 0.204102 0.581787 0.029297 0.027832
0 0.287354 0.505127 0.020020 0.019043
0 0.052490 0.499756 0.013184 0.016113
0 0.153320 0.497559 0.026367 0.036133
0 0.130127 0.485596 0.009277 0.017090
0 0.291748 0.455811 0.032715 0.020996
0 0.418457 0.435547 0.010742 0.007812
0 0.232422 0.430176 0.012695 0.017578
0 0.341797 0.427002 0.010742 0.014160
0 0.301514 0.388916 0.010254 0.011230
0 0.132568 0.401123 0.031738 0.038574
0 0.246826 0.379883 0.016113 0.023438
0 0.300537 0.357666 0.016113 0.015137
0 0.046875 0.370361 0.034180 0.042480
0 0.194336 0.344727 0.021484 0.022461
0 0.137695 0.321777 0.018555 0.029297
0 0.093994 0.321045 0.030762 0.032715
0 0.180664 0.293701 0.017578 0.021973
0 0.063721 0.292480 0.027832 0.046875
0 0.255371 0.271973 0.010742 0.009766
0 0.214600 0.248047 0.012207 0.012695
0 0.132324 0.270020 0.039062 0.062500
0 0.173828 0.238037 0.038086 0.034668
0 0.082764 0.232666 0.020020 0.029785
0 0.364014 0.353516 0.010254 0.010742