0 0.579590 0.653564 0.008789 0.006348
0 0.663818 0.654053 0.011230 0.008301
0 0.199951 0.534424 0.007324 0.012207
0 0.243408 0.529785 0.012207 0.017578
0 0.106934 0.527344 0.027344 0.039062
0 0.197021 0.511719 0.008301 0.015625
0 0.255127 0.484375 0.021973 0.024414
0 0.165527 0.480225 0.011719 0.018066
0 0.189209 0.457764 0.013184 0.023926
0 0.411865 0.437988 0.005371 0.005859
0 0.627441 0.425293 0.014648 0.010742
0 0.020264 0.424805 0.013184 0.018555
0 0.089600 0.432617 0.030762 0.041992
0 0.610596 0.413574 0.013184 0.010742
0 0.260254 0.416016 0.009766 0.016602
0 0.353271 0.409424 0.007324 0.008301
0 0.009766 0.407959 0.005859 0.021973
0 0.199219 0.409668 0.020508 0.029297
0 0.251465 0.392090 0.012695 0.017578
0 0.216309 0.389404 0.010742 0.015137
0 0.320801 0.384766 0.006836 0.007812
0 0.680908 0.386475 0.010254 0.013184
0 0.780518 0.383301 0.009277 0.014648
0 0.560059 0.364502 0.011719 0.010254
0 0.150146 0.371338 0.023926 0.029785
0 0.946289 0.367188 0.010742 0.022461
0 0.095459 0.361084 0.010254 0.014160
0 0.592041 0.341797 0.007324 0.006836
0 0.248291 0.333984 0.009277 0.009766
0 0.055908 0.349365 0.024902 0.037598
0 0.212402 0.303711 0.010742 0.011719
0 0.139893 0.313965 0.017090 0.040039
0 0.172119 0.281250 0.014160 0.017578
0 0.091797 0.299805 0.040039 0.072266
0 0.136230 0.270508 0.023438 0.034180
0 0.862793 0.223633 0.015625 0.017578
0 0.751221 0.169189 0.029785 0.025879
0 0.130859 0.259766 0.013672 0.016602
0 0.016602 0.531738 0.027344 0.027344