0 0.479980 0.943848 0.044922 0.017578
0 0.408691 0.907959 0.034180 0.014160
0 0.363037 0.820801 0.041504 0.019531
0 0.656738 0.793457 0.020508 0.012695
0 0.247314 0.737061 0.013184 0.013184
0 0.243652 0.661865 0.039062 0.049316
0 0.635986 0.561523 0.010254 0.012695
0 0.100098 0.566895 0.031250 0.041992
0 0.273438 0.519287 0.007812 0.015137
0 0.028320 0.506592 0.008789 0.039551
0 0.949463 0.482422 0.008301 0.026367
0 0.130615 0.496338 0.030762 0.069824
0 0.220459 0.424072 0.020020 0.018066
0 0.956787 0.421143 0.010254 0.018066
0 0.086426 0.407471 0.027344 0.036621
0 0.299561 0.377930 0.014160 0.016602
0 0.223877 0.369629 0.044434 0.030273
0 0.334229 0.360352 0.015137 0.012695
0 0.531494 0.336914 0.011230 0.008789
0 0.253174 0.331543 0.011230 0.013672
0 0.591553 0.323242 0.018066 0.014648
0 0.764648 0.306885 0.006836 0.006348
0 0.660645 0.300537 0.011719 0.010254
0 0.525391 0.288574 0.013672 0.007812
0 0.189453 0.289307 0.024414 0.030762
0 0.072510 0.299805 0.035645 0.056641
0 0.269775 0.251709 0.010254 0.010254
0 0.574463 0.250488 0.012207 0.008789
0 0.825928 0.248047 0.017090 0.020508
0 0.140137 0.253418 0.023438 0.031250
0 0.086914 0.229004 0.030273 0.042969
0 0.130127 0.205078 0.020996 0.025391
0 0.827881 0.183838 0.016113 0.015137
0 0.728271 0.094727 0.014160 0.009766
0 0.698975 0.086914 0.016113 0.011719
0 0.607422 0.334961 0.016602 0.012695
0 0.035400 0.583252 0.016113 0.037598