0 0.272705 0.763672 0.016113 0.014648
0 0.240723 0.673584 0.028320 0.043457
0 0.036865 0.594482 0.025879 0.044434
0 0.634277 0.561523 0.010742 0.014648
0 0.094238 0.583008 0.028320 0.072266
0 0.268066 0.533203 0.008789 0.014648
0 0.028320 0.529785 0.030273 0.025391
0 0.125977 0.531738 0.030273 0.049805
0 0.949707 0.481201 0.008789 0.015137
0 0.072998 0.435059 0.025879 0.043945
0 0.521484 0.347168 0.010742 0.008789
0 0.598389 0.344238 0.018066 0.012695
0 0.425293 0.335205 0.007812 0.007324
0 0.582520 0.332031 0.016602 0.011719
0 0.654297 0.309082 0.012695 0.009766
0 0.513428 0.297363 0.009277 0.006836
0 0.739746 0.292969 0.014648 0.014648
0 0.824707 0.224365 0.014648 0.015137
0 0.809326 0.148438 0.006348 0.005859
0 0.580322 0.239258 0.010254 0.007812