0 0.556152 0.623291 0.011719 0.009277
0 0.640381 0.623291 0.012207 0.012207
0 0.353027 0.396240 0.008789 0.008301
0 0.480957 0.394043 0.005859 0.005859
0 0.602783 0.395996 0.015137 0.010742
0 0.587646 0.385986 0.016113 0.012207
0 0.658203 0.359131 0.010742 0.012207
0 0.758057 0.358154 0.011230 0.015137
0 0.517578 0.353271 0.010742 0.008301
0 0.536377 0.334473 0.013184 0.008789
0 0.195557 0.321777 0.018066 0.023438
0 0.567139 0.311279 0.012207 0.008301
0 0.227051 0.302002 0.010742 0.012207
0 0.659424 0.293457 0.007324 0.005859
0 0.116455 0.287842 0.020020 0.026855
0 0.190918 0.270264 0.011719 0.012207
0 0.151855 0.245117 0.012695 0.013672
0 0.113525 0.245605 0.015137 0.019531
0 0.110596 0.226562 0.012207 0.012695
0 0.841797 0.227051 0.014648 0.015625
0 0.089111 0.232910 0.047363 0.060547
0 0.758057 0.159424 0.029785 0.022949
0 0.388672 0.407715 0.012695 0.012695