0 0.328857 0.916016 0.017090 0.010742
0 0.269531 0.779297 0.018555 0.014648
0 0.631104 0.581787 0.012207 0.014160
0 0.406250 0.380859 0.007812 0.006836
0 0.386230 0.376709 0.009766 0.008301
0 0.512695 0.361572 0.010742 0.007324
0 0.462646 0.356689 0.010254 0.007324
0 0.418213 0.354736 0.010254 0.008301
0 0.589844 0.354980 0.015625 0.010742
0 0.572021 0.343750 0.017090 0.011719
0 0.642822 0.316650 0.012207 0.009277
0 0.743652 0.314941 0.011719 0.012695
0 0.551025 0.271240 0.012207 0.008301
0 0.640381 0.250488 0.005371 0.004883
0 0.828857 0.226807 0.020020 0.020996
0 0.780029 0.146484 0.036621 0.030273
0 0.502197 0.313232 0.015137 0.007324
0 0.520996 0.294434 0.014648 0.008789
0 0.564941 0.251709 0.010742 0.007324
0 0.376953 0.368896 0.011719 0.010254