0 0.127197 0.669189 0.010254 0.017090
0 0.585205 0.661621 0.010254 0.007812
0 0.671143 0.658203 0.020020 0.018555
0 0.165527 0.614502 0.029297 0.033691
0 0.204346 0.547607 0.012207 0.017090
0 0.023438 0.538330 0.019531 0.020996
0 0.249512 0.537354 0.022461 0.023926
0 0.113281 0.531494 0.026367 0.038574
0 0.193848 0.516357 0.010742 0.016113
0 0.259033 0.491455 0.020996 0.022949
0 0.170898 0.487061 0.009766 0.015137
0 0.194092 0.462646 0.013184 0.022949
0 0.630615 0.432617 0.012207 0.010742
0 0.615967 0.422119 0.015137 0.013184
0 0.095215 0.437500 0.029297 0.042969
0 0.267578 0.422852 0.010742 0.016602
0 0.359375 0.414795 0.007812 0.008301
0 0.206543 0.416260 0.018555 0.021973
0 0.266846 0.402588 0.011230 0.016113
0 0.686035 0.396484 0.011719 0.013672
0 0.786133 0.395508 0.009766 0.015625
0 0.013428 0.407227 0.014160 0.041016
0 0.327637 0.389893 0.006836 0.007324
0 0.229980 0.395020 0.010742 0.018555
0 0.953369 0.384521 0.007324 0.008301
0 0.565430 0.371582 0.009766 0.007812
0 0.155762 0.375977 0.019531 0.028320
0 0.098633 0.362305 0.022461 0.025391
0 0.597412 0.349121 0.009277 0.008789
0 0.062256 0.354248 0.022949 0.031738
0 0.612305 0.327881 0.007812 0.007324
0 0.033203 0.329834 0.014648 0.029785
0 0.151367 0.319092 0.026367 0.040527
0 0.181641 0.282959 0.011719 0.013184
0 0.097412 0.304688 0.035645 0.064453
0 0.138184 0.282227 0.015625 0.021484
0 0.140137 0.261230 0.006836 0.006836
0 0.871094 0.230957 0.014648 0.016602
0 0.754883 0.174561 0.029297 0.026855
0 0.025146 0.429688 0.013184 0.022461