0 0.558105 0.992432 0.025391 0.010254
0 0.446533 0.931152 0.020996 0.008789
0 0.470215 0.848389 0.035156 0.017090
0 0.298584 0.766113 0.017090 0.015625
0 0.293457 0.689697 0.039062 0.044434
0 0.035156 0.628418 0.046875 0.048828
0 0.082764 0.610596 0.025879 0.044434
0 0.599121 0.585205 0.008789 0.010254
0 0.682861 0.587402 0.013184 0.015625
0 0.145508 0.595703 0.029297 0.042969
0 0.320557 0.546875 0.011230 0.012695
0 0.085449 0.541260 0.015625 0.021973
0 0.177734 0.534180 0.027344 0.034180
0 0.065918 0.454346 0.004883 0.004395
0 0.264893 0.459961 0.018066 0.020508
0 0.126709 0.450195 0.027832 0.035156
0 0.327637 0.400635 0.010742 0.012207
0 0.262695 0.405518 0.052734 0.034668
0 0.208252 0.379639 0.014160 0.024902
0 0.433594 0.367188 0.011719 0.008789
0 0.295654 0.367188 0.010254 0.012695
0 0.322266 0.349121 0.013672 0.012695
0 0.110596 0.353027 0.028809 0.038086
0 0.226807 0.333496 0.021973 0.023438
0 0.032959 0.329834 0.016113 0.034668
0 0.177246 0.294922 0.030273 0.033203
0 0.119141 0.275635 0.027344 0.031738
0 0.164551 0.243652 0.019531 0.022461
0 0.238037 0.225586 0.007324 0.007812
0 0.201660 0.197754 0.005859 0.005859
0 0.104248 0.240967 0.087402 0.096191