0 0.322510 0.871826 0.017090 0.011230
0 0.300293 0.792236 0.035156 0.052246
0 0.090820 0.721436 0.017578 0.030762
0 0.152344 0.695801 0.039062 0.047852
0 0.606689 0.676270 0.009277 0.007812
0 0.690186 0.671143 0.013184 0.012207
0 0.325684 0.647705 0.011719 0.013184
0 0.181885 0.634277 0.029785 0.034180
0 0.221191 0.567871 0.013672 0.022461
0 0.263916 0.557373 0.020996 0.024902
0 0.040283 0.556641 0.014160 0.027344
0 0.130615 0.552490 0.025879 0.037598
0 0.188477 0.536133 0.007812 0.018555
0 0.186279 0.515625 0.009277 0.017578
0 0.275879 0.509521 0.021484 0.023926
0 0.210449 0.483398 0.012695 0.020508
0 0.292725 0.448242 0.011230 0.016602
0 0.645020 0.444092 0.011719 0.010254
0 0.112549 0.457275 0.027832 0.043457
0 0.301270 0.435303 0.015625 0.020996
0 0.223145 0.432617 0.015625 0.024414
0 0.254639 0.423096 0.009277 0.014160
0 0.343750 0.407715 0.006836 0.008789
0 0.026855 0.432373 0.041016 0.065918
0 0.798584 0.398193 0.006348 0.007324
0 0.587158 0.392822 0.011230 0.009277
0 0.597656 0.392090 0.008789 0.008789
0 0.304932 0.384766 0.006348 0.005859
0 0.170410 0.394287 0.021484 0.030762
0 0.619629 0.371338 0.011719 0.011230
0 0.074463 0.376221 0.029785 0.034668
0 0.711182 0.356201 0.008301 0.010254
0 0.162109 0.345215 0.014648 0.024414
0 0.193115 0.342773 0.015137 0.019531
0 0.103027 0.336182 0.019531 0.037598
0 0.042236 0.339600 0.023926 0.047363
0 0.154541 0.297119 0.011230 0.015137
0 0.119385 0.300537 0.023926 0.032715
0 0.063721 0.279785 0.022949 0.032227
0 0.898438 0.244385 0.012695 0.017090
0 0.768066 0.191406 0.022461 0.022461
0 0.661377 0.312500 0.012207 0.012695