0 0.572266 0.796387 0.019531 0.015625
0 0.552734 0.742432 0.017578 0.011230
0 0.568848 0.660889 0.013672 0.010254
0 0.654053 0.661377 0.014160 0.014160
0 0.143555 0.609375 0.004883 0.009766
0 0.234131 0.531494 0.018066 0.024902
0 0.369141 0.501465 0.008789 0.010742
0 0.100586 0.512939 0.026367 0.063965
0 0.245850 0.486816 0.020020 0.030273
0 0.420410 0.462402 0.008789 0.006836
0 0.178467 0.458496 0.012207 0.018555
0 0.494385 0.449463 0.005371 0.005371
0 0.404053 0.440430 0.006348 0.005859
0 0.620850 0.436035 0.009277 0.007812
0 0.368408 0.428711 0.006348 0.006836
0 0.603516 0.423340 0.014648 0.012695
0 0.081055 0.426758 0.031250 0.042969
0 0.345459 0.409424 0.008301 0.010254
0 0.774658 0.400146 0.008301 0.012207
0 0.673828 0.397461 0.009766 0.011719
0 0.941406 0.391846 0.008789 0.016113
0 0.199707 0.399414 0.015625 0.031250
0 0.313232 0.385010 0.011230 0.013184
0 0.552979 0.371826 0.011230 0.008301
0 0.277832 0.362305 0.008789 0.010742
0 0.143311 0.369141 0.020996 0.028320
0 0.585449 0.349854 0.011719 0.009277
0 0.619141 0.349365 0.012695 0.013184
0 0.091553 0.352295 0.014160 0.029785
0 0.678467 0.333740 0.008301 0.009277
0 0.050537 0.346436 0.027832 0.040527
0 0.134277 0.316162 0.016602 0.026855
0 0.626953 0.303223 0.013672 0.012695
0 0.127197 0.272461 0.017090 0.019531
0 0.093506 0.284424 0.027832 0.050293
0 0.707275 0.160645 0.017090 0.013672
0 0.771729 0.115234 0.022949 0.016602
0 0.075928 0.311035 0.024902 0.035156
0 0.626465 0.289307 0.012695 0.010254