0 0.318604 0.779785 0.017090 0.013672
0 0.280029 0.689209 0.030762 0.045410
0 0.029297 0.626709 0.029297 0.038574
0 0.597656 0.593994 0.006836 0.008301
0 0.085449 0.606445 0.033203 0.041016
0 0.146729 0.592773 0.030762 0.041992
0 0.321289 0.551025 0.008789 0.012207
0 0.004639 0.552002 0.004395 0.029785
0 0.089600 0.539062 0.006348 0.010742
0 0.178467 0.530762 0.029785 0.041016
0 0.266113 0.457764 0.019531 0.020020
0 0.127197 0.449463 0.027832 0.032715
0 0.023682 0.434326 0.009277 0.026855
0 0.212158 0.385498 0.009277 0.009277
0 0.283691 0.401611 0.029297 0.043457
0 0.449219 0.380615 0.009766 0.008301
0 0.324219 0.367676 0.006836 0.008789
0 0.225342 0.344482 0.023926 0.038574
0 0.156006 0.326172 0.012207 0.017578
0 0.118408 0.341064 0.027832 0.063965
0 0.311523 0.292725 0.004883 0.006348
0 0.241943 0.282715 0.014160 0.017578
0 0.183105 0.293945 0.027344 0.044922
0 0.125488 0.282471 0.014648 0.023926
0 0.280518 0.258545 0.012207 0.010254
0 0.084473 0.274658 0.048828 0.072754
0 0.167725 0.244385 0.015137 0.014160
0 0.233398 0.232910 0.009766 0.010742
0 0.115967 0.228516 0.016113 0.023438
0 0.193604 0.206055 0.007324 0.008789
0 0.128174 0.203369 0.031738 0.024902
0 0.439697 0.372314 0.013184 0.009277
0 0.207031 0.201416 0.013672 0.010254
0 0.159424 0.181885 0.033691 0.026855
0 0.349365 0.313965 0.011230 0.009766