0 0.355713 0.976318 0.049316 0.018066
0 0.355957 0.851318 0.018555 0.012207
0 0.312256 0.762207 0.027832 0.048828
0 0.068115 0.698730 0.037598 0.040039
0 0.117432 0.687500 0.018066 0.025391
0 0.181641 0.665283 0.035156 0.035645
0 0.354980 0.624023 0.010742 0.010742
0 0.036377 0.619385 0.033691 0.034668
0 0.212891 0.607666 0.025391 0.027832
0 0.300293 0.538330 0.023438 0.020020
0 0.659912 0.520752 0.009277 0.011230
0 0.162598 0.530029 0.027344 0.033691
0 0.313965 0.487061 0.023438 0.023926
0 0.245605 0.463867 0.012695 0.017578
0 0.925293 0.463867 0.007812 0.025391
0 0.691650 0.449219 0.009277 0.007812
0 0.896240 0.451416 0.012207 0.023926
0 0.679688 0.437744 0.014648 0.012207
0 0.240967 0.439453 0.007324 0.011719
0 0.151367 0.432861 0.022461 0.044434
0 0.193848 0.412842 0.009766 0.016113
0 0.741943 0.409424 0.008301 0.010254
0 0.266357 0.411133 0.018066 0.021484
0 0.605713 0.397949 0.008301 0.007812
0 0.382568 0.390625 0.008301 0.006836
0 0.060547 0.401611 0.024414 0.040527
0 0.623779 0.381104 0.011230 0.009277
0 0.343994 0.366699 0.010254 0.010742
0 0.656982 0.359131 0.008301 0.008301
0 0.214111 0.366699 0.027832 0.026367
0 0.748779 0.344482 0.009277 0.009277
0 0.254150 0.347900 0.014160 0.016113
0 0.115234 0.350586 0.017578 0.026367
0 0.154053 0.353516 0.023926 0.035156
0 0.310059 0.337646 0.007812 0.007324
0 0.201416 0.325195 0.016113 0.021484
0 0.276855 0.304932 0.011719 0.009277
0 0.239746 0.304688 0.011719 0.012695
0 0.085693 0.318359 0.031738 0.042969
0 0.237549 0.281006 0.012207 0.013184
0 0.204590 0.278809 0.010742 0.012695
0 0.153076 0.302002 0.040527 0.063965
0 0.106934 0.268555 0.030273 0.033203
0 0.627441 0.498535 0.006836 0.006836
0 0.041016 0.418701 0.010742 0.019043
0 0.843506 0.413086 0.007324 0.008789