0 0.310059 0.768799 0.016602 0.012207
0 0.272461 0.678711 0.025391 0.043945
0 0.028320 0.619873 0.037109 0.050293
0 0.074951 0.599854 0.022949 0.044434
0 0.672607 0.578613 0.010254 0.016602
0 0.135498 0.585693 0.025879 0.043457
0 0.309326 0.540527 0.008301 0.011719
0 0.072998 0.530273 0.015137 0.019531
0 0.165283 0.524414 0.031738 0.038086
0 0.253418 0.448242 0.017578 0.022461
0 0.112061 0.445801 0.028809 0.033203
0 0.009277 0.424805 0.007812 0.021484
0 0.386719 0.404297 0.006836 0.006836
0 0.265381 0.396973 0.024902 0.029297
0 0.432373 0.367188 0.009277 0.006836
0 0.102051 0.346680 0.027344 0.045898
0 0.136719 0.319580 0.014648 0.023926
0 0.216797 0.325439 0.037109 0.057129
0 0.294434 0.281494 0.009766 0.011230
0 0.228760 0.281250 0.014160 0.016602
0 0.105957 0.280762 0.025391 0.037109
0 0.170654 0.281494 0.039551 0.057129
0 0.262451 0.248535 0.013184 0.012695
0 0.227539 0.216797 0.011719 0.011719
0 0.174072 0.197754 0.020020 0.019531
0 0.086914 0.240234 0.077148 0.107422
0 0.156494 0.183594 0.025879 0.035156
0 0.422852 0.358643 0.010742 0.009277