0 0.478027 0.963867 0.049805 0.016602
0 0.439941 0.946045 0.038086 0.024902
0 0.618408 0.780273 0.027832 0.018555
0 0.637451 0.584473 0.013184 0.013672
0 0.506592 0.369141 0.011230 0.007812
0 0.467041 0.364502 0.008301 0.006348
0 0.419922 0.363770 0.009766 0.006836
0 0.583008 0.358154 0.017578 0.011230
0 0.565430 0.348389 0.017578 0.012207
0 0.503174 0.342529 0.014160 0.011230
0 0.492188 0.322510 0.011719 0.009277
0 0.634033 0.316406 0.011230 0.009766
0 0.735352 0.310791 0.008789 0.009277
0 0.510010 0.301758 0.016113 0.009766
0 0.540771 0.276367 0.010254 0.007812
0 0.631348 0.252686 0.010742 0.007324
0 0.378662 0.377197 0.011230 0.010254