0 0.226074 0.823975 0.030273 0.044434
0 0.545410 0.740234 0.013672 0.007812
0 0.098145 0.727539 0.030273 0.043945
0 0.275391 0.688965 0.010742 0.011719
0 0.133057 0.670166 0.026855 0.034668
0 0.836914 0.594238 0.011719 0.022461
0 0.221924 0.596191 0.018066 0.029297
0 0.083740 0.584961 0.025879 0.035156
0 0.723633 0.564209 0.007812 0.012207
0 0.236328 0.545654 0.022461 0.028809
0 0.168945 0.520508 0.013672 0.020508
0 0.765381 0.486084 0.007324 0.016113
0 0.666260 0.482422 0.007324 0.013672
0 0.953369 0.486572 0.015137 0.041504
0 0.759033 0.452881 0.013184 0.023926
0 0.673096 0.417236 0.006348 0.009277
0 0.983643 0.398682 0.018066 0.040527
0 0.910400 0.326904 0.012207 0.020996
0 0.940674 0.300049 0.023926 0.046387
0 0.910156 0.243408 0.010742 0.013184