0 0.322754 0.902344 0.011719 0.007812
0 0.277100 0.814697 0.027832 0.042480
0 0.082764 0.755127 0.019043 0.023926
0 0.589355 0.710938 0.008789 0.006836
0 0.138428 0.727051 0.036621 0.045898
0 0.676758 0.706055 0.015625 0.014648
0 0.315918 0.678711 0.011719 0.010742
0 0.172607 0.669189 0.029785 0.030762
0 0.023438 0.598389 0.032227 0.037598
0 0.255127 0.590332 0.022949 0.024414
0 0.116455 0.584717 0.025879 0.038574
0 0.709961 0.535645 0.006836 0.011719
0 0.265381 0.538330 0.021973 0.027832
0 0.870850 0.527588 0.010254 0.017090
0 0.198730 0.515381 0.012695 0.021973
0 0.639160 0.484619 0.009766 0.010254
0 0.148682 0.473633 0.009277 0.017578
0 0.100342 0.486084 0.025879 0.048340
0 0.214355 0.463867 0.016602 0.026367
0 0.691162 0.445557 0.008301 0.011230
0 0.791504 0.443848 0.007812 0.014648
0 0.012939 0.456543 0.023926 0.051758
0 0.957764 0.431885 0.007324 0.013184
0 0.804688 0.430908 0.012695 0.019043
0 0.969482 0.414795 0.018066 0.034668
0 0.694336 0.380371 0.008789 0.009766
0 0.925537 0.274658 0.014160 0.021973