0 0.223389 0.829102 0.028809 0.046875
0 0.542480 0.743408 0.008789 0.007324
0 0.095459 0.730957 0.037598 0.045898
0 0.273193 0.694336 0.011230 0.012695
0 0.129150 0.676514 0.028809 0.037598
0 0.833496 0.597900 0.012695 0.019043
0 0.216553 0.600830 0.020020 0.028809
0 0.081299 0.589844 0.025879 0.034180
0 0.725098 0.563965 0.005859 0.006836
0 0.052002 0.563232 0.006348 0.018066
0 0.232910 0.549805 0.022461 0.029297
0 0.165527 0.524170 0.011719 0.023926
0 0.761963 0.488281 0.006348 0.012695
0 0.930664 0.486572 0.005859 0.013184
0 0.661621 0.484131 0.007812 0.010254
0 0.950439 0.490234 0.014160 0.038086
0 0.752930 0.454834 0.013672 0.021973
0 0.672363 0.421387 0.007812 0.011719
0 0.980713 0.399658 0.021973 0.039551
0 0.912109 0.334473 0.008789 0.015625
0 0.942383 0.309326 0.018555 0.032715
0 0.909912 0.246582 0.006348 0.006836