0 0.205566 0.843994 0.030273 0.047363
0 0.613037 0.760010 0.012207 0.008301
0 0.074707 0.749268 0.035156 0.054199
0 0.255127 0.713867 0.010254 0.011719
0 0.110352 0.694336 0.032227 0.039062
0 0.151123 0.642090 0.015137 0.020508
0 0.810791 0.631104 0.012207 0.019043
0 0.198242 0.619385 0.021484 0.029785
0 0.062500 0.612305 0.024414 0.033203
0 0.400879 0.586670 0.006836 0.008301
0 0.735840 0.567627 0.006836 0.009277
0 0.212891 0.562500 0.024414 0.035156
0 0.935059 0.529785 0.013672 0.040039
0 0.743164 0.510254 0.006836 0.011719
0 0.910156 0.509033 0.005859 0.012207
0 0.641357 0.502686 0.008301 0.010254
0 0.716064 0.458496 0.017090 0.018555
0 0.649170 0.437500 0.008301 0.009766
0 0.963867 0.420166 0.023438 0.036621
0 0.982178 0.380859 0.015137 0.043945
0 0.888916 0.348877 0.010254 0.017090
0 0.917969 0.321777 0.015625 0.030273