0 0.363037 0.924561 0.019043 0.009277
0 0.338867 0.798828 0.015625 0.011719
0 0.294922 0.710205 0.025391 0.048340
0 0.046387 0.652832 0.036133 0.037109
0 0.094727 0.632812 0.021484 0.041992
0 0.611572 0.603271 0.008301 0.009277
0 0.161133 0.615723 0.035156 0.039062
0 0.333252 0.568115 0.006348 0.008301
0 0.013184 0.573242 0.020508 0.064453
0 0.189941 0.552734 0.028320 0.037109
0 0.274902 0.475830 0.017578 0.021973
0 0.031006 0.463379 0.005371 0.005859
0 0.134521 0.470703 0.031738 0.032227
0 0.284424 0.437256 0.024902 0.023926
0 0.216064 0.419678 0.009277 0.014160
0 0.299805 0.394531 0.011719 0.014648
0 0.440186 0.388184 0.011230 0.008789
0 0.119141 0.390381 0.026367 0.035645
0 0.380371 0.361816 0.007812 0.006836
0 0.155273 0.365234 0.010742 0.019531
0 0.230469 0.368652 0.015625 0.027344
0 0.309814 0.318115 0.007324 0.008301
0 0.183105 0.322266 0.025391 0.028320
0 0.117188 0.321289 0.022461 0.026367
0 0.233887 0.313477 0.014648 0.016602
0 0.077881 0.312744 0.029785 0.038574
0 0.274658 0.289307 0.012207 0.012207
0 0.050293 0.291748 0.018555 0.032715
0 0.163086 0.281738 0.017578 0.027344
0 0.237305 0.258545 0.011719 0.011230
0 0.189941 0.241455 0.029297 0.025879
0 0.165283 0.228516 0.025879 0.038086