0 0.500244 0.864990 0.039551 0.016113
0 0.310059 0.780273 0.015625 0.012695
0 0.299072 0.706055 0.044434 0.052734
0 0.037109 0.640381 0.032227 0.036621
0 0.091553 0.618652 0.018066 0.030273
0 0.610107 0.600830 0.007324 0.008301
0 0.156982 0.604492 0.029785 0.043945
0 0.331055 0.561768 0.007812 0.011230
0 0.010254 0.567627 0.013672 0.055176
0 0.189697 0.546143 0.026855 0.033691
0 0.273193 0.473389 0.017090 0.020996
0 0.140381 0.462402 0.026855 0.037109
0 0.282959 0.422852 0.037598 0.026367
0 0.335938 0.407471 0.012695 0.014160
0 0.221191 0.392090 0.013672 0.025391
0 0.446289 0.380127 0.007812 0.007324
0 0.304932 0.372559 0.009277 0.010742
0 0.319824 0.348145 0.007812 0.007812
0 0.239502 0.342285 0.021973 0.032227
0 0.124268 0.352295 0.036621 0.055176
0 0.040771 0.338867 0.027832 0.033203
0 0.318115 0.302490 0.006348 0.006348
0 0.188232 0.310303 0.026855 0.037598
0 0.129883 0.287354 0.026367 0.027832
0 0.176025 0.258301 0.014160 0.016602
0 0.064697 0.259033 0.016113 0.027832
0 0.108887 0.254639 0.073242 0.092285
0 0.154785 0.214600 0.015625 0.016113
0 0.172119 0.192383 0.005371 0.004883