0 0.340088 0.863770 0.020020 0.013672
0 0.299072 0.770996 0.026855 0.045898
0 0.106689 0.695068 0.013184 0.021973
0 0.056885 0.698730 0.027832 0.035156
0 0.706543 0.689209 0.018555 0.017090
0 0.168701 0.673584 0.032715 0.036621
0 0.343750 0.637207 0.007812 0.008789
0 0.201904 0.615234 0.024902 0.025391
0 0.022705 0.616943 0.022949 0.044434
0 0.054688 0.569824 0.017578 0.006836
0 0.152344 0.547119 0.019531 0.023926
0 0.290527 0.542480 0.020508 0.019531
0 0.681396 0.523438 0.007324 0.010742
0 0.304443 0.507324 0.022949 0.023438
0 0.914551 0.486572 0.010742 0.017090
0 0.236816 0.485107 0.011719 0.021973
0 0.206299 0.467285 0.007324 0.010742
0 0.679688 0.461670 0.013672 0.013184
0 0.665771 0.449707 0.007324 0.006836
0 0.875488 0.451904 0.009766 0.021973
0 0.139160 0.458496 0.025391 0.046875
0 0.029053 0.443604 0.008301 0.020996
0 0.256592 0.432373 0.018066 0.020020
0 0.734619 0.425537 0.009277 0.017090
0 0.186279 0.430176 0.013184 0.037109
0 0.050049 0.424316 0.026855 0.041992
0 0.207031 0.388428 0.022461 0.028809
0 0.646240 0.373779 0.006348 0.006348
0 0.144775 0.379883 0.020020 0.028320
0 0.102783 0.375244 0.020996 0.031738
0 0.239990 0.365967 0.011230 0.018066
0 0.299316 0.355713 0.009766 0.011230
0 0.189697 0.347656 0.013184 0.019531
0 0.078369 0.347900 0.036621 0.041504
0 0.240234 0.334473 0.012695 0.015625
0 0.265137 0.324951 0.008789 0.008301
0 0.132568 0.336670 0.018066 0.031738
0 0.194580 0.299561 0.012207 0.016113
0 0.090088 0.285645 0.021973 0.027344
0 0.738281 0.359131 0.007812 0.007324
0 0.147461 0.315186 0.020508 0.041504
0 0.175781 0.283203 0.012695 0.013672