0 0.472412 0.947754 0.040527 0.016602
0 0.392090 0.916260 0.045898 0.018066
0 0.322998 0.822266 0.032715 0.016602
0 0.234131 0.745361 0.014160 0.014160
0 0.236816 0.656250 0.041016 0.062500
0 0.096924 0.603516 0.033691 0.074219
0 0.628174 0.569824 0.012207 0.011719
0 0.021973 0.557861 0.009766 0.020020
0 0.267334 0.544434 0.010254 0.013672
0 0.124268 0.539795 0.027832 0.036621
0 0.944580 0.492188 0.014160 0.027344
0 0.511963 0.347656 0.012207 0.007812
0 0.471191 0.350098 0.019531 0.020508
0 0.414551 0.339355 0.008789 0.005859
0 0.458008 0.329834 0.008789 0.006348
0 0.581055 0.334961 0.037109 0.024414
0 0.643799 0.303467 0.013184 0.010254
0 0.743896 0.303711 0.014160 0.014648
0 0.502441 0.298584 0.013672 0.007324
0 0.837646 0.289307 0.008301 0.008301
0 0.520996 0.279541 0.015625 0.010254
0 0.552734 0.257324 0.008789 0.005859
0 0.854980 0.222900 0.014648 0.015137
0 0.659424 0.103760 0.020996 0.012207
0 0.711182 0.080811 0.014160 0.011230
0 0.458984 0.341309 0.005859 0.005859
0 0.035645 0.622070 0.023438 0.070312