0 0.343994 0.877930 0.021973 0.011719
0 0.299805 0.786621 0.026367 0.046875
0 0.059326 0.729248 0.024902 0.041504
0 0.103760 0.719727 0.018066 0.025391
0 0.612549 0.691895 0.014160 0.010742
0 0.699951 0.691406 0.013184 0.015625
0 0.165039 0.696045 0.031250 0.039551
0 0.338867 0.651367 0.007812 0.010742
0 0.028809 0.648682 0.014648 0.038574
0 0.198730 0.639404 0.028320 0.027832
0 0.048096 0.569824 0.028809 0.021484
0 0.279785 0.562256 0.022461 0.021973
0 0.143555 0.550781 0.026367 0.038086
0 0.688721 0.529785 0.007324 0.007812
0 0.294434 0.509521 0.019531 0.024902
0 0.903076 0.501221 0.007324 0.017090
0 0.227783 0.486572 0.013184 0.020020
0 0.185791 0.473389 0.008301 0.017090
0 0.670654 0.465332 0.011230 0.012695
0 0.654053 0.454346 0.013184 0.010254
0 0.130859 0.455322 0.026367 0.045410
0 0.860352 0.444092 0.018555 0.025879
0 0.177246 0.439209 0.009766 0.021973
0 0.724854 0.428223 0.007324 0.009766
0 0.021729 0.439209 0.009277 0.031738
0 0.246582 0.434326 0.015625 0.024902
0 0.824463 0.427246 0.006348 0.012695
0 0.041504 0.430664 0.026367 0.055664
0 0.604004 0.400635 0.009766 0.008301
0 0.198730 0.390625 0.021484 0.029297
0 0.636230 0.379150 0.006836 0.007324
0 0.982910 0.377930 0.003906 0.006836
0 0.139160 0.379639 0.015625 0.025879
0 0.231445 0.365723 0.010742 0.016602
0 0.100342 0.373291 0.027832 0.039551
0 0.182861 0.349365 0.013184 0.020996
0 0.237061 0.340820 0.010254 0.012695
0 0.064697 0.344238 0.023926 0.041016
0 0.132812 0.323486 0.035156 0.061035
0 0.188477 0.298340 0.014648 0.021484
0 0.083008 0.286621 0.021484 0.030273