0 0.560791 0.622803 0.012207 0.009277
0 0.645264 0.618896 0.013184 0.011230
0 0.605225 0.398682 0.015137 0.011230
0 0.587402 0.385742 0.008789 0.007812
0 0.660156 0.361084 0.009766 0.010254
0 0.759766 0.361816 0.011719 0.014648
0 0.519043 0.354736 0.008789 0.008301
0 0.927002 0.352051 0.012207 0.020508
0 0.537598 0.336426 0.012695 0.008789
0 0.258301 0.337402 0.012695 0.013672
0 0.192383 0.334229 0.015625 0.020996
0 0.569580 0.313965 0.006348 0.005859
0 0.222656 0.308594 0.008789 0.009766
0 0.661865 0.296875 0.011230 0.009766
0 0.584961 0.292969 0.010742 0.008789
0 0.114990 0.295654 0.020996 0.030762
0 0.056152 0.291748 0.018555 0.028809
0 0.187256 0.277588 0.013184 0.016113
0 0.146240 0.255127 0.012207 0.014160
0 0.113281 0.246826 0.024414 0.034668
0 0.107422 0.233887 0.015625 0.019531
0 0.844727 0.228027 0.013672 0.016602
0 0.083008 0.243896 0.046875 0.062012
0 0.760742 0.163086 0.033203 0.026367
0 0.387695 0.410889 0.012695 0.012207