0 0.378662 0.960938 0.041504 0.021484
0 0.366699 0.838135 0.016602 0.012207
0 0.321289 0.748047 0.029297 0.053711
0 0.073242 0.693115 0.041992 0.046387
0 0.121582 0.677246 0.017578 0.033203
0 0.184814 0.656738 0.032715 0.035156
0 0.359131 0.608887 0.011230 0.011719
0 0.037842 0.606934 0.036621 0.051758
0 0.215088 0.595215 0.026855 0.030273
0 0.298096 0.518311 0.020996 0.018066
0 0.162109 0.512451 0.025391 0.029785
0 0.313721 0.464355 0.022949 0.024414
0 0.245361 0.443115 0.015137 0.020020
0 0.608154 0.421631 0.008301 0.010254
0 0.267334 0.418701 0.010254 0.014160
0 0.686523 0.417725 0.018555 0.015137
0 0.666748 0.403320 0.012207 0.011719
0 0.592041 0.400635 0.010254 0.009277
0 0.147217 0.410645 0.025879 0.042969
0 0.190430 0.391357 0.011719 0.017090
0 0.263672 0.392334 0.019531 0.022949
0 0.736084 0.379395 0.010254 0.013672
0 0.604736 0.375000 0.008301 0.007812
0 0.622559 0.357666 0.012695 0.010254
0 0.056641 0.371582 0.021484 0.041992
0 0.655029 0.337402 0.011230 0.010742
0 0.215820 0.344482 0.021484 0.027832
0 0.152832 0.338379 0.022461 0.027344
0 0.257324 0.330566 0.014648 0.015625
0 0.108398 0.333496 0.033203 0.031250
0 0.197510 0.303223 0.014160 0.016602
0 0.275146 0.283691 0.008301 0.008789
0 0.229736 0.276123 0.011230 0.010254
0 0.084717 0.293701 0.033691 0.056152
0 0.150391 0.279297 0.040039 0.066406
0 0.201416 0.257812 0.017090 0.019531
0 0.106201 0.243896 0.025879 0.032715
0 0.069336 0.391357 0.012695 0.022949
0 0.837891 0.375732 0.009766 0.015137
0 0.380859 0.368408 0.007812 0.007324