0 0.478027 0.991455 0.034180 0.010254
0 0.601562 0.898926 0.038086 0.022461
0 0.354492 0.842529 0.020508 0.013184
0 0.333496 0.767090 0.044922 0.056641
0 0.077148 0.716553 0.026367 0.031738
0 0.124512 0.701172 0.015625 0.021484
0 0.188965 0.677490 0.034180 0.035645
0 0.358398 0.620605 0.010742 0.011719
0 0.036133 0.635986 0.035156 0.053223
0 0.216064 0.613525 0.028809 0.032715
0 0.297607 0.536133 0.025879 0.019531
0 0.065186 0.538330 0.022949 0.025879
0 0.158447 0.526367 0.033691 0.045898
0 0.304443 0.487061 0.023926 0.020996
0 0.239258 0.460205 0.013672 0.020996
0 0.398682 0.449219 0.009277 0.008789
0 0.341309 0.446289 0.011719 0.013672
0 0.603760 0.426025 0.009277 0.010254
0 0.138916 0.433838 0.031738 0.044434
0 0.677734 0.417969 0.015625 0.014648
0 0.301270 0.415283 0.009766 0.013184
0 0.402832 0.405273 0.007812 0.005859
0 0.661865 0.407959 0.015137 0.014160
0 0.252686 0.410156 0.014160 0.022461
0 0.049316 0.412842 0.027344 0.047363
0 0.369629 0.382080 0.010742 0.010254
0 0.729248 0.379883 0.011230 0.014648
0 0.591309 0.375977 0.011719 0.010742
0 0.830811 0.375977 0.009277 0.012695
0 0.197998 0.377930 0.021973 0.027344
0 0.277344 0.368164 0.015625 0.016602
0 0.329834 0.361084 0.008301 0.008301
0 0.103271 0.363770 0.012207 0.019531
0 0.609131 0.355713 0.014160 0.011230
0 0.142578 0.357178 0.026367 0.030762
0 0.639404 0.332275 0.009277 0.008301
0 0.296143 0.333496 0.011230 0.009766
0 0.186035 0.326172 0.013672 0.019531
0 0.070068 0.331787 0.027832 0.038574
0 0.731689 0.314209 0.007324 0.007324
0 0.127441 0.321533 0.019531 0.029785
0 0.672119 0.294189 0.015137 0.014160
0 0.140625 0.289795 0.021484 0.028809
0 0.084229 0.268799 0.020020 0.028809
0 0.168945 0.280029 0.014648 0.018066
0 0.675293 0.270508 0.014648 0.011719
0 0.175537 0.262695 0.009277 0.011719