0 0.635010 0.600098 0.010254 0.009766
0 0.437256 0.388672 0.010254 0.007812
0 0.595459 0.368652 0.015137 0.008789
0 0.577148 0.356445 0.012695 0.008789
0 0.757812 0.338867 0.009766 0.013672
0 0.925293 0.332520 0.009766 0.013672
0 0.509766 0.329102 0.007812 0.006836
0 0.647461 0.328125 0.012695 0.011719
0 0.526611 0.309570 0.010254 0.007812
0 0.557373 0.285400 0.011230 0.007324
0 0.646484 0.264404 0.011719 0.008301
0 0.592773 0.224609 0.005859 0.005859
0 0.827393 0.212402 0.016113 0.017578
0 0.759521 0.140137 0.024902 0.021484
0 0.382324 0.385010 0.011719 0.011230