0 0.373291 0.948730 0.040527 0.017578
0 0.356445 0.822021 0.019531 0.012207
0 0.313477 0.733154 0.026367 0.048340
0 0.066162 0.690186 0.043457 0.041504
0 0.113770 0.667725 0.016602 0.032715
0 0.176758 0.647949 0.032227 0.039062
0 0.625488 0.626221 0.008789 0.009277
0 0.349609 0.595459 0.011719 0.011230
0 0.028320 0.602051 0.036133 0.055664
0 0.206299 0.584961 0.025879 0.029297
0 0.289551 0.506348 0.019531 0.021484
0 0.147949 0.504150 0.031250 0.029785
0 0.300537 0.454834 0.022949 0.023926
0 0.233154 0.433838 0.013184 0.019043
0 0.279541 0.411133 0.006348 0.006836
0 0.130859 0.401855 0.032227 0.041992
0 0.177246 0.382324 0.012695 0.019531
0 0.255615 0.371338 0.029785 0.047363
0 0.328857 0.333496 0.011230 0.011719
0 0.200928 0.340088 0.019043 0.024902
0 0.247070 0.323486 0.011719 0.014160
0 0.139648 0.327393 0.019531 0.027832
0 0.183105 0.298584 0.011719 0.015137
0 0.064941 0.296631 0.027344 0.037598
0 0.257812 0.276123 0.007812 0.007324
0 0.105469 0.305664 0.049805 0.075195
0 0.138428 0.256592 0.026855 0.020996
0 0.213867 0.256592 0.025391 0.028809
0 0.185059 0.249756 0.015625 0.018066
0 0.079346 0.253174 0.025879 0.047363
0 0.169189 0.232666 0.012207 0.014160