0 0.479980 0.857178 0.037109 0.016113
0 0.301514 0.771240 0.014160 0.013184
0 0.292725 0.695312 0.042480 0.045898
0 0.038330 0.633545 0.045410 0.037598
0 0.603027 0.594727 0.006836 0.007812
0 0.085205 0.609863 0.020020 0.044922
0 0.151855 0.597900 0.037109 0.041504
0 0.326416 0.552734 0.010254 0.010742
0 0.007324 0.561035 0.008789 0.034180
0 0.182373 0.537109 0.031738 0.033203
0 0.269531 0.465332 0.020508 0.020508
0 0.135498 0.452148 0.023926 0.034180
0 0.443115 0.407471 0.005371 0.006348
0 0.271484 0.415283 0.044922 0.023926
0 0.332520 0.404541 0.014648 0.017090
0 0.450439 0.381836 0.006348 0.006836
0 0.216064 0.385498 0.014160 0.021973
0 0.440430 0.373291 0.010742 0.008301
0 0.301758 0.370117 0.010742 0.013672
0 0.322021 0.346436 0.011230 0.010254
0 0.382080 0.342529 0.006348 0.006348
0 0.117676 0.354248 0.035156 0.047363
0 0.227539 0.346924 0.026367 0.045410
0 0.040527 0.335938 0.018555 0.031250
0 0.351074 0.316162 0.006836 0.006348
0 0.315430 0.292969 0.006836 0.006836
0 0.180176 0.301758 0.025391 0.027344
0 0.126953 0.281738 0.029297 0.041992
0 0.170654 0.248291 0.014160 0.016113
0 0.206543 0.205811 0.006836 0.008301
0 0.099121 0.259033 0.062500 0.077637
0 0.139160 0.211914 0.039062 0.031250