0 0.387207 0.938721 0.029297 0.014160
0 0.361816 0.814697 0.014648 0.010254
0 0.310791 0.731445 0.025879 0.053711
0 0.063232 0.705322 0.028809 0.039551
0 0.113281 0.678467 0.021484 0.041504
0 0.175537 0.657959 0.030762 0.037598
0 0.024902 0.631592 0.026367 0.062988
0 0.619873 0.602783 0.009277 0.010254
0 0.343506 0.592285 0.010254 0.011719
0 0.201172 0.594971 0.029297 0.028809
0 0.139648 0.514893 0.028320 0.027832
0 0.280762 0.506104 0.018555 0.019043
0 0.284912 0.453857 0.022949 0.023926
0 0.288330 0.411377 0.011230 0.014160
0 0.116211 0.413818 0.027344 0.048340
0 0.152100 0.390625 0.010254 0.017578
0 0.225098 0.386475 0.018555 0.022949
0 0.377441 0.373779 0.008789 0.008301
0 0.114014 0.344482 0.015137 0.025879
0 0.176025 0.346680 0.022949 0.032227
0 0.071533 0.343018 0.029785 0.030762
0 0.226318 0.332031 0.016113 0.019531
0 0.041992 0.320312 0.018555 0.028320
0 0.154297 0.310059 0.017578 0.022461
0 0.227783 0.280273 0.009277 0.008789
0 0.177979 0.266357 0.024902 0.022949
0 0.111572 0.268066 0.036621 0.038086
0 0.153320 0.259277 0.017578 0.023438
0 0.096436 0.308105 0.012207 0.020508