0 0.185547 0.834473 0.028320 0.048828
0 0.593262 0.770264 0.016602 0.009277
0 0.505371 0.762939 0.010742 0.007324
0 0.063477 0.739746 0.025391 0.042969
0 0.239258 0.705811 0.011719 0.014160
0 0.098633 0.684082 0.026367 0.034180
0 0.806641 0.636475 0.010742 0.016113
0 0.139893 0.629395 0.017090 0.022461
0 0.187988 0.611816 0.023438 0.025391
0 0.061523 0.604248 0.009766 0.018066
0 0.392578 0.587402 0.009766 0.010742
0 0.737793 0.568115 0.008789 0.011230
0 0.471924 0.564697 0.005371 0.005371
0 0.207520 0.566895 0.014648 0.016602
0 0.932129 0.528320 0.011719 0.031250
0 0.906982 0.511230 0.006348 0.013672
0 0.638184 0.506592 0.006836 0.010254
0 0.986084 0.478760 0.007324 0.020020
0 0.711670 0.460205 0.015137 0.017090
0 0.961914 0.423584 0.025391 0.031738
0 0.981201 0.381592 0.017090 0.041504
0 0.886230 0.352539 0.010742 0.016602
0 0.913574 0.322998 0.014648 0.024902
0 0.887695 0.271484 0.009766 0.014648