0 0.382324 0.962402 0.042969 0.026367
0 0.369141 0.837402 0.017578 0.011719
0 0.323975 0.745361 0.030762 0.053223
0 0.068359 0.692871 0.027344 0.045898
0 0.122803 0.680176 0.018066 0.030273
0 0.183838 0.656250 0.031738 0.041016
0 0.638184 0.639404 0.009766 0.008301
0 0.358398 0.607666 0.014648 0.014160
0 0.036865 0.610107 0.035645 0.047363
0 0.215088 0.596924 0.028809 0.029785
0 0.299072 0.516846 0.019043 0.020020
0 0.161865 0.511475 0.026855 0.035645
0 0.312500 0.464355 0.024414 0.023438
0 0.244385 0.443604 0.013184 0.017090
0 0.606201 0.416504 0.009277 0.010742
0 0.270752 0.415283 0.009277 0.012207
0 0.681152 0.409912 0.015625 0.014160
0 0.661377 0.395752 0.011230 0.010254
0 0.583984 0.393555 0.010742 0.009766
0 0.146484 0.407959 0.026367 0.041504
0 0.190186 0.389404 0.009277 0.015137
0 0.259033 0.388184 0.020996 0.026367
0 0.730713 0.369385 0.010254 0.012207
0 0.594482 0.367188 0.008301 0.007812
0 0.379395 0.367432 0.009766 0.007324
0 0.054199 0.373291 0.018555 0.032715
0 0.611572 0.349365 0.012207 0.009277
0 0.340088 0.344727 0.008301 0.009766
0 0.217041 0.342773 0.023926 0.024414
0 0.258057 0.329346 0.012207 0.014160
0 0.642090 0.325684 0.011719 0.010742
0 0.152588 0.330078 0.023926 0.037109
0 0.308594 0.314697 0.011719 0.010254
0 0.113525 0.327148 0.028809 0.039062
0 0.731934 0.302246 0.009766 0.010742
0 0.197266 0.302734 0.015625 0.020508
0 0.139404 0.294189 0.020996 0.027832
0 0.272461 0.283936 0.012695 0.012207
0 0.230469 0.272217 0.016602 0.017090
0 0.083740 0.292480 0.035645 0.060547
0 0.234375 0.257568 0.007812 0.009277
0 0.153320 0.266602 0.033203 0.038086
0 0.104980 0.245117 0.030273 0.028320
0 0.204102 0.247559 0.022461 0.038086
0 0.068115 0.394531 0.012207 0.023438