0 0.604980 0.779053 0.029297 0.017090
0 0.595947 0.733154 0.018066 0.009277
0 0.653076 0.610596 0.013184 0.013184
0 0.437744 0.430176 0.013184 0.008789
0 0.357422 0.390869 0.008789 0.009277
0 0.433838 0.387207 0.008301 0.006836
0 0.607910 0.388184 0.013672 0.010742
0 0.589600 0.376465 0.015137 0.011719
0 0.300781 0.348633 0.007812 0.007812
0 0.659668 0.348389 0.010742 0.011230
0 0.521240 0.346924 0.012207 0.009277
0 0.759766 0.344971 0.011719 0.016113
0 0.562988 0.338135 0.014648 0.010254
0 0.926758 0.331055 0.006836 0.007812
0 0.538330 0.327393 0.010254 0.008301
0 0.262451 0.328125 0.009277 0.009766
0 0.570068 0.304199 0.008301 0.006836
0 0.228760 0.299072 0.012207 0.013184
0 0.659668 0.284424 0.009766 0.008301
0 0.192871 0.266357 0.010742 0.011230
0 0.151855 0.245117 0.012695 0.014648
0 0.630615 0.216309 0.014160 0.010742
0 0.697510 0.083008 0.023926 0.014648
0 0.392090 0.402344 0.011719 0.010742
0 0.113037 0.224854 0.008301 0.007324