0 0.471436 0.981934 0.032715 0.008789
0 0.584717 0.892334 0.033691 0.023926
0 0.345947 0.831055 0.017090 0.010742
0 0.324951 0.756104 0.049316 0.056152
0 0.076172 0.695557 0.035156 0.039551
0 0.118164 0.680664 0.015625 0.027344
0 0.180664 0.661377 0.031250 0.036621
0 0.634033 0.636719 0.008301 0.008789
0 0.353760 0.608154 0.012207 0.012207
0 0.031738 0.617920 0.038086 0.054199
0 0.210938 0.598389 0.028320 0.029785
0 0.292725 0.521729 0.022949 0.020996
0 0.061279 0.518311 0.024902 0.026855
0 0.155518 0.510254 0.033691 0.043945
0 0.302002 0.472900 0.023926 0.020996
0 0.408203 0.442139 0.006836 0.006348
0 0.238037 0.444580 0.013184 0.021973
0 0.343994 0.436523 0.010254 0.012695
0 0.600830 0.416016 0.006348 0.006836
0 0.136963 0.416504 0.033691 0.041992
0 0.301025 0.398926 0.011230 0.013672
0 0.402344 0.393311 0.006836 0.006348
0 0.658447 0.396484 0.016113 0.013672
0 0.251465 0.394775 0.017578 0.021973
0 0.048096 0.384766 0.021973 0.037109
0 0.370361 0.368408 0.012207 0.010254
0 0.289795 0.360596 0.012207 0.011230
0 0.606689 0.348389 0.014160 0.011230
0 0.199707 0.357422 0.022461 0.032227
0 0.331787 0.346191 0.012207 0.010742
0 0.143066 0.339355 0.024414 0.031250
0 0.102783 0.336670 0.017090 0.027832
0 0.638916 0.326172 0.015137 0.014648
0 0.298584 0.317139 0.014160 0.014160
0 0.728027 0.303467 0.009766 0.009277
0 0.188477 0.306396 0.014648 0.023926
0 0.070312 0.308838 0.028320 0.043457
0 0.262207 0.285889 0.010742 0.010254
0 0.677979 0.278076 0.014160 0.011230
0 0.222900 0.262207 0.008301 0.007812
0 0.171875 0.259766 0.011719 0.012695
0 0.139404 0.283936 0.042480 0.064941
0 0.090576 0.250244 0.020996 0.027832
0 0.061279 0.397949 0.017090 0.027344
0 0.673096 0.264160 0.010254 0.008789