0 0.262207 0.763672 0.016602 0.015625
0 0.230469 0.674072 0.040039 0.040527
0 0.628906 0.575684 0.011719 0.014648
0 0.949463 0.513184 0.006348 0.005859
0 0.519775 0.354980 0.010254 0.007812
0 0.596436 0.351074 0.016113 0.011719
0 0.422607 0.343262 0.011230 0.007812
0 0.580078 0.339111 0.019531 0.013184
0 0.466797 0.335205 0.009766 0.007324
0 0.650391 0.314209 0.011719 0.010254
0 0.510498 0.305664 0.012207 0.009766
0 0.653809 0.250000 0.009766 0.007812
0 0.576172 0.246582 0.011719 0.007812
0 0.839111 0.241455 0.014160 0.016113
0 0.803223 0.156738 0.030273 0.027344