0 0.318359 0.910400 0.017578 0.011230
0 0.252441 0.695312 0.007812 0.006836
0 0.631104 0.581055 0.011230 0.012695
0 0.395264 0.385742 0.011230 0.009766
0 0.380859 0.380371 0.006836 0.005859
0 0.510254 0.360596 0.010742 0.006348
0 0.456299 0.356445 0.008301 0.006836
0 0.411621 0.357178 0.011719 0.009277
0 0.587891 0.353271 0.018555 0.012207
0 0.570068 0.341797 0.019043 0.012695
0 0.639893 0.313477 0.012207 0.010742
0 0.498291 0.312744 0.014160 0.009277
0 0.741211 0.311279 0.012695 0.014160
0 0.546387 0.268799 0.014648 0.008301
0 0.639160 0.248535 0.012695 0.009766
0 0.824707 0.222900 0.016602 0.018066
0 0.776123 0.141846 0.032715 0.026855
0 0.517090 0.293701 0.012695 0.007324
0 0.369873 0.373535 0.011230 0.010742