0 0.588623 0.656982 0.009277 0.008301
0 0.674072 0.653076 0.018066 0.018066
0 0.166992 0.623779 0.027344 0.030762
0 0.207031 0.552490 0.010742 0.020020
0 0.023682 0.551270 0.021973 0.036133
0 0.249268 0.542480 0.020996 0.021484
0 0.113525 0.541260 0.027832 0.037598
0 0.195068 0.523682 0.009277 0.016113
0 0.169678 0.493896 0.010254 0.018066
0 0.259033 0.496094 0.023926 0.023438
0 0.192139 0.470947 0.013184 0.021973
0 0.021729 0.441162 0.015137 0.021973
0 0.631348 0.428955 0.011719 0.010254
0 0.264648 0.427490 0.012695 0.018066
0 0.093994 0.443604 0.029785 0.051270
0 0.355713 0.418457 0.010254 0.009766
0 0.613037 0.417236 0.016113 0.013184
0 0.202881 0.423340 0.018066 0.025391
0 0.010986 0.420166 0.011230 0.038574
0 0.261475 0.406982 0.013184 0.015137
0 0.224609 0.400879 0.011719 0.019531
0 0.549072 0.391846 0.006348 0.006348
0 0.323975 0.391357 0.005371 0.006348
0 0.681885 0.389893 0.006348 0.007324
0 0.782715 0.385742 0.009766 0.014648
0 0.561523 0.367920 0.010742 0.007324
0 0.150391 0.380859 0.022461 0.035156
0 0.093994 0.373047 0.021973 0.023438
0 0.058105 0.368408 0.025391 0.033691
0 0.592041 0.345215 0.012207 0.010742
0 0.250000 0.344971 0.010742 0.011230
0 0.028076 0.343018 0.013184 0.027832
0 0.682861 0.324951 0.007324 0.007324
0 0.607178 0.323486 0.008301 0.007324
0 0.145996 0.324951 0.024414 0.041504
0 0.172607 0.292725 0.013184 0.017090
0 0.090820 0.315186 0.036133 0.064941
0 0.131592 0.291260 0.017090 0.022949
0 0.864746 0.222656 0.014648 0.016602
0 0.747070 0.168457 0.027344 0.023438