0 0.397705 0.949707 0.044434 0.017578
0 0.370117 0.824707 0.015625 0.010742
0 0.321045 0.736572 0.021973 0.043457
0 0.065918 0.707031 0.030273 0.038086
0 0.115479 0.680664 0.020020 0.035156
0 0.176758 0.657715 0.031250 0.035156
0 0.625244 0.612793 0.009277 0.010742
0 0.026367 0.623779 0.031250 0.063965
0 0.347900 0.596191 0.010254 0.012695
0 0.205078 0.596924 0.030273 0.027832
0 0.283203 0.510742 0.020508 0.018555
0 0.142334 0.513916 0.031738 0.034668
0 0.291504 0.457764 0.022461 0.022949
0 0.221191 0.440186 0.008789 0.010254
0 0.282227 0.415771 0.007812 0.012207
0 0.123291 0.414551 0.030762 0.044922
0 0.161133 0.392822 0.009766 0.020020
0 0.236328 0.391357 0.015625 0.021973
0 0.385498 0.379150 0.006348 0.006348
0 0.352051 0.356689 0.006836 0.007324
0 0.185547 0.348145 0.020508 0.026367
0 0.123291 0.341553 0.015137 0.022949
0 0.231201 0.335938 0.014160 0.017578
0 0.081543 0.338623 0.025391 0.039551
0 0.046875 0.311523 0.026367 0.040039
0 0.165771 0.307129 0.020020 0.028320
0 0.106201 0.302979 0.015137 0.026855
0 0.239502 0.280762 0.010254 0.009766
0 0.185303 0.271240 0.009277 0.011230
0 0.159180 0.268555 0.018555 0.024414
0 0.117432 0.270020 0.028809 0.029297
0 0.067871 0.252930 0.018555 0.031250