0 0.600830 0.781738 0.023926 0.016602
0 0.591064 0.735107 0.016113 0.008301
0 0.653076 0.615234 0.012207 0.013672
0 0.443359 0.431152 0.010742 0.006836
0 0.534424 0.398682 0.007324 0.006348
0 0.359375 0.392822 0.008789 0.008301
0 0.609619 0.391846 0.014160 0.011230
0 0.593262 0.380615 0.015625 0.013184
0 0.663574 0.353027 0.011719 0.011719
0 0.524170 0.350342 0.009277 0.008301
0 0.763428 0.350586 0.010254 0.013672
0 0.569824 0.337402 0.012695 0.011719
0 0.542969 0.330566 0.014648 0.009766
0 0.266113 0.330078 0.013672 0.014648
0 0.573486 0.306885 0.011230 0.009277
0 0.230957 0.301025 0.006836 0.009277
0 0.664062 0.288086 0.013672 0.011719
0 0.155029 0.245850 0.013184 0.015137
0 0.116211 0.225098 0.011719 0.013672
0 0.700684 0.089844 0.022461 0.013672
0 0.394531 0.404297 0.012695 0.011719
0 0.335449 0.375732 0.006836 0.006348