0 0.528809 0.964844 0.033203 0.017578
0 0.423096 0.910156 0.034668 0.011719
0 0.429443 0.825439 0.020020 0.009277
0 0.728516 0.813721 0.022461 0.018066
0 0.277832 0.742432 0.012695 0.011230
0 0.276611 0.665283 0.039551 0.041504
0 0.026123 0.605469 0.030762 0.044922
0 0.065674 0.585205 0.024902 0.041504
0 0.666016 0.567139 0.012695 0.014160
0 0.129883 0.570557 0.036133 0.047363
0 0.302490 0.524414 0.009277 0.012695
0 0.064453 0.512451 0.024414 0.029785
0 0.161377 0.511963 0.026855 0.030762
0 0.981445 0.489990 0.014648 0.017090
0 0.248779 0.434082 0.020020 0.032227
0 0.029053 0.431396 0.009277 0.026855
0 0.112305 0.424805 0.028320 0.036133
0 0.314697 0.386230 0.010254 0.012695
0 0.252930 0.385986 0.037109 0.027832
0 0.427002 0.352783 0.005371 0.006348
0 0.330078 0.347168 0.012695 0.012695
0 0.418457 0.343750 0.011719 0.008789
0 0.381836 0.334473 0.004883 0.005859
0 0.095459 0.328857 0.033691 0.044434
0 0.210449 0.310303 0.021484 0.034668
0 0.157715 0.275146 0.020508 0.020996
0 0.290283 0.266357 0.009277 0.008301
0 0.103271 0.253418 0.019043 0.030273
0 0.257812 0.233154 0.013672 0.012207
0 0.151367 0.222656 0.010742 0.013672
0 0.078857 0.236816 0.040527 0.059570
0 0.221680 0.202637 0.020508 0.019531
0 0.187500 0.176270 0.010742 0.011719
0 0.127441 0.173340 0.020508 0.021484
0 0.141602 0.156494 0.004883 0.005371