0 0.349365 0.856201 0.017090 0.011230
0 0.335205 0.783203 0.026855 0.041016
0 0.087646 0.735596 0.029785 0.036621
0 0.131104 0.724365 0.019043 0.025879
0 0.194824 0.699707 0.036133 0.038086
0 0.365723 0.645264 0.009766 0.009277
0 0.043457 0.654053 0.039062 0.049316
0 0.220947 0.635986 0.029785 0.031738
0 0.300781 0.555176 0.024414 0.019531
0 0.163818 0.549561 0.025879 0.035645
0 0.669922 0.520752 0.006836 0.008301
0 0.312256 0.500244 0.022949 0.022949
0 0.244141 0.478271 0.012695 0.020020
0 0.924072 0.478027 0.008301 0.029297
0 0.227783 0.458984 0.008301 0.011719
0 0.687744 0.451904 0.011230 0.011230
0 0.891357 0.451904 0.014160 0.023926
0 0.671143 0.438965 0.013184 0.011719
0 0.148682 0.448486 0.023926 0.047363
0 0.191895 0.430664 0.009766 0.015625
0 0.263184 0.425537 0.014648 0.020020
0 0.740967 0.416260 0.008301 0.009277
0 0.603760 0.404053 0.008301 0.008301
0 0.055908 0.420654 0.026855 0.043457
0 0.622314 0.387207 0.011230 0.011719
0 0.339844 0.378662 0.006836 0.006348
0 0.214111 0.380859 0.020020 0.026367
0 0.655518 0.366211 0.013184 0.014648
0 0.150146 0.372314 0.022949 0.033691
0 0.108398 0.368652 0.028320 0.032227
0 0.248779 0.359619 0.012207 0.017090
0 0.305664 0.346924 0.008789 0.009277
0 0.748047 0.353027 0.016602 0.021484
0 0.196533 0.342041 0.015137 0.020020
0 0.080811 0.337402 0.030762 0.042969
0 0.239746 0.320068 0.010742 0.013184
0 0.271729 0.317139 0.011230 0.012207
0 0.230957 0.295410 0.013672 0.015625
0 0.145996 0.316650 0.038086 0.062012
0 0.199707 0.291260 0.012695 0.016113
0 0.096191 0.282227 0.020508 0.025391
0 0.037842 0.440918 0.009277 0.018555
0 0.843262 0.418945 0.007812 0.011719