0 0.519531 0.870117 0.035156 0.014648
0 0.320801 0.790771 0.016602 0.013184
0 0.306641 0.717041 0.044922 0.053223
0 0.045654 0.658203 0.038574 0.037109
0 0.098145 0.638672 0.017578 0.041016
0 0.161621 0.620117 0.033203 0.041992
0 0.335449 0.570557 0.006836 0.010254
0 0.013184 0.580322 0.019531 0.065918
0 0.194580 0.558838 0.028809 0.030762
0 0.277344 0.484131 0.021484 0.020996
0 0.139893 0.473633 0.034668 0.034180
0 0.282227 0.433105 0.032227 0.022461
0 0.432861 0.420654 0.008301 0.006348
0 0.337158 0.415039 0.011230 0.013672
0 0.223389 0.403076 0.015137 0.026855
0 0.308594 0.377686 0.017578 0.017090
0 0.390381 0.356445 0.012207 0.009766
0 0.239502 0.357666 0.015137 0.020020
0 0.124268 0.372559 0.033691 0.050781
0 0.316406 0.350830 0.017578 0.018066
0 0.039795 0.345459 0.028809 0.039551
0 0.319824 0.311768 0.007812 0.008301
0 0.186035 0.320068 0.020508 0.025879
0 0.130127 0.305664 0.022949 0.023438
0 0.061279 0.272461 0.018066 0.030273
0 0.175537 0.267090 0.018066 0.021484
0 0.156006 0.224365 0.014160 0.015137
0 0.168701 0.208984 0.006348 0.004883
0 0.121094 0.250244 0.097656 0.127441