0 0.338867 0.891113 0.030273 0.017578
0 0.299072 0.759766 0.013184 0.010742
0 0.262451 0.669189 0.028809 0.046387
0 0.022705 0.611816 0.028809 0.048828
0 0.063965 0.590576 0.024414 0.042480
0 0.660889 0.566895 0.012207 0.015625
0 0.126465 0.574951 0.032227 0.051270
0 0.297607 0.529785 0.008301 0.012695
0 0.063721 0.521240 0.035645 0.025879
0 0.155029 0.518799 0.026855 0.030762
0 0.974854 0.490967 0.016113 0.032715
0 0.982666 0.439941 0.007324 0.009766
0 0.242676 0.439209 0.019531 0.020020
0 0.102051 0.430420 0.029297 0.039551
0 0.360107 0.392334 0.009277 0.012207
0 0.252930 0.394775 0.023438 0.029785
0 0.184570 0.368408 0.010742 0.015137
0 0.349121 0.355225 0.006836 0.008301
0 0.090332 0.338135 0.027344 0.045410
0 0.200195 0.317871 0.017578 0.022461
0 0.126221 0.303223 0.009277 0.011719
0 0.284424 0.270752 0.009277 0.010254
0 0.062500 0.262207 0.003906 0.004883
0 0.231689 0.278320 0.034668 0.040039
0 0.156982 0.268311 0.020020 0.028809
0 0.094971 0.262207 0.022949 0.023438
0 0.140625 0.231689 0.023438 0.023926
0 0.213867 0.207031 0.016602 0.014648
0 0.160645 0.187256 0.014648 0.016113
0 0.141846 0.174316 0.023926 0.033203
0 0.411621 0.348145 0.014648 0.010742