0 0.477295 0.992676 0.028809 0.008789
0 0.602295 0.903076 0.041504 0.029785
0 0.354004 0.843750 0.016602 0.010742
0 0.334229 0.766357 0.044434 0.056152
0 0.079590 0.714111 0.026367 0.034668
0 0.125977 0.701660 0.017578 0.025391
0 0.187988 0.678223 0.032227 0.035156
0 0.358643 0.622070 0.010254 0.010742
0 0.037354 0.637939 0.036621 0.051270
0 0.215332 0.615234 0.029297 0.027344
0 0.067383 0.543213 0.026367 0.027832
0 0.298584 0.538330 0.020996 0.022949
0 0.162109 0.529541 0.037109 0.044434
0 0.306641 0.488281 0.027344 0.019531
0 0.239746 0.462402 0.011719 0.019531
0 0.396240 0.449707 0.008301 0.006836
0 0.341309 0.447266 0.010742 0.013672
0 0.139893 0.438965 0.030762 0.035156
0 0.602539 0.424072 0.008789 0.009277
0 0.301758 0.417480 0.009766 0.012695
0 0.676025 0.414795 0.015137 0.014160
0 0.252686 0.412109 0.018066 0.021484
0 0.660156 0.404297 0.015625 0.013672
0 0.050781 0.410156 0.022461 0.036133
0 0.369141 0.383545 0.011719 0.011230
0 0.591797 0.375732 0.011719 0.010254
0 0.727295 0.375488 0.011230 0.014648
0 0.199707 0.378662 0.024414 0.027832
0 0.828613 0.369629 0.009766 0.012695
0 0.275879 0.369385 0.014648 0.015137
0 0.330078 0.362549 0.012695 0.012207
0 0.607910 0.356934 0.007812 0.006836
0 0.142090 0.364014 0.024414 0.021973
0 0.102295 0.353027 0.015137 0.043945
0 0.638184 0.332275 0.013672 0.012207
0 0.186279 0.329590 0.010254 0.011719
0 0.068604 0.332275 0.026855 0.040527
0 0.728271 0.310059 0.008301 0.007812
0 0.260742 0.303223 0.009766 0.008789
0 0.669678 0.296875 0.013184 0.011719
0 0.217041 0.284180 0.008301 0.007812
0 0.134521 0.307861 0.034668 0.061035
0 0.168945 0.281494 0.014648 0.018066
0 0.086914 0.269287 0.024414 0.030762
0 0.070557 0.432373 0.009277 0.014160
0 0.674561 0.271484 0.013184 0.009766
0 0.177002 0.262939 0.014160 0.018066