0 0.212158 0.842041 0.025879 0.045410
0 0.527832 0.754395 0.011719 0.007812
0 0.079834 0.747803 0.033691 0.048340
0 0.257080 0.708984 0.012207 0.013672
0 0.113525 0.690430 0.031738 0.041016
0 0.154785 0.639404 0.013672 0.022949
0 0.815186 0.623291 0.011230 0.018066
0 0.201904 0.616699 0.020996 0.027344
0 0.065674 0.601318 0.024902 0.044434
0 0.734375 0.567139 0.006836 0.008301
0 0.216309 0.563477 0.023438 0.032227
0 0.936768 0.516357 0.013184 0.035645
0 0.746582 0.504883 0.007812 0.015625
0 0.644531 0.499268 0.007812 0.011230
0 0.913330 0.500977 0.006348 0.022461
0 0.724609 0.457031 0.011719 0.017578
0 0.968018 0.413330 0.022949 0.026855
0 0.979004 0.363525 0.004883 0.006348
0 0.892334 0.344971 0.012207 0.021973
0 0.918701 0.311768 0.017090 0.028809
0 0.891113 0.258545 0.008789 0.012207