0 0.380127 0.869141 0.020020 0.011719
0 0.327637 0.779297 0.027344 0.041992
0 0.082031 0.724609 0.030273 0.037109
0 0.125488 0.714355 0.018555 0.026367
0 0.189453 0.691162 0.036133 0.038574
0 0.731689 0.658203 0.016113 0.018555
0 0.361816 0.641602 0.008789 0.008789
0 0.039551 0.641602 0.038086 0.049805
0 0.217529 0.628418 0.029785 0.032227
0 0.299561 0.550049 0.023926 0.020020
0 0.162598 0.540527 0.025391 0.036133
0 0.673584 0.500977 0.007324 0.008789
0 0.312256 0.495361 0.021973 0.023926
0 0.244629 0.471436 0.012695 0.020020
0 0.229004 0.451660 0.008789 0.011719
0 0.603760 0.442627 0.007324 0.006348
0 0.578125 0.430908 0.007812 0.008301
0 0.678711 0.431396 0.010742 0.010254
0 0.918457 0.432861 0.008789 0.016113
0 0.150146 0.438965 0.022949 0.047852
0 0.194092 0.422363 0.010254 0.015625
0 0.662842 0.421143 0.016113 0.015137
0 0.265625 0.419189 0.015625 0.020020
0 0.880859 0.405762 0.012695 0.021484
0 0.058105 0.409424 0.027344 0.044434
0 0.728027 0.388428 0.008789 0.010254
0 0.343262 0.374512 0.006836 0.006836
0 0.217285 0.373535 0.020508 0.026367
0 0.153809 0.363037 0.023438 0.033691
0 0.252197 0.353027 0.013184 0.017578
0 0.112061 0.358154 0.028809 0.031738
0 0.310303 0.342041 0.008301 0.009277
0 0.200928 0.333740 0.015137 0.020020
0 0.245117 0.313232 0.011719 0.013184
0 0.276611 0.310791 0.011230 0.012207
0 0.085205 0.326172 0.030762 0.042969
0 0.236572 0.288086 0.014160 0.015625
0 0.151123 0.307373 0.039551 0.061035
0 0.205811 0.283447 0.014160 0.015137
0 0.102051 0.271729 0.020508 0.023926
0 0.040039 0.428711 0.009766 0.018555
0 0.829834 0.378662 0.007324 0.008301