0 0.278809 0.775391 0.015625 0.012695
0 0.242676 0.685303 0.030273 0.045410
0 0.036377 0.613525 0.028809 0.049316
0 0.100098 0.600098 0.033203 0.044922
0 0.627930 0.575439 0.010742 0.013184
0 0.955566 0.513672 0.005859 0.004883
0 0.516113 0.352051 0.011719 0.007812
0 0.594238 0.347656 0.016602 0.010742
0 0.417480 0.344238 0.011719 0.008789
0 0.576416 0.335693 0.019043 0.014160
0 0.749756 0.313721 0.005371 0.004395
0 0.647705 0.310547 0.013184 0.011719
0 0.647461 0.244385 0.005859 0.005371
0 0.835449 0.239014 0.016602 0.019043
0 0.800781 0.153320 0.027344 0.023438