0 0.343994 0.877930 0.020020 0.011719
0 0.321045 0.795166 0.031738 0.043457
0 0.071045 0.749756 0.020996 0.025879
0 0.109131 0.730713 0.019043 0.027832
0 0.169189 0.708984 0.033691 0.041992
0 0.690674 0.690186 0.014160 0.013184
0 0.606689 0.688232 0.009277 0.009277
0 0.032959 0.673096 0.008301 0.015137
0 0.342041 0.654541 0.006348 0.007324
0 0.198486 0.645020 0.029785 0.029297
0 0.235107 0.576904 0.013184 0.022949
0 0.055664 0.567383 0.012695 0.019531
0 0.279053 0.565674 0.021973 0.024902
0 0.143311 0.561768 0.028809 0.033691
0 0.190918 0.544922 0.006836 0.015625
0 0.198486 0.521484 0.013184 0.021484
0 0.288574 0.515625 0.022461 0.021484
0 0.223145 0.488770 0.012695 0.021484
0 0.665039 0.461670 0.011719 0.012207
0 0.053223 0.464355 0.011719 0.017578
0 0.310059 0.457031 0.011719 0.015625
0 0.651855 0.449707 0.005859 0.005859
0 0.125000 0.464111 0.027344 0.039551
0 0.327881 0.452148 0.013184 0.016602
0 0.387939 0.435791 0.007324 0.009277
0 0.236328 0.439697 0.018555 0.020020
0 0.269775 0.432129 0.008301 0.016602
0 0.719727 0.425049 0.008789 0.014160
0 0.026855 0.438232 0.044922 0.058105
0 0.599854 0.395264 0.011230 0.011230
0 0.181885 0.405273 0.023926 0.031250
0 0.316895 0.389404 0.006836 0.009277
0 0.622314 0.385010 0.012207 0.013184
0 0.086426 0.381836 0.024414 0.031250
0 0.284912 0.358398 0.006348 0.006836
0 0.216553 0.356689 0.015137 0.021973
0 0.173096 0.349609 0.017090 0.025391
0 0.054443 0.351074 0.023926 0.042969
0 0.114746 0.341797 0.020508 0.038086
0 0.208496 0.305664 0.008789 0.010742
0 0.165039 0.303223 0.015625 0.020508
0 0.130371 0.308105 0.024414 0.031250
0 0.074463 0.287842 0.024902 0.030762
0 0.912598 0.240479 0.012695 0.018066
0 0.771729 0.187744 0.020996 0.019043
0 0.167969 0.282715 0.011719 0.013672