0 0.492188 0.961670 0.028320 0.014160
0 0.459229 0.943604 0.107910 0.016113
0 0.630127 0.775635 0.031738 0.020996
0 0.637451 0.581055 0.012207 0.012695
0 0.515869 0.369629 0.010254 0.006836
0 0.462158 0.363281 0.007324 0.006836
0 0.593506 0.364014 0.017090 0.011230
0 0.416992 0.362549 0.011719 0.008301
0 0.575684 0.352295 0.016602 0.012207
0 0.513428 0.345215 0.016113 0.016602
0 0.748291 0.326416 0.009277 0.009277
0 0.648682 0.326660 0.012207 0.010742
0 0.506104 0.321777 0.012207 0.008789
0 0.524658 0.302002 0.013184 0.009277
0 0.556396 0.278809 0.012207 0.007812
0 0.649414 0.262939 0.013672 0.010254
0 0.375244 0.377197 0.010254 0.010254