0 0.315430 0.888916 0.017578 0.009277
0 0.272949 0.753906 0.013672 0.011719
0 0.241211 0.661621 0.031250 0.044922
0 0.041504 0.593262 0.018555 0.050781
0 0.636230 0.560791 0.009766 0.013184
0 0.102295 0.590576 0.028809 0.073730
0 0.274414 0.530029 0.007812 0.015137
0 0.034668 0.530273 0.023438 0.029297
0 0.132080 0.516846 0.027832 0.061035
0 0.944824 0.474365 0.016602 0.032715
0 0.216797 0.447754 0.016602 0.038086
0 0.075684 0.437500 0.027344 0.038086
0 0.953857 0.414551 0.009277 0.016602
0 0.300537 0.395020 0.011230 0.011719
0 0.226318 0.391602 0.020996 0.024414
0 0.482422 0.369629 0.007812 0.005859
0 0.522217 0.338623 0.012207 0.008301
0 0.471191 0.321045 0.006836 0.006348
0 0.590088 0.327881 0.029785 0.021973
0 0.062256 0.337891 0.030762 0.057617
0 0.170166 0.316406 0.019043 0.035156
0 0.754150 0.297852 0.009277 0.012695
0 0.099121 0.294189 0.015625 0.022949
0 0.197754 0.285156 0.018555 0.018555
0 0.531738 0.270996 0.018555 0.009766
0 0.126221 0.272949 0.020996 0.035156
0 0.064209 0.264648 0.020020 0.029297
0 0.562744 0.250977 0.016113 0.008789
0 0.842041 0.239746 0.008301 0.009766
0 0.578369 0.230225 0.006348 0.006348
0 0.107910 0.233154 0.021484 0.027832
0 0.822266 0.151123 0.034180 0.029785
0 0.514404 0.290771 0.014160 0.009277
0 0.470215 0.331543 0.006836 0.005859