0 0.314209 0.904297 0.004395 0.005859
0 0.269043 0.821045 0.028320 0.048340
0 0.077148 0.759033 0.020508 0.024902
0 0.584229 0.716064 0.012207 0.008301
0 0.138184 0.734375 0.041016 0.045898
0 0.670410 0.711914 0.014648 0.014648
0 0.310303 0.683105 0.006348 0.006836
0 0.166748 0.674072 0.030762 0.029785
0 0.021973 0.607178 0.025391 0.027832
0 0.249268 0.594727 0.020020 0.024414
0 0.111328 0.589355 0.026367 0.040039
0 0.714111 0.539551 0.007324 0.010742
0 0.262451 0.542969 0.022949 0.028320
0 0.865234 0.542969 0.012695 0.030273
0 0.193115 0.520752 0.014160 0.020996
0 0.143555 0.478271 0.007812 0.018066
0 0.094238 0.487793 0.027344 0.051758
0 0.210693 0.468750 0.018066 0.026367
0 0.686523 0.452637 0.006836 0.010742
0 0.785889 0.451660 0.008301 0.015625
0 0.010254 0.460693 0.018555 0.053223
0 0.953613 0.441406 0.008789 0.015625
0 0.795410 0.436768 0.013672 0.021973
0 0.967285 0.425537 0.016602 0.032715
0 0.691162 0.388428 0.005371 0.006348
0 0.924072 0.287842 0.012207 0.020020