0 0.174561 0.849365 0.038574 0.052246
0 0.511475 0.778564 0.015137 0.008301
0 0.229248 0.720215 0.012207 0.010742
0 0.089111 0.695312 0.031738 0.039062
0 0.796631 0.668457 0.013184 0.016602
0 0.384033 0.603760 0.011230 0.010254
0 0.749512 0.574219 0.008789 0.011719
0 0.926514 0.568848 0.017090 0.036133
0 0.899170 0.535645 0.007324 0.012695
0 0.731445 0.533691 0.006836 0.012695
0 0.629883 0.526855 0.007812 0.007812
0 0.957764 0.489502 0.007324 0.016113
0 0.690186 0.472656 0.015137 0.015625
0 0.638916 0.461914 0.007324 0.010742
0 0.953613 0.450195 0.025391 0.039062
0 0.978027 0.407959 0.021484 0.044434
0 0.881348 0.378418 0.009766 0.015625
0 0.911621 0.348389 0.014648 0.022949
0 0.885498 0.292969 0.012207 0.016602