0 0.635498 0.591553 0.009277 0.012207
0 0.391602 0.388672 0.008789 0.008789
0 0.432129 0.385498 0.010742 0.008301
0 0.517334 0.372803 0.009277 0.006348
0 0.424072 0.365723 0.008301 0.006836
0 0.593018 0.365723 0.017090 0.012695
0 0.576904 0.354980 0.016113 0.010742
0 0.506104 0.325439 0.012207 0.008301
0 0.646729 0.325684 0.012207 0.012695
0 0.746338 0.322510 0.013184 0.015137
0 0.913086 0.308838 0.006836 0.006348
0 0.524658 0.305908 0.012207 0.008301
0 0.555176 0.281982 0.009766 0.007324
0 0.644531 0.260498 0.009766 0.007324
0 0.569336 0.260986 0.011719 0.007324
0 0.830078 0.219727 0.014648 0.015625
0 0.769287 0.145264 0.028809 0.026855
0 0.381836 0.380371 0.009766 0.009766