0 0.358154 0.858398 0.019043 0.011719
0 0.313477 0.766602 0.029297 0.042969
0 0.073975 0.705078 0.030762 0.041016
0 0.118896 0.696289 0.018066 0.025391
0 0.182861 0.675781 0.037598 0.038086
0 0.356201 0.631348 0.010254 0.009766
0 0.214844 0.614990 0.027344 0.028809
0 0.034668 0.623779 0.035156 0.052246
0 0.299561 0.540039 0.022949 0.018555
0 0.159668 0.531494 0.031250 0.033691
0 0.665527 0.515625 0.008789 0.010742
0 0.313477 0.489014 0.021484 0.024902
0 0.245361 0.465820 0.013184 0.016602
0 0.923584 0.458496 0.010254 0.019531
0 0.235352 0.443604 0.007812 0.012207
0 0.686035 0.443848 0.014648 0.013672
0 0.672607 0.432617 0.007324 0.006836
0 0.893555 0.443848 0.015625 0.029297
0 0.151611 0.433594 0.023926 0.042969
0 0.194336 0.417480 0.008789 0.014648
0 0.266602 0.414795 0.014648 0.021973
0 0.739502 0.407959 0.009277 0.013184
0 0.382324 0.393311 0.006836 0.006348
0 0.059570 0.400635 0.025391 0.043457
0 0.620361 0.381592 0.008301 0.008301
0 0.343262 0.371338 0.009766 0.009277
0 0.218750 0.369629 0.020508 0.022461
0 0.652832 0.358887 0.010742 0.010742
0 0.252930 0.351318 0.012695 0.014160
0 0.154541 0.357666 0.023926 0.031738
0 0.744141 0.342773 0.008789 0.011719
0 0.310303 0.339844 0.008301 0.007812
0 0.114502 0.351807 0.027832 0.032715
0 0.201416 0.327881 0.014160 0.020020
0 0.242432 0.308838 0.012207 0.011230
0 0.085938 0.322754 0.030273 0.049805
0 0.236816 0.283936 0.011719 0.011230
0 0.204590 0.281250 0.013672 0.014648
0 0.153564 0.303955 0.038574 0.060059
0 0.105957 0.271729 0.028320 0.033691
0 0.627441 0.499023 0.007812 0.008789
0 0.041260 0.419189 0.008301 0.020996
0 0.840820 0.406738 0.009766 0.018555