0 0.556885 0.991455 0.037598 0.013184
0 0.448730 0.930420 0.011719 0.007324
0 0.468262 0.848145 0.036133 0.023438
0 0.298340 0.765137 0.013672 0.011719
0 0.292969 0.688477 0.041016 0.041992
0 0.035889 0.628662 0.046387 0.049316
0 0.083496 0.609863 0.027344 0.045898
0 0.681396 0.585449 0.010254 0.014648
0 0.143311 0.595703 0.028809 0.041992
0 0.319580 0.545410 0.010254 0.011719
0 0.084229 0.541504 0.016113 0.022461
0 0.174316 0.535156 0.032227 0.033203
0 0.264893 0.461426 0.019043 0.017578
0 0.064453 0.450928 0.007812 0.022949
0 0.124756 0.445557 0.030762 0.036621
0 0.267578 0.410400 0.031250 0.020996
0 0.325684 0.400635 0.011719 0.012207
0 0.430908 0.364746 0.009277 0.007812
0 0.294922 0.365234 0.010742 0.013672
0 0.112305 0.346436 0.030273 0.049316
0 0.218750 0.354248 0.038086 0.081543
0 0.032959 0.329102 0.015137 0.033203
0 0.303467 0.288086 0.008301 0.006836
0 0.172852 0.295654 0.029297 0.032715
0 0.114990 0.274658 0.023926 0.035645
0 0.161621 0.243164 0.017578 0.021484