0 0.499756 0.949707 0.026855 0.014648
0 0.437500 0.926025 0.073242 0.016113
0 0.343262 0.834961 0.031250 0.015625
0 0.252686 0.765137 0.015137 0.013672
0 0.247314 0.686523 0.037598 0.041016
0 0.093262 0.595459 0.030273 0.047363
0 0.626221 0.577148 0.013184 0.012695
0 0.266357 0.542725 0.011230 0.013184
0 0.020508 0.547119 0.009766 0.024902
0 0.125732 0.538330 0.021973 0.030762
0 0.516357 0.351074 0.012207 0.009766
0 0.482910 0.347168 0.014648 0.011719
0 0.416504 0.341553 0.012695 0.009277
0 0.586426 0.341309 0.035156 0.025391
0 0.750977 0.314209 0.013672 0.014160
0 0.648926 0.311279 0.012695 0.011230
0 0.525879 0.284424 0.013672 0.008301
0 0.559082 0.261963 0.009766 0.007324
0 0.657227 0.250000 0.005859 0.004883
0 0.879639 0.252441 0.011230 0.013672
0 0.574219 0.242432 0.009766 0.007324
0 0.666992 0.116699 0.016602 0.010742
0 0.727295 0.085205 0.017090 0.011230
0 0.462891 0.343262 0.008789 0.005859
0 0.030518 0.615479 0.020996 0.044434