0 0.607910 0.778320 0.026367 0.015625
0 0.601807 0.733398 0.016113 0.010742
0 0.645508 0.597412 0.012695 0.015137
0 0.413330 0.426270 0.011230 0.008789
0 0.595947 0.372803 0.016113 0.011230
0 0.578369 0.362305 0.016113 0.010742
0 0.536377 0.337402 0.014160 0.009766
0 0.507812 0.334473 0.009766 0.008789
0 0.646973 0.331543 0.012695 0.010742
0 0.748047 0.327393 0.009766 0.011230
0 0.524902 0.313965 0.013672 0.009766
0 0.554688 0.290039 0.014648 0.009766
0 0.569336 0.268066 0.011719 0.007812
0 0.681396 0.055176 0.022949 0.012695
0 0.383545 0.392822 0.010254 0.009277