0 0.555664 0.994873 0.022461 0.005371
0 0.442627 0.934082 0.020996 0.009766
0 0.473389 0.849854 0.036621 0.017090
0 0.298584 0.767334 0.017090 0.014160
0 0.291260 0.691162 0.037598 0.041504
0 0.036621 0.628418 0.048828 0.045898
0 0.083008 0.610596 0.023438 0.045410
0 0.600586 0.586670 0.006836 0.008301
0 0.683350 0.587646 0.011230 0.015137
0 0.144775 0.594238 0.028809 0.042969
0 0.005859 0.559570 0.003906 0.013672
0 0.321777 0.549072 0.011719 0.013184
0 0.088379 0.540527 0.015625 0.019531
0 0.177246 0.536377 0.031250 0.033691
0 0.265381 0.461182 0.019043 0.021973
0 0.128906 0.448975 0.027344 0.031738
0 0.269287 0.409424 0.037598 0.026855
0 0.328369 0.400879 0.012207 0.012695
0 0.211182 0.384033 0.014160 0.020996
0 0.434326 0.368408 0.010254 0.008301
0 0.297119 0.367188 0.012207 0.015625
0 0.322266 0.349121 0.010742 0.009766
0 0.114990 0.350586 0.028809 0.046875
0 0.226562 0.337646 0.024414 0.044434
0 0.034180 0.331543 0.018555 0.039062
0 0.309082 0.290039 0.007812 0.007812
0 0.176514 0.303711 0.029785 0.046875
0 0.078369 0.272949 0.031738 0.032227
0 0.275146 0.258789 0.006348 0.005859
0 0.122803 0.270508 0.029785 0.039062
0 0.163330 0.245850 0.018066 0.022949
0 0.239990 0.226562 0.006348 0.007812
0 0.138672 0.206787 0.009766 0.009277
0 0.117920 0.223877 0.051270 0.069824
0 0.164307 0.177734 0.005371 0.004883