0 0.469971 0.993896 0.035645 0.010254
0 0.597900 0.907471 0.049316 0.020996
0 0.351562 0.843506 0.020508 0.014160
0 0.330566 0.765869 0.042969 0.053223
0 0.082031 0.715088 0.034180 0.032715
0 0.123779 0.698242 0.018066 0.027344
0 0.187012 0.675537 0.035156 0.037598
0 0.357910 0.621826 0.008789 0.009277
0 0.038086 0.638428 0.037109 0.051270
0 0.215820 0.614746 0.026367 0.027344
0 0.296631 0.537109 0.023926 0.021484
0 0.068359 0.539551 0.025391 0.028320
0 0.159912 0.541504 0.032715 0.064453
0 0.305908 0.489258 0.025879 0.020508
0 0.240723 0.461426 0.012695 0.020508
0 0.394531 0.449707 0.007812 0.006836
0 0.341553 0.447754 0.012207 0.013672
0 0.602539 0.424561 0.007812 0.007324
0 0.139648 0.437012 0.032227 0.043945
0 0.302002 0.418457 0.009277 0.011719
0 0.677246 0.416016 0.016602 0.015625
0 0.403320 0.407471 0.006836 0.006348
0 0.254150 0.411621 0.016113 0.023438
0 0.660400 0.405518 0.015137 0.014160
0 0.050537 0.407471 0.027832 0.039551
0 0.369873 0.385010 0.009277 0.009277
0 0.591309 0.377197 0.009766 0.008301
0 0.727295 0.377441 0.011230 0.014648
0 0.199707 0.378906 0.022461 0.026367
0 0.828369 0.369385 0.008301 0.010254
0 0.274658 0.366699 0.014160 0.015625
0 0.331299 0.363037 0.012207 0.013184
0 0.144043 0.363525 0.023438 0.019043
0 0.608643 0.357666 0.010254 0.008301
0 0.104492 0.353516 0.012695 0.042969
0 0.297119 0.336670 0.009277 0.009277
0 0.186035 0.327393 0.014648 0.020020
0 0.070312 0.331055 0.028320 0.036133
0 0.126465 0.324463 0.018555 0.027832
0 0.728027 0.310547 0.006836 0.005859
0 0.260010 0.306152 0.007324 0.007812
0 0.668945 0.299805 0.014648 0.013672
0 0.219971 0.282715 0.010254 0.011719
0 0.142822 0.293213 0.022949 0.037598
0 0.086670 0.269531 0.020996 0.029297
0 0.181641 0.272705 0.037109 0.038574
0 0.072754 0.428711 0.006836 0.013672
0 0.673096 0.272217 0.012207 0.010254
0 0.638672 0.334229 0.009766 0.009277