0 0.386719 0.948730 0.042969 0.016602
0 0.365967 0.823486 0.012207 0.008301
0 0.318359 0.735840 0.022461 0.048828
0 0.062988 0.705078 0.032227 0.033203
0 0.115479 0.677979 0.022949 0.039551
0 0.175537 0.654053 0.030762 0.040527
0 0.622803 0.618896 0.006348 0.006348
0 0.029053 0.625732 0.036621 0.057129
0 0.347656 0.595703 0.010742 0.011719
0 0.204834 0.593506 0.028809 0.029785
0 0.284424 0.509277 0.019043 0.022461
0 0.141846 0.510498 0.020996 0.029785
0 0.293457 0.456787 0.023438 0.024902
0 0.223877 0.440674 0.011230 0.016113
0 0.280762 0.415771 0.009766 0.010254
0 0.122314 0.414062 0.035645 0.050781
0 0.164795 0.390869 0.009277 0.020996
0 0.237061 0.391846 0.014160 0.023926
0 0.353027 0.357910 0.007812 0.007812
0 0.312012 0.338379 0.008789 0.006836
0 0.080566 0.343506 0.029297 0.025879
0 0.125244 0.342041 0.016113 0.025879
0 0.189941 0.344238 0.027344 0.032227
0 0.233643 0.334961 0.015137 0.017578
0 0.166992 0.308594 0.015625 0.026367
0 0.106689 0.302002 0.012207 0.017090
0 0.048828 0.312988 0.026367 0.047852
0 0.115723 0.275391 0.030273 0.030273
0 0.188965 0.272461 0.022461 0.025391
0 0.164062 0.262695 0.013672 0.016602
0 0.068604 0.253662 0.022949 0.032715