0 0.320557 0.888184 0.018066 0.008789
0 0.275879 0.754395 0.014648 0.011719
0 0.239014 0.661865 0.035645 0.047363
0 0.038086 0.575684 0.018555 0.050781
0 0.638916 0.553955 0.011230 0.013184
0 0.099121 0.568604 0.027344 0.060059
0 0.273438 0.521729 0.007812 0.015137
0 0.033936 0.512695 0.022949 0.029297
0 0.945068 0.479492 0.013184 0.011719
0 0.131592 0.502930 0.027832 0.061523
0 0.956787 0.431641 0.009277 0.016602
0 0.219482 0.437256 0.016113 0.037598
0 0.078369 0.421631 0.026855 0.038574
0 0.304688 0.387939 0.011719 0.012207
0 0.230713 0.381592 0.021973 0.024902
0 0.487305 0.369141 0.006836 0.005859
0 0.528320 0.339600 0.011719 0.008301
0 0.596191 0.331055 0.028320 0.022461
0 0.477783 0.320312 0.008301 0.006836
0 0.762695 0.307617 0.009766 0.012695
0 0.068848 0.321777 0.031250 0.057617
0 0.177490 0.303955 0.020020 0.035645
0 0.107178 0.279053 0.016113 0.021973
0 0.540283 0.272705 0.018066 0.010254
0 0.206299 0.273926 0.019043 0.018555
0 0.572266 0.253174 0.015625 0.009277
0 0.851807 0.252930 0.008301 0.009766
0 0.135254 0.259277 0.022461 0.035156
0 0.072998 0.248291 0.020020 0.028809
0 0.588135 0.233398 0.005371 0.005859
0 0.118164 0.218506 0.022461 0.027832
0 0.835205 0.163330 0.033691 0.030762
0 0.522217 0.291504 0.013184 0.009766
0 0.477051 0.330566 0.006836 0.005859