0 0.482910 0.963867 0.049805 0.016602
0 0.444824 0.946777 0.038086 0.025391
0 0.632568 0.593750 0.012207 0.014648
0 0.518311 0.372314 0.011230 0.008301
0 0.465576 0.364746 0.008301 0.005859
0 0.594482 0.366211 0.013184 0.010742
0 0.418701 0.363770 0.009277 0.007812
0 0.578857 0.355225 0.017090 0.013184
0 0.519775 0.342529 0.014160 0.011230
0 0.649902 0.329834 0.009766 0.009277
0 0.749756 0.329834 0.010254 0.013184
0 0.508301 0.323486 0.011719 0.008301
0 0.527588 0.303955 0.013184 0.009277
0 0.558594 0.281494 0.011719 0.008301
0 0.650391 0.264160 0.010742 0.009766
0 0.377197 0.378418 0.011230 0.010742