0 0.350342 0.897705 0.025879 0.015137
0 0.304199 0.763916 0.013672 0.012207
0 0.266846 0.673340 0.026855 0.042969
0 0.025879 0.623047 0.028320 0.044922
0 0.068115 0.593994 0.026855 0.045410
0 0.666016 0.569092 0.010742 0.016113
0 0.129395 0.582520 0.040039 0.045898
0 0.301758 0.534180 0.010742 0.013672
0 0.066895 0.524414 0.019531 0.032227
0 0.992920 0.507568 0.006348 0.006348
0 0.160156 0.521729 0.026367 0.037598
0 0.245361 0.442383 0.018066 0.021484
0 0.104492 0.433350 0.032227 0.043457
0 0.256104 0.396973 0.022949 0.031250
0 0.190674 0.371094 0.008301 0.009766
0 0.424072 0.359863 0.010254 0.008789
0 0.342285 0.359375 0.008789 0.008789
0 0.093994 0.343018 0.027832 0.046387
0 0.200439 0.329590 0.022949 0.037109
0 0.128662 0.311279 0.008301 0.014160
0 0.325684 0.297607 0.007812 0.008301
0 0.286377 0.275879 0.010254 0.008789
0 0.159424 0.273438 0.019043 0.028320
0 0.235352 0.280518 0.041016 0.047363
0 0.099854 0.266602 0.025879 0.023438
0 0.062012 0.262695 0.014648 0.027344
0 0.143311 0.236328 0.018066 0.021484
0 0.218994 0.209961 0.017090 0.017578
0 0.161377 0.194336 0.019043 0.018555
0 0.107666 0.192871 0.017090 0.020508
0 0.145996 0.181152 0.022461 0.032227
0 0.414795 0.351562 0.012207 0.009766