0 0.640625 0.603271 0.013672 0.013184
0 0.395752 0.400635 0.007324 0.006348
0 0.350098 0.381836 0.008789 0.007812
0 0.595459 0.376953 0.016113 0.009766
0 0.578613 0.366211 0.016602 0.010742
0 0.507080 0.337891 0.012207 0.009766
0 0.648438 0.337158 0.011719 0.010254
0 0.749023 0.332764 0.011719 0.014160
0 0.525635 0.317627 0.016113 0.008301
0 0.258545 0.316650 0.010254 0.011230
0 0.556152 0.293457 0.007812 0.006836
0 0.223389 0.286865 0.013184 0.015137
0 0.570312 0.272461 0.009766 0.006836
0 0.146484 0.233887 0.006836 0.005859
0 0.829102 0.213379 0.016602 0.018555
0 0.754639 0.143066 0.031738 0.025391