0 0.634521 0.589355 0.012207 0.013672
0 0.382324 0.391113 0.007812 0.008789
0 0.414795 0.389160 0.010254 0.008789
0 0.371826 0.383545 0.010254 0.010254
0 0.513428 0.369873 0.010254 0.007324
0 0.459473 0.365723 0.008789 0.006836
0 0.414062 0.365967 0.010742 0.007324
0 0.588379 0.361328 0.015625 0.010742
0 0.572266 0.350342 0.016602 0.012207
0 0.641846 0.321533 0.010254 0.010254
0 0.501465 0.321777 0.012695 0.010742
0 0.743652 0.319336 0.009766 0.011719
0 0.519043 0.302490 0.016602 0.010254
0 0.548828 0.277588 0.010742 0.008301
0 0.642578 0.258301 0.009766 0.007812
0 0.824951 0.218018 0.017090 0.019043
0 0.766846 0.141846 0.033691 0.028809
0 0.458984 0.354980 0.008789 0.006836