0 0.498291 0.944580 0.031738 0.016113
0 0.419434 0.910645 0.041992 0.013672
0 0.360840 0.820801 0.028320 0.014648
0 0.657471 0.788574 0.008301 0.005859
0 0.250732 0.743164 0.009277 0.009766
0 0.250732 0.667480 0.047363 0.059570
0 0.099365 0.578125 0.026855 0.044922
0 0.636963 0.558350 0.011230 0.013184
0 0.273193 0.526123 0.007324 0.013184
0 0.027100 0.526611 0.005371 0.018066
0 0.130615 0.519043 0.027832 0.041992
0 0.945801 0.468262 0.009766 0.026367
0 0.214111 0.440918 0.018066 0.025391
0 0.079346 0.428711 0.028809 0.042969
0 0.953125 0.408691 0.007812 0.016602
0 0.291016 0.393311 0.012695 0.014160
0 0.216064 0.390137 0.041504 0.024414
0 0.327393 0.372803 0.015137 0.015137
0 0.469971 0.349365 0.015137 0.011230
0 0.242188 0.346680 0.011719 0.014648
0 0.521729 0.338135 0.011230 0.008301
0 0.597900 0.332520 0.018066 0.012695
0 0.058838 0.337891 0.035645 0.038086
0 0.579590 0.320068 0.014648 0.010254
0 0.753662 0.295898 0.012207 0.013672
0 0.178223 0.306885 0.027344 0.035645
0 0.513184 0.288818 0.012695 0.008301
0 0.122559 0.280029 0.019531 0.025879
0 0.560303 0.250000 0.014160 0.008789
0 0.070557 0.257080 0.027832 0.038574
0 0.818359 0.242920 0.011719 0.012207
0 0.112549 0.227783 0.021973 0.028809
0 0.818359 0.175537 0.013672 0.013184
0 0.707764 0.083496 0.016113 0.010742
0 0.677002 0.083984 0.018066 0.011719
0 0.530029 0.270752 0.015137 0.009277
0 0.036621 0.595215 0.018555 0.041992