0 0.460938 0.967041 0.038086 0.017090
0 0.426514 0.947510 0.040527 0.016113
0 0.596680 0.784912 0.017578 0.014160
0 0.634277 0.599121 0.010742 0.011719
0 0.523926 0.375977 0.009766 0.006836
0 0.602051 0.374023 0.013672 0.009766
0 0.583740 0.360596 0.016113 0.012207
0 0.532715 0.341064 0.013672 0.010254
0 0.755615 0.339600 0.009277 0.010254
0 0.655029 0.336426 0.010254 0.009766
0 0.922607 0.333740 0.009277 0.013184
0 0.515625 0.327637 0.011719 0.007812
0 0.534424 0.309570 0.011230 0.007812
0 0.567871 0.287598 0.007812 0.006836
0 0.659912 0.273438 0.006348 0.005859
0 0.711670 0.055420 0.023926 0.015137
0 0.383789 0.377930 0.011719 0.010742