0 0.369385 0.946777 0.037598 0.017578
0 0.353027 0.820801 0.015625 0.010742
0 0.310303 0.731201 0.024902 0.050293
0 0.058350 0.682861 0.040527 0.034668
0 0.110107 0.659912 0.019043 0.033691
0 0.621338 0.624268 0.009277 0.010254
0 0.171631 0.637939 0.030762 0.042480
0 0.345947 0.591064 0.012207 0.012207
0 0.203125 0.580322 0.028320 0.030762
0 0.025879 0.596924 0.036133 0.067871
0 0.288086 0.501221 0.021484 0.019043
0 0.144775 0.493408 0.028809 0.033691
0 0.299316 0.447021 0.020508 0.026855
0 0.231201 0.427734 0.012207 0.016602
0 0.283203 0.406738 0.007812 0.008789
0 0.132324 0.394043 0.028320 0.046875
0 0.176514 0.373779 0.010254 0.019043
0 0.365479 0.352051 0.007324 0.007812
0 0.253174 0.369385 0.026855 0.043457
0 0.327881 0.329102 0.011230 0.011719
0 0.201416 0.335693 0.018066 0.033691
0 0.248047 0.318604 0.012695 0.014160
0 0.138916 0.320801 0.017090 0.026367
0 0.182617 0.291748 0.013672 0.020020
0 0.110107 0.299805 0.054199 0.070312
0 0.064209 0.279053 0.030762 0.064941
0 0.213379 0.251221 0.023438 0.023926
0 0.142334 0.247803 0.032715 0.026855
0 0.185303 0.243896 0.017090 0.019043
0 0.085449 0.229980 0.022461 0.030273