0 0.549561 0.797607 0.023926 0.016113
0 0.532715 0.743408 0.017578 0.013184
0 0.645264 0.672852 0.016113 0.015625
0 0.146240 0.623291 0.029785 0.035645
0 0.227783 0.545166 0.016113 0.020996
0 0.368652 0.513428 0.008789 0.011230
0 0.095703 0.532227 0.025391 0.053711
0 0.239502 0.500000 0.020996 0.034180
0 0.171631 0.472412 0.013184 0.018066
0 0.500000 0.452881 0.008789 0.006348
0 0.594971 0.433105 0.008301 0.006836
0 0.075195 0.443115 0.028320 0.045410
0 0.338867 0.421631 0.007812 0.007324
0 0.769043 0.410889 0.008789 0.011230
0 0.668457 0.409180 0.009766 0.010742
0 0.190918 0.416260 0.016602 0.029785
0 0.546387 0.381592 0.009766 0.007324
0 0.134033 0.383545 0.022949 0.031738
0 0.579102 0.360107 0.011719 0.010254
0 0.082031 0.360352 0.009766 0.016602
0 0.622314 0.351807 0.015137 0.012207
0 0.672852 0.343262 0.009766 0.009766
0 0.039795 0.358154 0.033691 0.043457
0 0.125488 0.331299 0.012695 0.018066
0 0.615967 0.323242 0.013184 0.011719
0 0.078613 0.308838 0.040039 0.067871
0 0.907471 0.244873 0.012207 0.015137
0 0.698730 0.178711 0.019531 0.014648
0 0.761230 0.131592 0.021484 0.019043