0 0.622070 0.919189 0.037109 0.026855
0 0.347168 0.854980 0.019531 0.012695
0 0.325928 0.780273 0.047363 0.053711
0 0.077637 0.708008 0.036133 0.042969
0 0.120850 0.696289 0.016113 0.022461
0 0.185059 0.676025 0.034180 0.039551
0 0.358887 0.632080 0.010742 0.009277
0 0.215088 0.615723 0.032715 0.029297
0 0.034668 0.622803 0.038086 0.054199
0 0.300781 0.540771 0.020508 0.020996
0 0.074463 0.529297 0.020020 0.028320
0 0.166748 0.528809 0.028809 0.036133
0 0.189209 0.510986 0.009277 0.017090
0 0.627930 0.493408 0.006836 0.007324
0 0.219238 0.488037 0.010742 0.011230
0 0.312256 0.490723 0.023926 0.020508
0 0.248779 0.457520 0.011230 0.021484
0 0.381348 0.450684 0.013672 0.010742
0 0.345459 0.444092 0.013184 0.016113
0 0.683594 0.433594 0.011719 0.009766
0 0.667236 0.421631 0.013184 0.011230
0 0.312744 0.416260 0.011230 0.010254
0 0.151367 0.429688 0.030273 0.040039
0 0.265869 0.410400 0.015137 0.019043
0 0.040527 0.411621 0.013672 0.022461
0 0.596191 0.392822 0.007812 0.007324
0 0.734375 0.394043 0.009766 0.013672
0 0.329834 0.392334 0.009277 0.008301
0 0.836914 0.391113 0.008789 0.014648
0 0.252930 0.384033 0.013672 0.012207
0 0.612549 0.373047 0.012207 0.011719
0 0.064453 0.390381 0.021484 0.047363
0 0.211426 0.373779 0.027344 0.023926
0 0.292969 0.364502 0.011719 0.013184
0 0.160645 0.354492 0.024414 0.020508
0 0.643799 0.348633 0.011230 0.010742
0 0.658936 0.336182 0.014160 0.013184
0 0.734131 0.326172 0.008301 0.008789
0 0.212402 0.320557 0.010742 0.011230
0 0.166260 0.322754 0.014160 0.017578
0 0.080322 0.312012 0.034668 0.031250
0 0.127686 0.338379 0.041504 0.052734
0 0.081299 0.417480 0.012207 0.008789
0 0.168701 0.305176 0.007324 0.007812