0 0.208496 0.837646 0.031250 0.048340
0 0.527832 0.752930 0.014648 0.007812
0 0.079834 0.744385 0.031738 0.046387
0 0.257812 0.705078 0.011719 0.011719
0 0.114014 0.685547 0.030762 0.040039
0 0.154541 0.635742 0.012207 0.020508
0 0.816162 0.622314 0.011230 0.016113
0 0.202393 0.613525 0.021973 0.025879
0 0.066895 0.604736 0.023438 0.033691
0 0.022217 0.593262 0.007324 0.010742
0 0.734375 0.566406 0.005859 0.006836
0 0.217529 0.562988 0.021973 0.026367
0 0.937500 0.518555 0.011719 0.028320
0 0.748047 0.504883 0.006836 0.013672
0 0.915527 0.503418 0.006836 0.016602
0 0.646484 0.498779 0.006836 0.010254
0 0.726807 0.460205 0.016113 0.019043
0 0.968262 0.415283 0.019531 0.034668
0 0.980957 0.374512 0.007812 0.011719
0 0.895996 0.346191 0.010742 0.018555
0 0.922607 0.314941 0.014160 0.024414
0 0.896484 0.262695 0.007812 0.011719