0 0.509277 0.869873 0.036133 0.016113
0 0.320557 0.791016 0.016113 0.012695
0 0.306152 0.716797 0.044922 0.053711
0 0.045410 0.657471 0.038086 0.036621
0 0.097656 0.638184 0.017578 0.041016
0 0.613770 0.604980 0.005859 0.006836
0 0.161377 0.619629 0.032715 0.041992
0 0.335693 0.570557 0.007324 0.010254
0 0.012939 0.579590 0.020020 0.065430
0 0.194580 0.558594 0.028809 0.031250
0 0.277344 0.483887 0.021484 0.020508
0 0.139893 0.472900 0.034668 0.034668
0 0.282227 0.432617 0.032227 0.022461
0 0.432373 0.420654 0.008301 0.006348
0 0.337158 0.414795 0.011230 0.013184
0 0.223877 0.402588 0.015137 0.026855
0 0.308594 0.377441 0.016602 0.016602
0 0.390381 0.356201 0.012207 0.010254
0 0.239746 0.356934 0.015625 0.020508
0 0.124512 0.372070 0.033203 0.050781
0 0.316650 0.350830 0.017090 0.018066
0 0.040283 0.344482 0.028809 0.039551
0 0.320068 0.311279 0.009277 0.008301
0 0.186523 0.319824 0.020508 0.025391
0 0.130371 0.304932 0.023438 0.023926
0 0.061768 0.271240 0.018066 0.029785
0 0.175781 0.266357 0.018555 0.021973
0 0.156494 0.223877 0.014160 0.015137
0 0.168945 0.208496 0.005859 0.004883
0 0.121582 0.249756 0.097656 0.127441