0 0.168213 0.855957 0.035645 0.051758
0 0.490479 0.792480 0.009277 0.006836
0 0.224609 0.727783 0.015625 0.015137
0 0.785645 0.705566 0.014648 0.016602
0 0.382324 0.614014 0.011719 0.011230
0 0.461914 0.605957 0.008789 0.005859
0 0.922119 0.611328 0.016113 0.034180
0 0.761230 0.588135 0.009766 0.016113
0 0.895996 0.568604 0.007812 0.015137
0 0.728760 0.559082 0.007324 0.011719
0 0.941650 0.510986 0.006348 0.015137
0 0.678955 0.486816 0.013184 0.016602
0 0.955566 0.486084 0.026367 0.037598
0 0.979004 0.442627 0.018555 0.030762
0 0.885742 0.409668 0.008789 0.017578
0 0.916748 0.381592 0.016113 0.035645
0 0.895996 0.323242 0.010742 0.015625