0 0.316406 0.775146 0.015625 0.012207
0 0.276367 0.684814 0.027344 0.042480
0 0.031738 0.627441 0.041016 0.052734
0 0.079346 0.609375 0.027832 0.042969
0 0.678711 0.583740 0.010742 0.016113
0 0.143311 0.593506 0.034668 0.040527
0 0.314697 0.545166 0.011230 0.014160
0 0.081543 0.540283 0.009766 0.022949
0 0.170166 0.531250 0.029785 0.031250
0 0.257568 0.452637 0.018066 0.025391
0 0.117188 0.447510 0.031250 0.037598
0 0.013916 0.430664 0.011230 0.029297
0 0.400146 0.408447 0.005371 0.006348
0 0.272217 0.395020 0.026855 0.048828
0 0.426758 0.363770 0.010742 0.007812
0 0.105713 0.355225 0.026855 0.040527
0 0.366211 0.336182 0.009766 0.009277
0 0.212891 0.343506 0.023438 0.039551
0 0.142822 0.323730 0.014160 0.021484
0 0.299805 0.286621 0.011719 0.011719
0 0.231201 0.284912 0.014160 0.015137
0 0.170166 0.291992 0.022949 0.038086
0 0.111084 0.282227 0.020996 0.027344
0 0.266113 0.256104 0.006836 0.007324
0 0.154785 0.245605 0.009766 0.011719
0 0.083740 0.253906 0.048340 0.069336
0 0.231201 0.222656 0.012207 0.013672
0 0.113525 0.203125 0.029785 0.027344
0 0.161133 0.187256 0.025391 0.034668
0 0.147949 0.177246 0.015625 0.015625