0 0.602051 0.929688 0.036133 0.025391
0 0.329346 0.852295 0.016113 0.009277
0 0.311768 0.774902 0.045410 0.051758
0 0.071777 0.705078 0.015625 0.014648
0 0.111816 0.688965 0.014648 0.018555
0 0.714600 0.681152 0.009277 0.009766
0 0.177246 0.667969 0.031250 0.035156
0 0.045410 0.668945 0.038086 0.058594
0 0.349854 0.628174 0.009277 0.011230
0 0.258301 0.581055 0.010742 0.016602
0 0.077637 0.573730 0.018555 0.025391
0 0.302246 0.564209 0.023438 0.020996
0 0.165039 0.562012 0.032227 0.032227
0 0.194580 0.545898 0.009277 0.021484
0 0.218750 0.524414 0.014648 0.014648
0 0.309326 0.514160 0.023926 0.020508
0 0.243652 0.487549 0.011719 0.018066
0 0.367432 0.464111 0.009277 0.008301
0 0.336426 0.460693 0.008789 0.013184
0 0.610352 0.455078 0.006836 0.006836
0 0.145508 0.465576 0.029297 0.039551
0 0.032227 0.458252 0.015625 0.025879
0 0.686035 0.449707 0.012695 0.012695
0 0.669434 0.437012 0.014648 0.012695
0 0.258301 0.437988 0.015625 0.017578
0 0.299805 0.436035 0.010742 0.014648
0 0.052490 0.436279 0.025879 0.047363
0 0.738770 0.412842 0.009766 0.013184
0 0.840576 0.414795 0.010254 0.019043
0 0.201416 0.400391 0.021973 0.027344
0 0.619141 0.385986 0.008789 0.008301
0 0.148438 0.390869 0.011719 0.020020
0 0.336426 0.384277 0.008789 0.010742
0 0.104004 0.384766 0.029297 0.031250
0 0.253662 0.370605 0.017090 0.018555
0 0.651611 0.363770 0.009277 0.009766
0 0.662598 0.356445 0.011719 0.011719
0 0.192627 0.352783 0.014160 0.022949
0 0.060791 0.351562 0.044434 0.036133
0 0.131836 0.343018 0.019531 0.036621
0 0.265625 0.325928 0.012695 0.014160
0 0.225098 0.303711 0.011719 0.012695
0 0.146484 0.314941 0.025391 0.040039
0 0.178955 0.300781 0.015137 0.017578
0 0.092529 0.289551 0.022949 0.033203
0 0.072510 0.462646 0.012207 0.016113
0 0.183838 0.283447 0.012207 0.014160