0 0.072510 0.692871 0.016113 0.024414
0 0.673096 0.672852 0.016113 0.014648
0 0.137451 0.673584 0.034668 0.041504
0 0.308594 0.631592 0.009766 0.011230
0 0.166504 0.613525 0.028320 0.032715
0 0.209229 0.545898 0.012207 0.023438
0 0.252930 0.539551 0.019531 0.023438
0 0.029053 0.525146 0.019043 0.029785
0 0.189697 0.514160 0.010254 0.016602
0 0.117920 0.524414 0.025879 0.043945
0 0.266357 0.490479 0.022949 0.026855
0 0.177979 0.485352 0.010254 0.017578
0 0.201172 0.459961 0.012695 0.026367
0 0.638916 0.442871 0.011230 0.010742
0 0.622803 0.431641 0.014160 0.012695
0 0.103760 0.430664 0.028809 0.041016
0 0.032227 0.422363 0.019531 0.025391
0 0.279785 0.428711 0.011719 0.017578
0 0.218018 0.413330 0.016113 0.025879
0 0.692139 0.405029 0.010254 0.012207
0 0.792725 0.403320 0.009277 0.016602
0 0.242432 0.397705 0.009277 0.018066
0 0.570557 0.380615 0.010254 0.007324
0 0.020020 0.392334 0.021484 0.050293
0 0.164795 0.370605 0.020996 0.033203
0 0.602051 0.356934 0.010742 0.009766
0 0.268066 0.339111 0.005859 0.005371
0 0.073975 0.346924 0.024902 0.037598
0 0.158447 0.323486 0.015137 0.025879
0 0.181885 0.311523 0.018066 0.025391
0 0.042725 0.319092 0.020996 0.040527
0 0.153564 0.275391 0.013184 0.016602
0 0.112305 0.295410 0.041992 0.070312
0 0.155518 0.256836 0.009277 0.009766
0 0.065918 0.258057 0.018555 0.029785
0 0.877441 0.229736 0.013672 0.017090
0 0.752441 0.177979 0.028320 0.023926
0 0.284424 0.413574 0.013184 0.014648