0 0.383057 0.872314 0.020996 0.013184
0 0.331787 0.787109 0.023926 0.046875
0 0.086670 0.738037 0.033691 0.041504
0 0.129639 0.724121 0.020020 0.026367
0 0.191162 0.697998 0.035645 0.044434
0 0.731934 0.657715 0.013672 0.017578
0 0.362793 0.645264 0.009766 0.008301
0 0.041504 0.652588 0.037109 0.052246
0 0.220215 0.636475 0.030273 0.029785
0 0.299805 0.556396 0.021484 0.018066
0 0.162109 0.553467 0.029297 0.032715
0 0.675781 0.502686 0.007812 0.011230
0 0.311523 0.502441 0.022461 0.025391
0 0.243408 0.481445 0.013184 0.019531
0 0.611328 0.458252 0.006836 0.006348
0 0.686768 0.458008 0.010254 0.010742
0 0.225586 0.459961 0.008789 0.016602
0 0.587402 0.442871 0.007812 0.007812
0 0.672607 0.445801 0.014160 0.015625
0 0.147949 0.452393 0.022461 0.045410
0 0.887939 0.439209 0.010254 0.020020
0 0.191895 0.433105 0.011719 0.018555
0 0.741943 0.423096 0.007324 0.010254
0 0.261230 0.428223 0.016602 0.021484
0 0.377930 0.402588 0.007812 0.007324
0 0.055664 0.419678 0.025391 0.044434
0 0.622559 0.389893 0.007812 0.007324
0 0.212891 0.385010 0.020508 0.028809
0 0.655029 0.368164 0.010254 0.010742
0 0.149658 0.375488 0.023926 0.028320
0 0.247559 0.362305 0.011719 0.016602
0 0.107422 0.369385 0.028320 0.035645
0 0.305664 0.348877 0.011719 0.012207
0 0.195312 0.343262 0.012695 0.016602
0 0.078857 0.342529 0.031738 0.040527
0 0.239746 0.323730 0.013672 0.016602
0 0.270508 0.319092 0.009766 0.009277
0 0.230957 0.296387 0.011719 0.012695
0 0.145508 0.320312 0.036133 0.059570
0 0.199951 0.293213 0.015137 0.019043
0 0.096924 0.288574 0.025879 0.034180
0 0.037354 0.446533 0.009277 0.020020
0 0.844238 0.428223 0.006836 0.008789