0 0.589600 0.791016 0.022949 0.015625
0 0.569824 0.739258 0.019531 0.009766
0 0.577637 0.651367 0.008789 0.008789
0 0.662842 0.649658 0.014160 0.013184
0 0.098389 0.510742 0.009277 0.027344
0 0.369385 0.495117 0.009277 0.009766
0 0.248779 0.480957 0.020996 0.025391
0 0.411865 0.458496 0.012207 0.008789
0 0.180664 0.455566 0.012695 0.021484
0 0.489746 0.446777 0.010742 0.007812
0 0.370117 0.424316 0.005859 0.005859
0 0.620117 0.424561 0.014648 0.009277
0 0.602051 0.411133 0.010742 0.009766
0 0.084717 0.425781 0.029785 0.042969
0 0.200684 0.403320 0.017578 0.025391
0 0.673340 0.384766 0.009766 0.010742
0 0.773438 0.383789 0.009766 0.013672
0 0.315918 0.380615 0.009766 0.011230
0 0.939941 0.371338 0.006836 0.008301
0 0.553467 0.363037 0.012207 0.009277
0 0.277588 0.360352 0.010254 0.009766
0 0.142822 0.367676 0.020996 0.027344
0 0.091064 0.356201 0.015137 0.020996
0 0.610596 0.344971 0.013184 0.011230
0 0.584473 0.340576 0.010742 0.008301
0 0.046387 0.345947 0.024414 0.030762
0 0.242920 0.329834 0.008301 0.008301
0 0.600830 0.319580 0.005371 0.005371
0 0.135254 0.317627 0.016602 0.022949
0 0.627441 0.285400 0.015625 0.014160
0 0.166992 0.275391 0.012695 0.013672
0 0.083984 0.297607 0.039062 0.062988
0 0.131348 0.262939 0.030273 0.034668
0 0.908936 0.214844 0.016113 0.020508
0 0.702148 0.142822 0.013672 0.011230
0 0.768799 0.098633 0.027832 0.020508
0 0.128418 0.254150 0.011719 0.015137