0 0.389404 0.963623 0.043457 0.019043
0 0.374268 0.838623 0.020020 0.012207
0 0.328125 0.746094 0.028320 0.046875
0 0.071777 0.699707 0.027344 0.049805
0 0.124756 0.683594 0.019043 0.029297
0 0.187988 0.661133 0.033203 0.034180
0 0.630127 0.641846 0.008301 0.008301
0 0.359619 0.608643 0.014160 0.013184
0 0.038330 0.614746 0.036621 0.051758
0 0.215576 0.599609 0.027832 0.029297
0 0.296387 0.518066 0.024414 0.020508
0 0.161377 0.515137 0.024902 0.032227
0 0.310791 0.466064 0.021973 0.026855
0 0.242188 0.445068 0.013672 0.014160
0 0.269043 0.420654 0.007812 0.009277
0 0.608154 0.418945 0.008301 0.008789
0 0.680420 0.414307 0.008301 0.010254
0 0.668457 0.403809 0.015625 0.013672
0 0.142578 0.413330 0.029297 0.048340
0 0.589111 0.393799 0.012207 0.010254
0 0.186523 0.393066 0.011719 0.020508
0 0.259277 0.392822 0.014648 0.023926
0 0.737549 0.380371 0.010254 0.012695
0 0.050293 0.381836 0.017578 0.030273
0 0.599609 0.369385 0.009766 0.012207
0 0.618896 0.351562 0.012207 0.009766
0 0.337158 0.345947 0.006348 0.006348
0 0.212646 0.344727 0.021973 0.036133
0 0.254639 0.332031 0.010254 0.010742
0 0.650146 0.329590 0.014160 0.013672
0 0.106445 0.333984 0.032227 0.041016
0 0.150391 0.334229 0.026367 0.043457
0 0.740967 0.312256 0.010254 0.011230
0 0.192871 0.309570 0.016602 0.022461
0 0.220459 0.277832 0.011230 0.012695
0 0.080078 0.299805 0.038086 0.063477
0 0.144531 0.281738 0.040039 0.061523
0 0.098145 0.250977 0.027344 0.027344
0 0.196777 0.260498 0.019531 0.021973
0 0.060547 0.397461 0.011719 0.021484