0 0.276123 0.779297 0.021973 0.018555
0 0.633545 0.573975 0.012207 0.015137
0 0.392822 0.381592 0.009277 0.009277
0 0.514404 0.356689 0.010254 0.007324
0 0.414307 0.353027 0.011230 0.008789
0 0.590576 0.349609 0.017090 0.010742
0 0.571777 0.337891 0.016602 0.010742
0 0.642090 0.310791 0.012695 0.011230
0 0.502197 0.309814 0.010254 0.009277
0 0.741943 0.307617 0.009277 0.009766
0 0.552246 0.265869 0.013672 0.009277
0 0.643066 0.246094 0.010742 0.006836
0 0.826416 0.223633 0.014160 0.016602
0 0.787354 0.145752 0.026855 0.025879
0 0.587158 0.206787 0.008301 0.006348