0 0.475830 0.953125 0.023926 0.015625
0 0.414551 0.930176 0.035156 0.012695
0 0.329102 0.837646 0.008789 0.006348
0 0.256592 0.767578 0.015137 0.012695
0 0.630615 0.580811 0.013184 0.013184
0 0.950439 0.523682 0.012207 0.012207
0 0.513672 0.357910 0.010742 0.007812
0 0.415771 0.351807 0.009277 0.008301
0 0.493896 0.345215 0.014160 0.012695
0 0.583008 0.344971 0.030273 0.020996
0 0.642578 0.310547 0.012695 0.010742
0 0.502686 0.310059 0.016113 0.010742
0 0.741699 0.306885 0.011719 0.013184
0 0.520020 0.289551 0.011719 0.007812
0 0.552734 0.266602 0.009766 0.007812
0 0.903809 0.267578 0.009766 0.013672
0 0.564697 0.246582 0.009277 0.006836
0 0.646973 0.128662 0.024414 0.014160
0 0.717529 0.064697 0.008301 0.006348