0 0.072510 0.698730 0.016113 0.023438
0 0.587646 0.662354 0.011230 0.008301
0 0.137939 0.678223 0.034668 0.041992
0 0.674072 0.658447 0.020996 0.020996
0 0.165527 0.615234 0.028320 0.034180
0 0.206055 0.545654 0.012695 0.023926
0 0.250732 0.539307 0.017090 0.023926
0 0.024658 0.535889 0.020996 0.026855
0 0.112305 0.533203 0.029297 0.037109
0 0.192871 0.519043 0.008789 0.012695
0 0.170410 0.488281 0.012695 0.013672
0 0.260010 0.490723 0.026855 0.025391
0 0.195312 0.464111 0.011719 0.021973
0 0.418701 0.446045 0.006348 0.006348
0 0.632568 0.434814 0.016113 0.012207
0 0.026367 0.430176 0.013672 0.021484
0 0.270020 0.424805 0.012695 0.016602
0 0.616455 0.422852 0.015137 0.013672
0 0.098145 0.435547 0.029297 0.041992
0 0.360596 0.415771 0.007324 0.009277
0 0.207275 0.415771 0.018066 0.026855
0 0.268066 0.403809 0.015625 0.015625
0 0.686035 0.395996 0.009766 0.012695
0 0.546387 0.391357 0.005859 0.006348
0 0.231689 0.396729 0.009277 0.017090
0 0.786133 0.394043 0.008789 0.013672
0 0.327881 0.391846 0.008301 0.011230
0 0.014160 0.406006 0.015625 0.043457
0 0.953613 0.381104 0.007812 0.010254
0 0.564941 0.372070 0.010742 0.007812
0 0.290283 0.368164 0.010254 0.011719
0 0.156738 0.375732 0.021484 0.033691
0 0.595703 0.349121 0.012695 0.009766
0 0.063477 0.350586 0.019531 0.035156
0 0.034180 0.328857 0.012695 0.024902
0 0.154053 0.320068 0.027832 0.032715
0 0.181885 0.284180 0.010254 0.013672
0 0.138916 0.282471 0.014160 0.019043
0 0.100586 0.301270 0.039062 0.063477
0 0.141602 0.262695 0.012695 0.017578
0 0.869873 0.229248 0.014160 0.017090
0 0.752197 0.174316 0.032715 0.026367
0 0.100830 0.363525 0.020996 0.022949