0 0.321289 0.894775 0.015625 0.009277
0 0.273926 0.759521 0.012695 0.012207
0 0.240234 0.669189 0.032227 0.046387
0 0.036133 0.586914 0.018555 0.051758
0 0.632324 0.565186 0.011719 0.012207
0 0.099121 0.576416 0.034180 0.055176
0 0.270996 0.529785 0.009766 0.012695
0 0.029541 0.524658 0.027832 0.033691
0 0.948486 0.491455 0.016113 0.035645
0 0.128662 0.506592 0.025879 0.059082
0 0.215088 0.438965 0.016113 0.025391
0 0.953125 0.427246 0.007812 0.011719
0 0.073975 0.435547 0.026855 0.033203
0 0.225586 0.393555 0.019531 0.025391
0 0.481445 0.373779 0.004883 0.005371
0 0.521729 0.343750 0.011230 0.007812
0 0.598877 0.339844 0.018066 0.011719
0 0.426270 0.332520 0.009766 0.006836
0 0.581543 0.327393 0.017578 0.012207
0 0.061523 0.340332 0.028320 0.042969
0 0.752686 0.303467 0.008301 0.011230
0 0.652588 0.302979 0.012207 0.010254
0 0.512207 0.295410 0.005859 0.005859
0 0.841553 0.245117 0.015137 0.016602
0 0.819580 0.156006 0.034668 0.032715
0 0.603027 0.195801 0.010742 0.007812
0 0.531250 0.276123 0.016602 0.008301