0 0.552979 0.615967 0.010254 0.008301
0 0.637939 0.614014 0.012207 0.012207
0 0.394775 0.407227 0.007324 0.006836
0 0.599854 0.385742 0.015137 0.012695
0 0.583496 0.374756 0.013672 0.010254
0 0.653809 0.348877 0.010742 0.009277
0 0.754150 0.347168 0.009277 0.010742
0 0.514160 0.345215 0.010742 0.007812
0 0.921631 0.337646 0.007324 0.009277
0 0.532715 0.325684 0.014648 0.009766
0 0.255859 0.324951 0.011719 0.012207
0 0.222900 0.293701 0.009277 0.010254
0 0.653809 0.283447 0.011719 0.010254
0 0.578613 0.281494 0.011719 0.008301
0 0.185303 0.263916 0.007324 0.006348
0 0.144287 0.241943 0.011230 0.012207
0 0.108398 0.240234 0.016602 0.021484
0 0.840820 0.226562 0.019531 0.022461
0 0.760254 0.154785 0.040039 0.030273
0 0.385254 0.399414 0.011719 0.010742
0 0.326416 0.370117 0.011230 0.011719