0 0.339844 0.891113 0.041016 0.020508
0 0.299316 0.759277 0.016602 0.013672
0 0.259766 0.668457 0.026367 0.047852
0 0.022949 0.617676 0.024414 0.041016
0 0.059326 0.589600 0.019043 0.048340
0 0.121826 0.576416 0.029785 0.046387
0 0.660156 0.560303 0.012695 0.015137
0 0.294922 0.526855 0.007812 0.014648
0 0.055908 0.521729 0.028809 0.026855
0 0.151855 0.516846 0.027344 0.032715
0 0.971680 0.472900 0.014648 0.034668
0 0.238037 0.437500 0.017090 0.023438
0 0.094238 0.432129 0.035156 0.035156
0 0.976807 0.416992 0.008301 0.012695
0 0.350098 0.390381 0.005859 0.006348
0 0.248535 0.396729 0.020508 0.036621
0 0.181152 0.366699 0.010742 0.013672
0 0.351807 0.355225 0.007324 0.008301
0 0.405029 0.348389 0.012207 0.009277
0 0.085449 0.339355 0.029297 0.048828
0 0.193115 0.321533 0.021973 0.032715
0 0.118652 0.299805 0.010742 0.018555
0 0.279541 0.267578 0.008301 0.008789
0 0.221191 0.273438 0.028320 0.024414
0 0.152344 0.265625 0.023438 0.033203
0 0.089844 0.262939 0.023438 0.027832
0 0.248047 0.235107 0.005859 0.006348
0 0.134277 0.231689 0.016602 0.019043
0 0.209229 0.207031 0.009277 0.008789
0 0.157471 0.184326 0.020020 0.020996
0 0.140137 0.172119 0.034180 0.037598