0 0.636719 0.605469 0.011719 0.011719
0 0.448975 0.389648 0.007324 0.005859
0 0.521484 0.382324 0.006836 0.006836
0 0.469238 0.376221 0.006836 0.006348
0 0.426025 0.375732 0.009277 0.008301
0 0.597900 0.373535 0.015137 0.009766
0 0.580566 0.363281 0.017578 0.011719
0 0.649414 0.333252 0.011719 0.012207
0 0.748047 0.327881 0.009766 0.012207
0 0.528320 0.314697 0.012695 0.008301
0 0.557617 0.290771 0.013672 0.008301
0 0.649414 0.270020 0.007812 0.006836
0 0.830811 0.213379 0.013184 0.014648
0 0.759521 0.141602 0.025879 0.024414
0 0.384277 0.390381 0.010742 0.010254