0 0.168701 0.856934 0.035645 0.051758
0 0.496094 0.790771 0.015625 0.007324
0 0.225098 0.728271 0.014648 0.015137
0 0.785645 0.703613 0.013672 0.014648
0 0.383057 0.614258 0.010254 0.010742
0 0.462646 0.604004 0.007324 0.005859
0 0.922607 0.604980 0.014160 0.029297
0 0.759521 0.584229 0.009277 0.012207
0 0.896484 0.564453 0.007812 0.015625
0 0.729492 0.555908 0.006836 0.007324
0 0.944092 0.508057 0.006348 0.011230
0 0.681641 0.483398 0.011719 0.014648
0 0.955078 0.477295 0.027344 0.031738
0 0.978271 0.435791 0.019043 0.030762
0 0.884033 0.402344 0.010254 0.020508
0 0.915039 0.372070 0.014648 0.025391
0 0.893799 0.317871 0.012207 0.017578