0 0.467529 0.974609 0.024902 0.009766
0 0.573730 0.885254 0.032227 0.039062
0 0.341309 0.821533 0.018555 0.012207
0 0.328369 0.735840 0.035645 0.035156
0 0.060059 0.691650 0.030273 0.034668
0 0.114258 0.673828 0.016602 0.030273
0 0.177979 0.651611 0.032715 0.040527
0 0.350586 0.599854 0.009766 0.010254
0 0.026367 0.610107 0.032227 0.048340
0 0.208984 0.591553 0.029297 0.028809
0 0.290039 0.513428 0.020508 0.020996
0 0.058838 0.520508 0.017090 0.037109
0 0.156982 0.505615 0.026855 0.036621
0 0.297852 0.463623 0.029297 0.020996
0 0.413330 0.438965 0.010254 0.007812
0 0.235596 0.435547 0.014160 0.021484
0 0.343262 0.431396 0.011719 0.014160
0 0.300781 0.393066 0.008789 0.012695
0 0.134766 0.407959 0.031250 0.043457
0 0.249756 0.387451 0.015137 0.025879
0 0.050781 0.380615 0.032227 0.048340
0 0.366699 0.361572 0.010742 0.010254
0 0.295654 0.357422 0.015137 0.015625
0 0.197266 0.351562 0.025391 0.026367
0 0.608643 0.342041 0.011230 0.009277
0 0.141846 0.333740 0.018066 0.023926
0 0.099365 0.331543 0.024902 0.028320
0 0.186523 0.294434 0.019531 0.030273
0 0.065430 0.297119 0.025391 0.035645
0 0.219971 0.254639 0.011230 0.012207
0 0.086670 0.240967 0.020020 0.022949
0 0.141113 0.492920 0.007812 0.016113
0 0.677490 0.260010 0.009277 0.008301
0 0.179199 0.233398 0.014648 0.014648