0 0.375244 0.942383 0.040527 0.018555
0 0.353760 0.816406 0.020020 0.011719
0 0.310547 0.729492 0.024414 0.044922
0 0.055908 0.687500 0.033691 0.038086
0 0.108154 0.666504 0.021973 0.042969
0 0.171143 0.641846 0.030762 0.037598
0 0.617676 0.615723 0.007812 0.008789
0 0.342285 0.589355 0.008789 0.009766
0 0.021484 0.608154 0.028320 0.063965
0 0.199463 0.583008 0.027832 0.029297
0 0.281494 0.501953 0.018066 0.018555
0 0.141846 0.501465 0.026855 0.030273
0 0.289307 0.450195 0.020996 0.026367
0 0.286377 0.406982 0.006348 0.006348
0 0.124512 0.404785 0.025391 0.051758
0 0.161621 0.381348 0.008789 0.015625
0 0.384766 0.375244 0.007812 0.006348
0 0.236084 0.381104 0.023926 0.025879
0 0.124268 0.333008 0.014160 0.015625
0 0.187256 0.337158 0.021973 0.031738
0 0.082031 0.329590 0.026367 0.029297
0 0.235596 0.325195 0.017090 0.021484
0 0.049316 0.299316 0.023438 0.048828
0 0.112549 0.295654 0.012207 0.017090
0 0.166748 0.298828 0.018066 0.027344
0 0.186523 0.262451 0.016602 0.019043
0 0.164062 0.254150 0.017578 0.018066
0 0.069336 0.248779 0.009766 0.017090
0 0.133545 0.243652 0.053223 0.068359
0 0.199951 0.252197 0.007324 0.007324