0 0.530762 0.964600 0.033203 0.018066
0 0.434082 0.912598 0.038086 0.011719
0 0.438477 0.827637 0.022461 0.010742
0 0.729736 0.813721 0.022949 0.019043
0 0.281982 0.746094 0.017090 0.014648
0 0.279785 0.668945 0.041016 0.041016
0 0.027344 0.614014 0.031250 0.038574
0 0.068359 0.592285 0.017578 0.034180
0 0.666260 0.566650 0.012207 0.014160
0 0.133789 0.575928 0.034180 0.043457
0 0.304443 0.528320 0.009277 0.012695
0 0.063477 0.522217 0.027344 0.028809
0 0.160156 0.515625 0.031250 0.040039
0 0.981445 0.488037 0.014648 0.017090
0 0.248535 0.441162 0.018555 0.025879
0 0.031250 0.438477 0.008789 0.022461
0 0.110352 0.430176 0.032227 0.038086
0 0.314941 0.386719 0.011719 0.016602
0 0.251709 0.395264 0.041504 0.035645
0 0.428223 0.354248 0.010742 0.008301
0 0.327637 0.348633 0.013672 0.013672
0 0.419434 0.344238 0.006836 0.006836
0 0.095215 0.332520 0.033203 0.044922
0 0.208984 0.315430 0.025391 0.037109
0 0.289307 0.269531 0.007324 0.007812
0 0.156982 0.286621 0.033691 0.049805
0 0.096924 0.276367 0.047363 0.081055
0 0.256592 0.238037 0.013184 0.012207
0 0.148438 0.224854 0.010742 0.013184
0 0.076172 0.243408 0.039062 0.054199
0 0.224365 0.203613 0.018066 0.016602
0 0.118652 0.184082 0.030273 0.026367
0 0.143555 0.157471 0.011719 0.012207