0 0.572754 0.796143 0.020508 0.016113
0 0.553467 0.742188 0.017090 0.010742
0 0.569580 0.660889 0.014160 0.009277
0 0.654541 0.661377 0.014160 0.014160
0 0.142334 0.605713 0.005371 0.005371
0 0.233398 0.531738 0.019531 0.027344
0 0.369385 0.502930 0.010254 0.011719
0 0.098145 0.510742 0.032227 0.074219
0 0.244141 0.489502 0.021484 0.031738
0 0.177246 0.462158 0.013672 0.021973
0 0.496094 0.449951 0.007812 0.006348
0 0.620605 0.435547 0.009766 0.007812
0 0.599854 0.422363 0.009277 0.008789
0 0.081543 0.434570 0.027344 0.052734
0 0.343994 0.412842 0.008301 0.009277
0 0.774414 0.399658 0.008789 0.012207
0 0.196289 0.407715 0.017578 0.029297
0 0.673828 0.397217 0.008789 0.011230
0 0.941162 0.390869 0.009277 0.016113
0 0.312012 0.387695 0.011719 0.012695
0 0.550781 0.373291 0.011719 0.009277
0 0.140381 0.372314 0.020996 0.034668
0 0.617432 0.350098 0.014160 0.007812
0 0.583984 0.350586 0.010742 0.007812
0 0.088867 0.356201 0.012695 0.032715
0 0.047119 0.349609 0.022949 0.037109
0 0.677490 0.334229 0.007324 0.007324
0 0.600098 0.330566 0.005859 0.005859
0 0.131836 0.323242 0.014648 0.023438
0 0.624268 0.305908 0.014160 0.012207
0 0.125488 0.278076 0.017578 0.020996
0 0.084229 0.300049 0.039551 0.067871
0 0.911621 0.234375 0.007812 0.008789
0 0.703857 0.162598 0.018066 0.013672
0 0.769287 0.116455 0.020996 0.016113