0 0.343018 0.880127 0.015137 0.010254
0 0.296143 0.792969 0.027832 0.044922
0 0.064697 0.742188 0.008301 0.011719
0 0.103027 0.725586 0.018555 0.026367
0 0.610840 0.693359 0.009766 0.009766
0 0.163330 0.704102 0.032715 0.033203
0 0.698730 0.690674 0.014648 0.016113
0 0.029297 0.661865 0.009766 0.019043
0 0.335449 0.655518 0.009766 0.011230
0 0.194336 0.642334 0.027344 0.029785
0 0.047363 0.576416 0.028320 0.023926
0 0.278564 0.565674 0.021973 0.021973
0 0.140381 0.555420 0.025879 0.039551
0 0.691406 0.524902 0.006836 0.011719
0 0.290771 0.511963 0.020996 0.024902
0 0.901367 0.497314 0.005859 0.010254
0 0.224365 0.491211 0.013184 0.020508
0 0.177490 0.480713 0.007324 0.013184
0 0.589844 0.471191 0.006836 0.006836
0 0.665527 0.465332 0.013672 0.012695
0 0.126221 0.458984 0.027832 0.048828
0 0.018799 0.447510 0.013184 0.029785
0 0.174072 0.441650 0.010254 0.020020
0 0.854248 0.446289 0.013184 0.033203
0 0.720947 0.429199 0.007324 0.008789
0 0.242676 0.437256 0.014648 0.024902
0 0.820557 0.431396 0.007324 0.016113
0 0.359619 0.416016 0.006348 0.006836
0 0.039551 0.435059 0.023438 0.063477
0 0.195312 0.392578 0.021484 0.025391
0 0.984619 0.387451 0.011230 0.033691
0 0.134766 0.381592 0.016602 0.028809
0 0.723877 0.365479 0.006348 0.006348
0 0.226074 0.368164 0.011719 0.016602
0 0.091064 0.376709 0.022949 0.033691
0 0.178955 0.352051 0.012207 0.016602
0 0.234619 0.346191 0.012207 0.015625
0 0.060059 0.344727 0.025391 0.048828
0 0.125000 0.337891 0.027344 0.037109
0 0.135254 0.311035 0.019531 0.027344
0 0.183594 0.303223 0.011719 0.014648
0 0.079346 0.289795 0.022949 0.028809
0 0.653564 0.458008 0.008301 0.011719