0 0.458984 0.950684 0.063477 0.018555
0 0.412109 0.926514 0.036133 0.016113
0 0.323975 0.829590 0.020996 0.015625
0 0.245850 0.758301 0.016113 0.014648
0 0.244141 0.683838 0.039062 0.048340
0 0.629639 0.575684 0.012207 0.012695
0 0.953369 0.508789 0.007324 0.014648
0 0.516846 0.353027 0.011230 0.006836
0 0.488525 0.347168 0.014160 0.011719
0 0.419922 0.343994 0.012695 0.009277
0 0.583984 0.342773 0.034180 0.023438
0 0.859863 0.320557 0.007812 0.007324
0 0.646973 0.311523 0.010742 0.008789
0 0.747803 0.312500 0.010254 0.010742
0 0.507568 0.305664 0.010254 0.008789
0 0.888672 0.258545 0.014648 0.019043
0 0.650391 0.248047 0.009766 0.007812
0 0.728516 0.080322 0.022461 0.016113