0 0.374512 0.935303 0.029297 0.014160
0 0.352783 0.810303 0.014160 0.010254
0 0.303955 0.725586 0.026855 0.053711
0 0.052490 0.676514 0.035645 0.040527
0 0.101807 0.653564 0.023926 0.038574
0 0.165039 0.634521 0.028320 0.040527
0 0.616699 0.606445 0.008789 0.008789
0 0.337402 0.580322 0.007812 0.010254
0 0.017822 0.599609 0.024902 0.063477
0 0.194336 0.574463 0.030273 0.028809
0 0.280518 0.490967 0.018066 0.020020
0 0.138428 0.492188 0.027832 0.029297
0 0.287598 0.438232 0.024414 0.026855
0 0.296143 0.396973 0.011230 0.011719
0 0.117188 0.385254 0.033203 0.045898
0 0.383057 0.365234 0.009277 0.007812
0 0.232178 0.369629 0.018066 0.020508
0 0.160645 0.365967 0.008789 0.016113
0 0.352051 0.340820 0.008789 0.007812
0 0.312988 0.321289 0.011719 0.010742
0 0.185791 0.324219 0.020996 0.030273
0 0.123535 0.318115 0.018555 0.026855
0 0.238037 0.313721 0.019043 0.021973
0 0.081543 0.315430 0.032227 0.035156
0 0.278809 0.291748 0.009766 0.010254
0 0.053223 0.291748 0.016602 0.033691
0 0.167236 0.285645 0.020020 0.024414
0 0.196045 0.241455 0.025879 0.021973
0 0.110107 0.278809 0.011230 0.016602
0 0.167725 0.237305 0.021973 0.025391