0 0.612061 0.929688 0.030762 0.025391
0 0.330811 0.860840 0.013184 0.009766
0 0.313965 0.780762 0.041992 0.052734
0 0.082764 0.748291 0.032715 0.039551
0 0.130615 0.735840 0.015137 0.020508
0 0.190430 0.710693 0.036133 0.038574
0 0.711426 0.679443 0.016602 0.017090
0 0.038574 0.672607 0.028320 0.045410
0 0.217041 0.646484 0.030762 0.029297
0 0.250977 0.581055 0.011719 0.018555
0 0.071777 0.572998 0.015625 0.024902
0 0.293945 0.565430 0.019531 0.022461
0 0.159912 0.563477 0.029785 0.035156
0 0.194580 0.547119 0.007324 0.013184
0 0.212402 0.521973 0.015625 0.023438
0 0.303467 0.516113 0.020020 0.020508
0 0.238525 0.489990 0.011230 0.019043
0 0.355469 0.463135 0.008789 0.013184
0 0.329102 0.461914 0.009766 0.013672
0 0.065918 0.464600 0.011719 0.025879
0 0.680664 0.451904 0.009766 0.011230
0 0.139160 0.466797 0.030273 0.041992
0 0.663086 0.439697 0.012695 0.012207
0 0.252441 0.441650 0.018555 0.019043
0 0.291016 0.436523 0.009766 0.014648
0 0.040039 0.444580 0.041992 0.062988
0 0.733398 0.414551 0.009766 0.016602
0 0.196533 0.405518 0.020020 0.027832
0 0.139648 0.389893 0.006836 0.009277
0 0.612305 0.389160 0.008789 0.008789
0 0.099365 0.385986 0.021973 0.032715
0 0.240479 0.369629 0.013184 0.019531
0 0.646240 0.365479 0.017090 0.014160
0 0.295654 0.358643 0.007324 0.008301
0 0.185791 0.355713 0.015137 0.022949
0 0.732666 0.344482 0.010254 0.014160
0 0.065430 0.356689 0.026367 0.042480
0 0.125732 0.346924 0.020996 0.034668
0 0.259277 0.330811 0.007812 0.009277
0 0.218994 0.308105 0.010254 0.013672
0 0.141113 0.317139 0.022461 0.045410
0 0.176270 0.302246 0.019531 0.023438
0 0.177979 0.286133 0.012207 0.013672
0 0.084473 0.293457 0.027344 0.033203
0 0.641846 0.373535 0.008301 0.008789