0 0.591553 0.785645 0.031738 0.015625
0 0.579102 0.738770 0.022461 0.010742
0 0.652832 0.629395 0.009766 0.010742
0 0.460938 0.434814 0.006836 0.006348
0 0.401367 0.412109 0.009766 0.009766
0 0.617676 0.403564 0.015625 0.011230
0 0.364990 0.401367 0.008301 0.009766
0 0.600830 0.391113 0.014160 0.011719
0 0.772217 0.367920 0.010254 0.014160
0 0.672607 0.367432 0.011230 0.013184
0 0.532959 0.360107 0.012207 0.009277
0 0.310303 0.357422 0.010254 0.009766
0 0.551514 0.341797 0.009277 0.007812
0 0.588135 0.342285 0.015137 0.014648
0 0.274658 0.334961 0.009277 0.010742
0 0.676514 0.302979 0.012207 0.011230
0 0.598389 0.298096 0.008301 0.006348
0 0.130371 0.290039 0.016602 0.026367
0 0.204346 0.273682 0.011230 0.013184
0 0.163818 0.250977 0.014160 0.016602
0 0.086914 0.255127 0.027344 0.031738
0 0.116943 0.242432 0.017090 0.020996