0 0.562744 0.942383 0.028809 0.016602
0 0.462402 0.907227 0.037109 0.012695
0 0.728760 0.771484 0.025879 0.020508
0 0.285889 0.752930 0.017090 0.015625
0 0.278076 0.675781 0.034668 0.041992
0 0.024414 0.628906 0.025391 0.059570
0 0.056396 0.599121 0.020020 0.066406
0 0.650879 0.552490 0.010742 0.015137
0 0.117188 0.592285 0.029297 0.097656
0 0.148682 0.537842 0.027832 0.045410
0 0.226074 0.449219 0.018555 0.027344
0 0.952637 0.442383 0.020508 0.025391
0 0.090088 0.445801 0.029785 0.039062
0 0.228271 0.394531 0.035645 0.022461
0 0.296875 0.390381 0.013672 0.016113
0 0.964111 0.390381 0.010254 0.017090
0 0.319824 0.362305 0.015625 0.013672
0 0.251709 0.351318 0.011230 0.015137
0 0.069580 0.350098 0.029785 0.035156
0 0.392334 0.338379 0.014160 0.012695
0 0.602783 0.318359 0.031738 0.022461
0 0.184570 0.314209 0.027344 0.036621
0 0.299316 0.291016 0.006836 0.007812
0 0.662354 0.286133 0.010254 0.009766
0 0.765137 0.285156 0.012695 0.015625
0 0.125488 0.287842 0.023438 0.026855
0 0.259766 0.269775 0.008789 0.009277
0 0.069580 0.274658 0.038574 0.071777
0 0.225098 0.240967 0.009766 0.010254
0 0.114258 0.236328 0.017578 0.023438
0 0.664551 0.219482 0.009766 0.008301
0 0.187500 0.210938 0.012695 0.014648
0 0.146484 0.190918 0.012695 0.013672
0 0.796875 0.189209 0.012695 0.013184
0 0.770508 0.115234 0.020508 0.017578
0 0.707764 0.083740 0.018066 0.013184
0 0.693359 0.053467 0.025391 0.015137
0 0.045410 0.543457 0.007812 0.019531