0 0.496094 0.943359 0.036133 0.016602
0 0.402832 0.902588 0.059570 0.020996
0 0.356445 0.810547 0.017578 0.010742
0 0.673340 0.789795 0.019531 0.018066
0 0.246826 0.727783 0.022949 0.024902
0 0.250000 0.648682 0.039062 0.053223
0 0.641357 0.552734 0.010254 0.012695
0 0.100342 0.562744 0.026855 0.046387
0 0.276367 0.514893 0.009766 0.014160
0 0.029541 0.504639 0.005371 0.020020
0 0.131348 0.500000 0.030273 0.035156
0 0.940918 0.440186 0.008789 0.015137
0 0.219482 0.425537 0.019043 0.024902
0 0.085693 0.415039 0.027832 0.035156
0 0.953857 0.389160 0.008301 0.015625
0 0.299072 0.377441 0.012207 0.017578
0 0.224365 0.375000 0.041504 0.025391
0 0.330566 0.357178 0.013672 0.012207
0 0.522461 0.331787 0.011719 0.009277
0 0.253418 0.333008 0.013672 0.014648
0 0.589111 0.318604 0.034668 0.022949
0 0.337402 0.303223 0.009766 0.010742
0 0.649414 0.286377 0.009766 0.009277
0 0.071289 0.308105 0.031250 0.059570
0 0.751465 0.282959 0.010742 0.012207
0 0.189209 0.293457 0.025879 0.033203
0 0.267334 0.252930 0.012207 0.012695
0 0.137939 0.258057 0.025879 0.030762
0 0.235107 0.221924 0.013184 0.012207
0 0.084717 0.230957 0.027832 0.048828
0 0.805176 0.214355 0.016602 0.018555
0 0.126465 0.207031 0.017578 0.023438
0 0.203125 0.186279 0.012695 0.012207
0 0.161377 0.165527 0.008301 0.008789
0 0.790283 0.143555 0.020020 0.019531
0 0.696533 0.078125 0.017090 0.011719
0 0.675293 0.065918 0.027344 0.016602
0 0.570312 0.219971 0.012695 0.007324
0 0.038086 0.575195 0.018555 0.046875