0 0.320312 0.895996 0.020508 0.010742
0 0.276123 0.808838 0.027832 0.049316
0 0.082031 0.742188 0.015625 0.022461
0 0.587646 0.708496 0.007324 0.006836
0 0.678223 0.706543 0.013672 0.014648
0 0.143799 0.718018 0.035645 0.038574
0 0.174072 0.657959 0.028809 0.031738
0 0.026855 0.590332 0.034180 0.027344
0 0.258789 0.581055 0.019531 0.020508
0 0.121094 0.575684 0.025391 0.036133
0 0.705078 0.538574 0.007812 0.013672
0 0.876465 0.529541 0.008789 0.023926
0 0.270996 0.528076 0.021484 0.024902
0 0.133057 0.513672 0.006348 0.013672
0 0.202881 0.507080 0.013184 0.020996
0 0.642578 0.484131 0.012695 0.010254
0 0.155273 0.460693 0.009766 0.021973
0 0.108398 0.474609 0.022461 0.051758
0 0.797607 0.448975 0.005371 0.005371
0 0.220703 0.453857 0.016602 0.022949
0 0.697998 0.447266 0.008301 0.012695
0 0.964600 0.434814 0.005371 0.005371
0 0.814697 0.441650 0.013184 0.022949
0 0.018066 0.452881 0.028320 0.065918
0 0.975098 0.422852 0.014648 0.035156
0 0.173584 0.410156 0.020996 0.025391
0 0.113037 0.401367 0.017090 0.029297
0 0.071777 0.397705 0.020508 0.028809
0 0.703613 0.381348 0.008789 0.010742
0 0.044434 0.372803 0.014648 0.026855
0 0.937012 0.282471 0.012695 0.020020
0 0.624512 0.470459 0.007812 0.007324