0 0.523438 0.949219 0.038086 0.016602
0 0.425293 0.903564 0.035156 0.013184
0 0.709717 0.796631 0.023926 0.017090
0 0.271484 0.735596 0.010742 0.012207
0 0.267822 0.659180 0.038574 0.040039
0 0.024170 0.622559 0.018066 0.018555
0 0.062012 0.602783 0.018555 0.034668
0 0.123535 0.582520 0.030273 0.040039
0 0.657715 0.552490 0.011719 0.015137
0 0.295654 0.528809 0.009277 0.014648
0 0.051514 0.533691 0.018066 0.026367
0 0.151611 0.516602 0.029785 0.046875
0 0.004883 0.456055 0.004883 0.012695
0 0.967285 0.455078 0.008789 0.018555
0 0.234375 0.451172 0.016602 0.025391
0 0.098145 0.444824 0.028320 0.032227
0 0.973389 0.399170 0.009277 0.021973
0 0.436279 0.388916 0.008301 0.007324
0 0.302490 0.391357 0.012207 0.014160
0 0.234863 0.393799 0.040039 0.025879
0 0.322510 0.355225 0.013184 0.011230
0 0.259277 0.352051 0.008789 0.012695
0 0.410645 0.348877 0.008789 0.008301
0 0.078857 0.343262 0.032715 0.041992
0 0.191406 0.321777 0.028320 0.048828
0 0.771729 0.287354 0.010254 0.012207
0 0.138428 0.287354 0.027832 0.045410
0 0.269775 0.268555 0.007324 0.008789
0 0.079346 0.264160 0.035645 0.054688
0 0.232910 0.240967 0.008789 0.010254
0 0.127441 0.231934 0.014648 0.018555
0 0.198486 0.208496 0.006348 0.006836
0 0.792236 0.179688 0.016113 0.016602
0 0.343506 0.313232 0.019043 0.015137