0 0.348633 0.876709 0.021484 0.012207
0 0.304443 0.786865 0.025879 0.046387
0 0.061768 0.732910 0.027832 0.040039
0 0.108154 0.722656 0.017090 0.025391
0 0.615234 0.690186 0.010742 0.009277
0 0.167969 0.698486 0.030273 0.036621
0 0.704346 0.687012 0.015137 0.017578
0 0.342285 0.652832 0.008789 0.009766
0 0.026855 0.652832 0.014648 0.038086
0 0.199951 0.638184 0.028809 0.031250
0 0.050049 0.573486 0.027832 0.018066
0 0.283691 0.561768 0.020508 0.020996
0 0.146240 0.553711 0.023926 0.036133
0 0.689453 0.522949 0.007812 0.010742
0 0.296631 0.509033 0.020996 0.023926
0 0.905029 0.495117 0.008301 0.019531
0 0.229492 0.487061 0.011719 0.020020
0 0.189453 0.473145 0.006836 0.014648
0 0.670898 0.465820 0.010742 0.012695
0 0.654541 0.454346 0.013184 0.011230
0 0.860352 0.445068 0.018555 0.025879
0 0.131836 0.454346 0.027344 0.045410
0 0.178467 0.437988 0.010254 0.020508
0 0.725342 0.428955 0.007324 0.010254
0 0.022217 0.440674 0.012207 0.034668
0 0.824707 0.428467 0.006836 0.013184
0 0.247803 0.434082 0.015137 0.027344
0 0.043701 0.424316 0.024902 0.050781
0 0.604248 0.399170 0.006348 0.006348
0 0.983643 0.379639 0.004395 0.007324
0 0.636963 0.379883 0.006348 0.007812
0 0.200195 0.388916 0.020508 0.031738
0 0.140869 0.377930 0.017090 0.032227
0 0.231445 0.368652 0.011719 0.016602
0 0.292480 0.360596 0.006836 0.008301
0 0.092529 0.374268 0.033691 0.036621
0 0.182861 0.349365 0.013184 0.020996
0 0.235596 0.341064 0.010254 0.015137
0 0.066895 0.345703 0.033203 0.043945
0 0.134766 0.325928 0.035156 0.060059
0 0.187988 0.300781 0.013672 0.017578
0 0.084717 0.286133 0.022949 0.030273