0 0.583496 0.791016 0.020508 0.010742
0 0.567627 0.741699 0.019043 0.011719
0 0.572998 0.646729 0.008301 0.007324
0 0.657715 0.648682 0.012695 0.014160
0 0.406250 0.456787 0.006836 0.006348
0 0.181152 0.455566 0.015625 0.019531
0 0.487549 0.442383 0.011230 0.006836
0 0.624512 0.423828 0.011719 0.010742
0 0.611816 0.413330 0.015625 0.013184
0 0.379883 0.406738 0.007812 0.007812
0 0.080566 0.423584 0.036133 0.050293
0 0.199951 0.402832 0.018066 0.027344
0 0.781982 0.392822 0.009277 0.013184
0 0.682617 0.389893 0.011719 0.013184
0 0.949219 0.389893 0.008789 0.014160
0 0.545654 0.376953 0.010254 0.008789
0 0.326904 0.358398 0.010254 0.009766
0 0.140625 0.367920 0.023438 0.028809
0 0.616211 0.350586 0.014648 0.012695
0 0.089355 0.356201 0.016602 0.025879
0 0.050293 0.350586 0.018555 0.030273
0 0.596436 0.339355 0.012207 0.009766
0 0.688232 0.326660 0.011230 0.010742
0 0.131104 0.317871 0.018066 0.023438
0 0.259766 0.302490 0.007812 0.007324
0 0.646729 0.283203 0.012207 0.011719
0 0.227783 0.267334 0.010254 0.009277
0 0.189453 0.240479 0.011719 0.012207
0 0.093018 0.278564 0.062988 0.101074
0 0.154053 0.225830 0.034668 0.030762
0 0.731445 0.146729 0.015625 0.013184
0 0.798828 0.105713 0.022461 0.018066