0 0.598389 0.783203 0.018066 0.013672
0 0.590332 0.736084 0.013672 0.008301
0 0.564209 0.614990 0.008301 0.006348
0 0.648926 0.614258 0.009766 0.012695
0 0.439209 0.425537 0.011230 0.008301
0 0.610596 0.390137 0.016113 0.011719
0 0.438477 0.382812 0.007812 0.006836
0 0.361328 0.383301 0.008789 0.009766
0 0.594971 0.379639 0.016113 0.011230
0 0.339844 0.362793 0.007812 0.008789
0 0.665771 0.354492 0.011230 0.011719
0 0.764893 0.354248 0.010254 0.013184
0 0.526855 0.347168 0.011719 0.007812
0 0.931152 0.344727 0.007812 0.008789
0 0.566650 0.341064 0.012207 0.008301
0 0.546143 0.327637 0.012207 0.009766
0 0.270752 0.315918 0.010254 0.009766
0 0.669189 0.290283 0.007324 0.007324
0 0.238770 0.283691 0.009766 0.010742
0 0.162842 0.227295 0.012207 0.014160
0 0.715332 0.090332 0.020508 0.013672