0 0.458984 0.972412 0.021484 0.008301
0 0.560059 0.886475 0.041016 0.021973
0 0.336670 0.818115 0.015137 0.011230
0 0.327637 0.735352 0.036133 0.035156
0 0.058838 0.690430 0.030762 0.035156
0 0.113770 0.672363 0.015625 0.030273
0 0.177490 0.650391 0.032715 0.041016
0 0.350098 0.599365 0.009766 0.010254
0 0.025879 0.608643 0.032227 0.048340
0 0.208496 0.591064 0.029297 0.027832
0 0.289551 0.512451 0.020508 0.020020
0 0.058594 0.519043 0.016602 0.037109
0 0.156982 0.504150 0.026855 0.037598
0 0.298096 0.462891 0.029785 0.020508
0 0.413574 0.438965 0.009766 0.007812
0 0.343994 0.430908 0.012207 0.014160
0 0.236084 0.434570 0.014160 0.021484
0 0.301025 0.392578 0.010254 0.013672
0 0.135010 0.406982 0.031738 0.043457
0 0.250488 0.387207 0.015625 0.026367
0 0.366943 0.361084 0.011230 0.010254
0 0.051514 0.378906 0.031738 0.048828
0 0.296387 0.356689 0.014648 0.016113
0 0.609131 0.342285 0.012207 0.009766
0 0.197754 0.350586 0.025391 0.026367
0 0.142578 0.332275 0.018555 0.023926
0 0.099854 0.329834 0.024902 0.027832
0 0.186768 0.293457 0.018066 0.030273
0 0.065430 0.295654 0.025391 0.035645
0 0.219971 0.253662 0.011230 0.012207
0 0.087646 0.239258 0.020020 0.023438
0 0.141113 0.492188 0.007812 0.016602
0 0.678223 0.260498 0.009766 0.008301
0 0.180176 0.232422 0.013672 0.014648