0 0.399414 0.966553 0.042969 0.026855
0 0.381592 0.842041 0.018066 0.011230
0 0.332764 0.751465 0.029785 0.053711
0 0.075684 0.708740 0.028320 0.046387
0 0.129639 0.694092 0.018066 0.030762
0 0.189941 0.667725 0.032227 0.040527
0 0.630859 0.643799 0.010742 0.009277
0 0.362549 0.613037 0.014160 0.014160
0 0.041016 0.627441 0.036133 0.045898
0 0.218506 0.607178 0.028809 0.028809
0 0.300049 0.524902 0.019043 0.020508
0 0.162598 0.523926 0.027344 0.035156
0 0.311035 0.471436 0.024414 0.022949
0 0.242432 0.453125 0.013184 0.017578
0 0.267822 0.424072 0.009277 0.012207
0 0.683594 0.415527 0.014648 0.016602
0 0.143799 0.421143 0.026855 0.041504
0 0.667969 0.402344 0.013672 0.011719
0 0.186523 0.400635 0.008789 0.015137
0 0.588379 0.395752 0.009766 0.008301
0 0.254883 0.396973 0.020508 0.026367
0 0.736816 0.379150 0.009766 0.012207
0 0.049561 0.389404 0.017090 0.032715
0 0.374756 0.372070 0.009277 0.008789
0 0.617920 0.352783 0.009277 0.008301
0 0.334961 0.350586 0.009766 0.009766
0 0.211426 0.353760 0.023438 0.024902
0 0.251465 0.338623 0.012695 0.014160
0 0.146484 0.342773 0.022461 0.037109
0 0.107178 0.341309 0.027832 0.039062
0 0.301758 0.322266 0.010742 0.011719
0 0.189941 0.314209 0.015625 0.020996
0 0.132568 0.307617 0.019043 0.028320
0 0.264160 0.292480 0.010742 0.012695
0 0.076172 0.307861 0.034180 0.061035
0 0.222168 0.282471 0.015625 0.017090
0 0.225586 0.267578 0.007812 0.009766
0 0.145020 0.278809 0.034180 0.039062
0 0.095947 0.260010 0.029785 0.027832
0 0.195068 0.258545 0.021973 0.038574
0 0.064209 0.409912 0.011230 0.022949
0 0.600098 0.370361 0.009766 0.010254