0 0.166748 0.858398 0.035645 0.050781
0 0.583740 0.804443 0.013184 0.007324
0 0.494385 0.796875 0.015137 0.007812
0 0.223389 0.729492 0.013184 0.014648
0 0.785889 0.710693 0.015137 0.018066
0 0.381836 0.617676 0.009766 0.009766
0 0.461182 0.611816 0.009277 0.005859
0 0.921631 0.616211 0.014160 0.033203
0 0.767090 0.585938 0.008789 0.011719
0 0.895996 0.569336 0.008789 0.017578
0 0.729248 0.561279 0.009277 0.013184
0 0.627930 0.550293 0.006836 0.008789
0 0.937256 0.508789 0.007324 0.016602
0 0.675293 0.486572 0.012695 0.016113
0 0.954834 0.483398 0.029785 0.038086
0 0.977295 0.445068 0.020996 0.041504
0 0.884277 0.407227 0.008789 0.016602
0 0.915527 0.381836 0.015625 0.030273
0 0.894775 0.325439 0.012207 0.020020