0 0.609375 0.931641 0.037109 0.027344
0 0.332031 0.861816 0.015625 0.011719
0 0.313965 0.782715 0.041992 0.049805
0 0.110840 0.702148 0.014648 0.021484
0 0.062500 0.709961 0.030273 0.041016
0 0.709717 0.681152 0.016113 0.016602
0 0.173340 0.681885 0.034180 0.041504
0 0.346924 0.640137 0.009277 0.009766
0 0.025146 0.630859 0.025879 0.046875
0 0.204834 0.620361 0.028809 0.029785
0 0.244629 0.560791 0.010742 0.014160
0 0.067627 0.562744 0.014160 0.024902
0 0.290527 0.551025 0.014648 0.015137
0 0.156494 0.553223 0.024902 0.040039
0 0.193604 0.538574 0.007324 0.018555
0 0.210449 0.515625 0.015625 0.029297
0 0.301270 0.510254 0.020508 0.022461
0 0.237061 0.483887 0.012207 0.018555
0 0.353271 0.459717 0.010254 0.012207
0 0.678955 0.456055 0.011230 0.012695
0 0.327393 0.456787 0.010254 0.014160
0 0.138428 0.457275 0.026855 0.039551
0 0.025391 0.448486 0.015625 0.032715
0 0.289551 0.430664 0.009766 0.014648
0 0.250488 0.434814 0.015625 0.021973
0 0.832275 0.418457 0.007324 0.009766
0 0.732422 0.418701 0.008789 0.014160
0 0.050293 0.429688 0.024414 0.052734
0 0.197754 0.398926 0.020508 0.024414
0 0.645996 0.370605 0.010742 0.008789
0 0.635010 0.369385 0.008301 0.008301
0 0.096924 0.374756 0.029785 0.034668
0 0.242432 0.362793 0.013184 0.017578
0 0.297607 0.354248 0.007324 0.008301
0 0.733887 0.350830 0.005859 0.006348
0 0.187256 0.345459 0.014160 0.020996
0 0.063477 0.348389 0.033203 0.041504
0 0.222412 0.302002 0.012207 0.015137
0 0.177002 0.298828 0.013184 0.017578
0 0.128174 0.338867 0.019043 0.034180
0 0.181396 0.279785 0.011230 0.014648
0 0.090088 0.281982 0.023926 0.032715
0 0.144775 0.311279 0.022949 0.046387
0 0.063477 0.453369 0.010742 0.020996