0 0.492432 0.954834 0.036621 0.017090
0 0.445801 0.935547 0.061523 0.012695
0 0.627686 0.783203 0.020996 0.014648
0 0.247803 0.759766 0.014160 0.012695
0 0.635498 0.577881 0.009277 0.010254
0 0.519287 0.360107 0.009277 0.007324
0 0.593018 0.354492 0.008301 0.006836
0 0.467773 0.352295 0.006836 0.006348
0 0.423340 0.349854 0.012695 0.010254
0 0.880615 0.347900 0.008301 0.010254
0 0.502441 0.345215 0.015625 0.011719
0 0.579346 0.343750 0.016113 0.010742
0 0.466553 0.341797 0.007324 0.006836
0 0.648926 0.316895 0.012695 0.010742
0 0.747559 0.316406 0.011719 0.013672
0 0.510986 0.311768 0.013184 0.008301
0 0.529541 0.292480 0.014160 0.009766
0 0.921631 0.291016 0.008301 0.009766
0 0.560059 0.270264 0.012695 0.007324
0 0.650391 0.252930 0.009766 0.007812
0 0.572998 0.249756 0.006348 0.006348
0 0.740723 0.073730 0.016602 0.011719