0 0.557129 0.796875 0.021484 0.014648
0 0.538818 0.743896 0.019043 0.012207
0 0.561768 0.667480 0.014160 0.009766
0 0.646973 0.669678 0.013672 0.014160
0 0.142578 0.607910 0.026367 0.033203
0 0.229736 0.535645 0.018066 0.021484
0 0.369385 0.506592 0.008301 0.011230
0 0.241943 0.483643 0.023926 0.022949
0 0.096924 0.507324 0.025879 0.077148
0 0.175049 0.461670 0.012207 0.020020
0 0.618652 0.444336 0.010742 0.008789
0 0.342529 0.415527 0.009277 0.009766
0 0.941406 0.411377 0.007812 0.011230
0 0.774414 0.412598 0.008789 0.013672
0 0.078125 0.428711 0.031250 0.047852
0 0.674561 0.409424 0.009277 0.013184
0 0.195068 0.407959 0.017090 0.024902
0 0.555176 0.378418 0.011719 0.008789
0 0.139404 0.372559 0.019043 0.029297
0 0.587891 0.357178 0.012695 0.010254
0 0.624023 0.354980 0.014648 0.010742
0 0.681641 0.343994 0.008789 0.009277
0 0.086914 0.351562 0.012695 0.027344
0 0.046143 0.347656 0.028809 0.040039
0 0.626709 0.316650 0.015137 0.014160
0 0.131592 0.320312 0.016113 0.024414
0 0.082520 0.297852 0.039062 0.061523
0 0.918701 0.251709 0.010254 0.013184
0 0.714600 0.176758 0.017090 0.013672
0 0.780518 0.132812 0.023926 0.019531
0 0.630615 0.298340 0.010254 0.008789