0 0.310059 0.882812 0.018555 0.010742
0 0.269043 0.748047 0.014648 0.011719
0 0.234619 0.655029 0.036621 0.046387
0 0.637451 0.557617 0.011230 0.012695
0 0.035645 0.562988 0.018555 0.050781
0 0.097656 0.557617 0.027344 0.060547
0 0.272949 0.515381 0.007812 0.015137
0 0.034180 0.500000 0.023438 0.029297
0 0.131104 0.492920 0.027832 0.062012
0 0.948486 0.468750 0.010254 0.027344
0 0.218506 0.440186 0.008301 0.014160
0 0.297607 0.402832 0.010254 0.014648
0 0.222168 0.411377 0.020508 0.039551
0 0.953125 0.402344 0.010742 0.022461
0 0.080811 0.410645 0.027832 0.040039
0 0.517578 0.337646 0.011719 0.010254
0 0.056152 0.348877 0.029297 0.031738
0 0.162842 0.334717 0.027832 0.030762
0 0.464844 0.321045 0.006836 0.005371
0 0.587646 0.323730 0.034668 0.023438
0 0.089355 0.312988 0.009766 0.016602
0 0.187744 0.298828 0.016113 0.020508
0 0.647461 0.293457 0.014648 0.012695
0 0.750244 0.290527 0.010254 0.011719
0 0.056396 0.284180 0.017090 0.024414
0 0.114258 0.287598 0.026367 0.040039
0 0.524902 0.269287 0.017578 0.009277
0 0.554443 0.247559 0.012207 0.007812
0 0.097656 0.250244 0.022461 0.032715
0 0.836426 0.232666 0.005859 0.006348
0 0.649658 0.226807 0.010254 0.008301
0 0.114746 0.203125 0.010742 0.012695
0 0.816650 0.143555 0.025879 0.022461
0 0.466797 0.331543 0.006836 0.005859