0 0.458008 0.974854 0.030273 0.010254
0 0.570557 0.883789 0.037598 0.031250
0 0.340332 0.823242 0.019531 0.012695
0 0.328369 0.738525 0.036621 0.037598
0 0.059570 0.686035 0.031250 0.041992
0 0.113281 0.674805 0.016602 0.026367
0 0.177490 0.652100 0.030762 0.040527
0 0.631104 0.630371 0.005371 0.005859
0 0.350098 0.600342 0.009766 0.010254
0 0.029541 0.607422 0.035645 0.051758
0 0.208740 0.591064 0.027832 0.030762
0 0.289062 0.514404 0.021484 0.019043
0 0.057861 0.515869 0.018066 0.038574
0 0.154053 0.503662 0.028809 0.038574
0 0.300781 0.469482 0.025391 0.020020
0 0.411621 0.441650 0.009766 0.008301
0 0.235596 0.443848 0.014160 0.019531
0 0.342773 0.436035 0.011719 0.014648
0 0.134277 0.416504 0.032227 0.042969
0 0.299561 0.398682 0.011230 0.017090
0 0.399658 0.389404 0.008301 0.007324
0 0.249023 0.394775 0.016602 0.021973
0 0.050293 0.386475 0.030273 0.043457
0 0.588135 0.362793 0.010254 0.009766
0 0.291260 0.361572 0.010254 0.010254
0 0.197998 0.356201 0.026855 0.034668
0 0.607422 0.342529 0.010742 0.008301
0 0.328613 0.343506 0.011719 0.012207
0 0.097412 0.342285 0.023926 0.026367
0 0.140381 0.342285 0.017090 0.028320
0 0.637695 0.320557 0.013672 0.013184
0 0.293701 0.316162 0.010254 0.011230
0 0.185791 0.305908 0.017090 0.022949
0 0.064209 0.310059 0.026855 0.038086
0 0.257324 0.285156 0.007812 0.006836
0 0.162842 0.261719 0.016113 0.017578
0 0.136475 0.282959 0.045410 0.070801
0 0.085449 0.250488 0.020508 0.026367
0 0.176758 0.243164 0.015625 0.017578
0 0.685791 0.267090 0.014160 0.012695
0 0.675781 0.260498 0.007812 0.007324
0 0.218750 0.261719 0.009766 0.008789