0 0.474854 0.954102 0.061035 0.016602
0 0.416992 0.930908 0.076172 0.019043
0 0.615967 0.787354 0.016113 0.012207
0 0.258545 0.769775 0.014160 0.012207
0 0.631836 0.582031 0.011719 0.011719
0 0.513428 0.359375 0.009277 0.006836
0 0.599121 0.357178 0.017578 0.010254
0 0.461914 0.353760 0.006836 0.006348
0 0.417480 0.353027 0.012695 0.010742
0 0.460205 0.343262 0.007324 0.006836
0 0.496094 0.345215 0.015625 0.011719
0 0.582031 0.344727 0.017578 0.013672
0 0.752686 0.322266 0.013184 0.015625
0 0.652832 0.320068 0.012695 0.011230
0 0.503174 0.311279 0.013184 0.008301
0 0.921631 0.294922 0.009277 0.012695
0 0.521484 0.291260 0.014648 0.010254
0 0.550781 0.267822 0.012695 0.007324
0 0.563232 0.247559 0.006348 0.005859
0 0.747070 0.079346 0.012695 0.010254