0 0.602783 0.779785 0.032715 0.017578
0 0.597168 0.735107 0.018555 0.011230
0 0.644531 0.601318 0.012695 0.013184
0 0.412598 0.427246 0.011719 0.008789
0 0.599609 0.376221 0.015625 0.010254
0 0.582275 0.365234 0.016113 0.010742
0 0.540527 0.338867 0.013672 0.009766
0 0.652344 0.337158 0.010742 0.010254
0 0.510742 0.335449 0.011719 0.008789
0 0.751709 0.333008 0.008301 0.008789
0 0.529785 0.316162 0.014648 0.010254
0 0.560791 0.292725 0.011230 0.008301
0 0.688965 0.060791 0.022461 0.012207
0 0.382324 0.394043 0.009766 0.009766