0 0.202393 0.838379 0.032715 0.044922
0 0.529541 0.754150 0.011230 0.007324
0 0.074951 0.743164 0.032715 0.047852
0 0.252686 0.706543 0.010254 0.012695
0 0.109619 0.688721 0.028809 0.036621
0 0.150146 0.635010 0.013184 0.020020
0 0.816162 0.620850 0.011230 0.018066
0 0.197998 0.616211 0.021973 0.027344
0 0.062012 0.601318 0.024414 0.038574
0 0.402344 0.584473 0.005859 0.006836
0 0.734863 0.565430 0.006836 0.008789
0 0.214355 0.561768 0.022461 0.032715
0 0.937012 0.513428 0.012695 0.035645
0 0.746338 0.502930 0.007324 0.015625
0 0.644531 0.498291 0.007812 0.011230
0 0.913330 0.498047 0.006348 0.022461
0 0.724365 0.455566 0.012207 0.017578
0 0.967529 0.409912 0.022949 0.026855
0 0.978027 0.360107 0.004883 0.006348
0 0.891357 0.342041 0.012207 0.021973
0 0.917480 0.308838 0.017578 0.028809
0 0.889160 0.255615 0.008789 0.012207