0 0.600830 0.780762 0.020996 0.011719
0 0.595947 0.735352 0.012207 0.008789
0 0.647461 0.605225 0.011719 0.013184
0 0.419678 0.429932 0.010254 0.008301
0 0.382324 0.400146 0.005859 0.006348
0 0.424561 0.383301 0.008301 0.006836
0 0.600098 0.379395 0.016602 0.010742
0 0.583496 0.368164 0.015625 0.010742
0 0.290283 0.353271 0.009277 0.011230
0 0.511719 0.340332 0.007812 0.006836
0 0.653076 0.340576 0.013184 0.013184
0 0.546631 0.337158 0.014160 0.010254
0 0.753418 0.336914 0.010742 0.013672
0 0.530518 0.319824 0.012207 0.007812
0 0.560059 0.296387 0.012695 0.007812
0 0.651611 0.275146 0.010254 0.009277
0 0.574463 0.274170 0.012207 0.008301
0 0.686279 0.066895 0.019043 0.012695