0 0.527100 0.874512 0.033691 0.015625
0 0.320557 0.794678 0.020996 0.015137
0 0.313477 0.716797 0.040039 0.046875
0 0.046875 0.659180 0.030273 0.035156
0 0.099854 0.641846 0.016113 0.042480
0 0.162842 0.623779 0.033691 0.039551
0 0.617920 0.609375 0.009277 0.009766
0 0.339111 0.574707 0.007324 0.009766
0 0.017090 0.580811 0.026367 0.063965
0 0.196533 0.561279 0.030762 0.032715
0 0.278076 0.488525 0.022949 0.021973
0 0.110352 0.475342 0.009766 0.017090
0 0.140381 0.476562 0.021973 0.026367
0 0.281250 0.437256 0.041992 0.023926
0 0.340088 0.416992 0.014160 0.014648
0 0.226318 0.410645 0.014160 0.020508
0 0.305908 0.379639 0.010254 0.013184
0 0.125977 0.380127 0.034180 0.038574
0 0.391357 0.362305 0.006348 0.005859
0 0.243896 0.358398 0.020020 0.026367
0 0.313477 0.351318 0.017578 0.020020
0 0.043213 0.350586 0.033691 0.041992
0 0.190674 0.325439 0.025879 0.028809
0 0.323242 0.314453 0.008789 0.007812
0 0.290039 0.283691 0.008789 0.006836
0 0.127441 0.300049 0.031250 0.042480
0 0.063965 0.273926 0.022461 0.032227
0 0.179443 0.269287 0.020020 0.024902
0 0.121094 0.264893 0.092773 0.105957
0 0.171631 0.210205 0.006348 0.009277
0 0.158691 0.227783 0.020508 0.022949